Accuracy,BalancedAccuracy,Recall,CohenKappa,Precision,GeometricMean,F1,Demographic_Parity,Disparate_Impact,Equal_Opportunity,Equalized_FPR,IndividualFairness,time
0.0,0.0,0.0,0.0,0.0,0.0,0.0,inf,inf,inf,inf,0.0,2026-03-11 12:53:31.485571
0.0,0.0,0.0,-1.0,0.0,0.0,0.0,1.0,1.0,inf,inf,0.0,2026-03-11 12:53:31.486029
0.0,0.0,0.0,-0.7999999999999999,0.0,0.0,0.0,0.5,1.0,0.0,inf,0.0,2026-03-11 12:53:31.486557
0.25,0.16666666666666666,0.3333333333333333,-0.5,0.5,0.0,0.4,0.0,0.0,0.5,inf,0.0,2026-03-11 12:53:31.490319
0.4,0.25,0.5,-0.36363636363636376,0.6666666666666666,0.0,0.5714285714285715,0.16666666666666663,0.25,0.0,inf,0.0,2026-03-11 12:53:31.490991
0.5,0.3,0.6,-0.28571428571428586,0.75,0.0,0.6666666666666665,0.25,0.33333333333333337,0.16666666666666663,inf,0.0,2026-03-11 12:53:31.491760
0.5714285714285714,0.3333333333333333,0.6666666666666666,-0.23529411764705913,0.8,0.0,0.7272727272727272,0.08333333333333337,0.11111111111111116,0.0,inf,0.0,2026-03-11 12:53:31.492569
0.625,0.35714285714285715,0.7142857142857143,-0.2,0.8333333333333334,0.0,0.7692307692307692,0.13333333333333341,0.16666666666666674,0.08333333333333337,inf,0.0,2026-03-11 12:53:31.496444
0.6666666666666666,0.375,0.75,-0.17391304347826084,0.8571428571428571,0.0,0.7999999999999999,0.16666666666666674,0.20000000000000007,0.13333333333333341,inf,0.0,2026-03-11 12:53:31.497383
0.7,0.3888888888888889,0.7777777777777778,-0.15384615384615447,0.875,0.0,0.823529411764706,0.19047619047619047,0.2222222222222222,0.16666666666666674,inf,0.0,2026-03-11 12:53:31.498343
0.6363636363636364,0.3888888888888889,0.7777777777777778,-0.22222222222222268,0.7777777777777778,0.0,0.7777777777777778,0.20833333333333337,0.23809523809523814,0.16666666666666674,inf,0.0,2026-03-11 12:53:31.502374
0.6666666666666666,0.4,0.8,-0.20000000000000057,0.8,0.0,0.8000000000000002,0.2222222222222222,0.25,0.19047619047619047,inf,0.0,2026-03-11 12:53:31.503451
0.6923076923076923,0.4090909090909091,0.8181818181818182,-0.1818181818181819,0.8181818181818182,0.0,0.8181818181818182,0.13888888888888884,0.15625,0.1071428571428571,inf,0.0,2026-03-11 12:53:31.504566
0.7142857142857143,0.4166666666666667,0.8333333333333334,-0.16666666666666635,0.8333333333333334,0.0,0.8333333333333334,0.0888888888888888,0.09999999999999987,0.05714285714285705,inf,0.0,2026-03-11 12:53:31.509220
0.7333333333333333,0.4230769230769231,0.8461538461538461,-0.1538461538461544,0.8461538461538461,0.0,0.8461538461538461,0.05555555555555547,0.06249999999999989,0.023809523809523725,inf,0.0,2026-03-11 12:53:31.510821
0.75,0.42857142857142855,0.8571428571428571,-0.14285714285714285,0.8571428571428571,0.0,0.8571428571428571,0.031746031746031744,0.0357142857142857,0.0,inf,0.0,2026-03-11 12:53:31.515563
0.7647058823529411,0.43333333333333335,0.8666666666666667,-0.1333333333333332,0.8666666666666667,0.0,0.8666666666666667,0.01388888888888884,0.015625,0.017857142857142905,inf,0.0,2026-03-11 12:53:31.520374
0.7777777777777778,0.4375,0.875,-0.125,0.875,0.0,0.875,0.025000000000000022,0.02777777777777779,0.0,inf,0.0,2026-03-11 12:53:31.522215
0.7368421052631579,0.4375,0.875,-0.14457831325301154,0.8235294117647058,0.0,0.8484848484848485,0.03409090909090906,0.03749999999999998,0.0,inf,0.0,2026-03-11 12:53:31.532916
0.75,0.4411764705882353,0.8823529411764706,-0.1363636363636365,0.8333333333333334,0.0,0.8571428571428571,0.04166666666666663,0.045454545454545414,0.01388888888888884,inf,0.0,2026-03-11 12:53:31.540932
0.7619047619047619,0.4444444444444444,0.8888888888888888,-0.12903225806451626,0.8421052631578947,0.0,0.8648648648648649,0.02777777777777779,0.030303030303030276,0.0,inf,0.0,2026-03-11 12:53:31.559044
0.7727272727272727,0.4473684210526316,0.8947368421052632,-0.12244897959183626,0.85,0.0,0.8717948717948718,0.016666666666666607,0.018181818181818077,0.011111111111111183,inf,0.0,2026-03-11 12:53:31.567792
0.782608695652174,0.45,0.9,-0.11650485436893139,0.8571428571428571,0.0,0.8780487804878048,0.023076923076923106,0.025000000000000022,0.0,inf,0.0,2026-03-11 12:53:31.574677
0.7916666666666666,0.4523809523809524,0.9047619047619048,-0.11111111111111065,0.8636363636363636,0.0,0.8837209302325582,0.013986013986014068,0.015151515151515249,0.009090909090909038,inf,0.0,2026-03-11 12:53:31.582415
0.8,0.45454545454545453,0.9090909090909091,-0.10619469026548672,0.8695652173913043,0.0,0.888888888888889,0.019480519480519543,0.020979020979021046,0.0,inf,0.0,2026-03-11 12:53:31.591442
0.7692307692307693,0.45454545454545453,0.9090909090909091,-0.11428571428571377,0.8333333333333334,0.0,0.8695652173913043,0.011904761904761973,0.012820512820512886,0.0,0.0,0.0,2026-03-11 12:53:31.602542
0.7777777777777778,0.45652173913043476,0.9130434782608695,-0.10958904109589028,0.84,0.0,0.8749999999999999,0.005494505494505475,0.00591715976331364,0.007575757575757569,0.0,0.0,2026-03-11 12:53:31.728875
0.7857142857142857,0.4583333333333333,0.9166666666666666,-0.10526315789473696,0.8461538461538461,0.0,0.8799999999999999,0.0,0.0,0.013986013986014068,0.0,0.0,2026-03-11 12:53:31.734217
0.7931034482758621,0.46,0.92,-0.1012658227848094,0.8518518518518519,0.0,0.8846153846153846,-0.004761904761904745,-0.00512820512820511,0.019480519480519543,0.0,0.0,2026-03-11 12:53:31.735491
0.8,0.46153846153846156,0.9230769230769231,-0.09756097560975548,0.8571428571428571,0.0,0.888888888888889,-0.008928571428571397,-0.009615384615384581,0.024242424242424288,0.0,0.0,2026-03-11 12:53:31.739837
0.8064516129032258,0.46296296296296297,0.9259259259259259,-0.0941176470588239,0.8620689655172413,0.0,0.8928571428571429,-0.004166666666666652,-0.004464285714285587,0.01666666666666672,0.0,0.0,2026-03-11 12:53:31.741229
0.8125,0.4642857142857143,0.9285714285714286,-0.09090909090909091,0.8666666666666667,0.0,0.896551724137931,0.0,0.0,0.01025641025641022,0.0,0.0,2026-03-11 12:53:31.745654
0.8181818181818182,0.46551724137931033,0.9310344827586207,-0.08791208791208842,0.8709677419354839,0.0,0.9,0.003676470588235281,0.00390625,0.004761904761904745,0.0,0.0,2026-03-11 12:53:31.747212
0.8235294117647058,0.4666666666666667,0.9333333333333333,-0.08510638297872332,0.875,0.0,0.9032258064516129,0.0,0.0,0.008928571428571397,0.0,0.0,2026-03-11 12:53:31.751777
0.8285714285714286,0.46774193548387094,0.9354838709677419,-0.08247422680412253,0.8787878787878788,0.0,0.90625,-0.0032679738562091387,-0.003472222222222321,0.012605042016806678,0.0,0.0,2026-03-11 12:53:31.763292
0.8333333333333334,0.46875,0.9375,-0.07999999999999963,0.8823529411764706,0.0,0.9090909090909091,-0.006191950464396245,-0.006578947368421018,0.015873015873015817,0.0,0.0,2026-03-11 12:53:31.765384
0.8378378378378378,0.4696969696969697,0.9393939393939394,-0.07766990291262162,0.8857142857142857,0.0,0.9117647058823529,-0.008823529411764675,-0.009374999999999911,0.018796992481202923,0.0,0.0,2026-03-11 12:53:31.770541
0.8421052631578947,0.47058823529411764,0.9411764705882353,-0.07547169811320756,0.8888888888888888,0.0,0.9142857142857143,-0.011204481792717047,-0.011904761904761862,0.021428571428571352,0.0,0.0,2026-03-11 12:53:31.830671
0.8461538461538461,0.4714285714285714,0.9428571428571428,-0.07339449541284387,0.8918918918918919,0.0,0.9166666666666667,-0.013368983957219305,-0.014204545454545414,0.023809523809523725,0.0,0.0,2026-03-11 12:53:31.839045
0.85,0.4722222222222222,0.9444444444444444,-0.07142857142857148,0.8947368421052632,0.0,0.918918918918919,-0.01534526854219953,-0.016304347826086918,0.025974025974025983,0.0,0.0,2026-03-11 12:53:31.840520
0.8536585365853658,0.47297297297297297,0.9459459459459459,-0.0695652173913042,0.8974358974358975,0.0,0.9210526315789475,-0.01715686274509809,-0.01822916666666674,0.02795031055900621,0.0,0.0,2026-03-11 12:53:31.848861
0.8571428571428571,0.47368421052631576,0.9473684210526315,-0.067796610169491,0.9,0.0,0.9230769230769231,-0.018823529411764683,-0.020000000000000018,0.029761904761904767,0.0,0.0,2026-03-11 12:53:31.850446
0.8604651162790697,0.47435897435897434,0.9487179487179487,-0.06611570247933803,0.9024390243902439,0.0,0.9249999999999999,-0.020361990950226283,-0.02163461538461542,0.03142857142857136,0.0,0.0,2026-03-11 12:53:31.858134
0.8636363636363636,0.475,0.95,-0.06451612903225784,0.9047619047619048,0.0,0.9268292682926829,-0.02178649237472763,-0.02314814814814814,0.03296703296703296,0.0,0.0,2026-03-11 12:53:31.866257
0.8666666666666667,0.47560975609756095,0.9512195121951219,-0.0629921259842522,0.9069767441860465,0.0,0.9285714285714286,-0.01851851851851849,-0.019607843137254832,0.028205128205128216,0.0,0.0,2026-03-11 12:53:31.868150
0.8478260869565217,0.47560975609756095,0.9512195121951219,-0.06622516556291458,0.8863636363636364,0.0,0.9176470588235294,-0.015594541910331383,-0.016460905349794164,0.028205128205128216,0.0,0.0,2026-03-11 12:53:31.875803
0.851063829787234,0.47619047619047616,0.9523809523809523,-0.06472491909385135,0.8888888888888888,0.0,0.9195402298850575,-0.016917293233082775,-0.017857142857143016,0.02962962962962956,0.0,0.0,2026-03-11 12:53:31.883969
0.8541666666666666,0.47674418604651164,0.9534883720930233,-0.06329113924050736,0.8913043478260869,0.0,0.9213483146067417,-0.014285714285714346,-0.015037593984962516,0.02546296296296291,0.0,0.0,2026-03-11 12:53:31.898545
0.8571428571428571,0.4772727272727273,0.9545454545454546,-0.06191950464396329,0.8936170212765957,0.0,0.9230769230769231,-0.011904761904761973,-0.012500000000000178,0.02178649237472763,0.0,0.0,2026-03-11 12:53:31.955846
0.86,0.4777777777777778,0.9555555555555556,-0.060606060606060656,0.8958333333333334,0.0,0.924731182795699,-0.009740259740259716,-0.010204081632652962,0.01851851851851849,0.0,0.0,2026-03-11 12:53:31.959993
0.8627450980392157,0.4782608695652174,0.9565217391304348,-0.05934718100890145,0.8979591836734694,0.0,0.9263157894736843,-0.00776397515527949,-0.008116883116883189,0.015594541910331383,0.0,0.0,2026-03-11 12:53:31.961159
0.8653846153846154,0.4787234042553192,0.9574468085106383,-0.05813953488372172,0.9,0.0,0.9278350515463918,-0.008995502248875575,-0.00940438871473348,0.016917293233082775,0.0,0.0,2026-03-11 12:53:31.965339
0.8490566037735849,0.4787234042553192,0.9574468085106383,-0.0599999999999995,0.8823529411764706,0.0,0.9183673469387754,-0.010144927536231862,-0.010606060606060508,0.016917293233082775,0.0,0.0,2026-03-11 12:53:31.966629
0.8333333333333334,0.4787234042553192,0.9574468085106383,-0.06113537117903802,0.8653846153846154,0.0,0.9090909090909091,-0.008333333333333304,-0.008695652173912993,0.016917293233082775,0.0,0.0,2026-03-11 12:53:31.967946
0.8181818181818182,0.4787234042553192,0.9574468085106383,-0.06177606177606078,0.8490566037735849,0.0,0.9,-0.00666666666666671,-0.00694444444444442,0.016917293233082775,0.0,0.0,2026-03-11 12:53:31.972318
0.8214285714285714,0.4791666666666667,0.9583333333333334,-0.06060606060605997,0.8518518518518519,0.0,0.9019607843137256,-0.007741935483871032,-0.008064516129032251,0.01814882032667886,0.0,0.0,2026-03-11 12:53:31.973647
0.8245614035087719,0.47959183673469385,0.9591836734693877,-0.059479553903345125,0.8545454545454545,0.0,0.9038461538461537,-0.008750000000000036,-0.009114583333333481,0.019298245614035148,0.0,0.0,2026-03-11 12:53:31.978072
0.8275862068965517,0.48,0.96,-0.05839416058394155,0.8571428571428571,0.0,0.9056603773584904,-0.007211538461538436,-0.007500000000000062,0.01666666666666672,0.0,0.0,2026-03-11 12:53:31.982355
0.8135593220338984,0.48,0.96,-0.05872756933115824,0.8421052631578947,0.0,0.8971962616822429,-0.00815850815850816,-0.00848484848484854,0.01666666666666672,0.0,0.0,2026-03-11 12:53:31.985377
0.8166666666666667,0.4803921568627451,0.9607843137254902,-0.057692307692307744,0.8448275862068966,0.0,0.8990825688073395,-0.009049773755656076,-0.00941176470588223,0.01774193548387104,0.0,0.0,2026-03-11 12:53:31.997928
0.8032786885245902,0.47115384615384615,0.9423076923076923,-0.07964601769911488,0.8448275862068966,0.0,0.890909090909091,0.018681318681318726,0.01942857142857146,0.012499999999999956,0.0,0.0,2026-03-11 12:53:32.004018
0.8064516129032258,0.4716981132075472,0.9433962264150944,-0.0782608695652174,0.847457627118644,0.0,0.8928571428571428,0.02010582010582007,0.020879120879120805,0.014880952380952328,0.0,0.0,2026-03-11 12:53:32.012674
0.8095238095238095,0.4722222222222222,0.9444444444444444,-0.07692307692307634,0.85,0.0,0.8947368421052632,0.021428571428571463,0.022222222222222254,0.017045454545454586,0.0,0.0,2026-03-11 12:53:32.018893
0.8125,0.4727272727272727,0.9454545454545454,-0.07563025210084033,0.8524590163934426,0.0,0.8965517241379309,0.019841269841269882,0.020576131687242816,0.015151515151515138,0.0,0.0,2026-03-11 12:53:32.029748
0.8153846153846154,0.4732142857142857,0.9464285714285714,-0.07438016528925707,0.8548387096774194,0.0,0.8983050847457628,0.021072796934865967,0.02182539682539686,0.017127799736495364,0.0,0.0,2026-03-11 12:53:32.036415
0.8181818181818182,0.47368421052631576,0.9473684210526315,-0.07317073170731754,0.8571428571428571,0.0,0.9,0.019571295433364444,0.020270270270270285,0.01534526854219953,0.0,0.0,2026-03-11 12:53:32.043041
0.8208955223880597,0.47413793103448276,0.9482758620689655,-0.07199999999999968,0.859375,0.0,0.9016393442622951,0.01814882032667886,0.018796992481203145,0.013664596273291973,0.0,0.0,2026-03-11 12:53:32.049809
0.8088235294117647,0.47413793103448276,0.9482758620689655,-0.07281553398058273,0.8461538461538461,0.0,0.894308943089431,0.019298245614035148,0.019963702359346747,0.013664596273291973,0.0,0.0,2026-03-11 12:53:32.059775
0.7971014492753623,0.4661016949152542,0.9322033898305084,-0.09029345372460489,0.8461538461538461,0.0,0.8870967741935484,0.043589743589743546,0.0450928381962864,0.03985507246376818,0.0,0.0,2026-03-11 12:53:32.071196
0.7857142857142857,0.4661016949152542,0.9322033898305084,-0.09147609147609143,0.8333333333333334,0.0,0.8800000000000001,0.04166666666666663,0.04310344827586199,0.03985507246376818,0.0,0.0,2026-03-11 12:53:32.079387
0.7746478873239436,0.4583333333333333,0.9166666666666666,-0.10721247563352773,0.8333333333333334,0.0,0.8730158730158729,0.06422764227642275,0.06644238856181661,0.06462984723854293,0.0,0.0,2026-03-11 12:53:32.094441
0.7638888888888888,0.4583333333333333,0.9166666666666666,-0.10869565217391355,0.8208955223880597,0.0,0.8661417322834646,0.06190476190476191,0.0640394088669951,0.06462984723854293,0.0,0.0,2026-03-11 12:53:32.103928
0.7534246575342466,0.4583333333333333,0.9166666666666666,-0.10979729729729652,0.8088235294117647,0.0,0.859375,0.06298003072196623,0.06507936507936507,0.06462984723854293,0.0,0.0,2026-03-11 12:53:32.120463
0.7567567567567568,0.45901639344262296,0.9180327868852459,-0.10815307820299477,0.8115942028985508,0.0,0.8615384615384616,0.06076519129782454,0.0627906976744187,0.06178489702517165,0.0,0.0,2026-03-11 12:53:32.146224
0.76,0.4596774193548387,0.9193548387096774,-0.10655737704918018,0.8142857142857143,0.0,0.8636363636363636,0.058651026392961936,0.06060606060606066,0.059085841694537344,0.0,0.0,2026-03-11 12:53:32.156978
0.7631578947368421,0.4603174603174603,0.9206349206349206,-0.10500807754442698,0.8169014084507042,0.0,0.8656716417910447,0.0566308243727599,0.058518518518518525,0.05652173913043479,0.0,0.0,2026-03-11 12:53:32.167941
0.7662337662337663,0.4609375,0.921875,-0.10350318471337538,0.8194444444444444,0.0,0.8676470588235294,0.057638888888888906,0.05949820788530469,0.05833333333333335,0.0,0.0,2026-03-11 12:53:32.175882
0.7564102564102564,0.4609375,0.921875,-0.10432190760059597,0.8082191780821918,0.0,0.8613138686131386,0.05858585858585863,0.060416666666666674,0.05833333333333335,0.0,0.0,2026-03-11 12:53:32.186977
0.759493670886076,0.46153846153846156,0.9230769230769231,-0.10286554004408557,0.8108108108108109,0.0,0.8633093525179857,0.05947712418300655,0.06127946127946127,0.05999999999999994,0.0,0.0,2026-03-11 12:53:32.204837
0.7625,0.4621212121212121,0.9242424242424242,-0.10144927536231928,0.8133333333333334,0.0,0.8652482269503545,0.060317460317460325,0.06209150326797386,0.06153846153846154,0.0,0.0,2026-03-11 12:53:32.216231
0.7654320987654321,0.4626865671641791,0.9253731343283582,-0.10007147962830601,0.8157894736842105,0.0,0.8671328671328671,0.05838509316770191,0.06010230179028142,0.05909943714821764,0.0,0.0,2026-03-11 12:53:32.233672
0.7682926829268293,0.4632352941176471,0.9264705882352942,-0.098730606488011,0.8181818181818182,0.0,0.8689655172413794,0.056534954407294835,0.058197747183979964,0.0567765567765568,0.0,0.0,2026-03-11 12:53:32.252049
0.7590361445783133,0.45652173913043476,0.9130434782608695,-0.11260053619302987,0.8181818181818182,0.0,0.863013698630137,0.029550827423167836,0.03128911138923651,0.021164021164021163,0.0,0.0,2026-03-11 12:53:32.269817
0.75,0.45,0.9,-0.1249999999999995,0.8181818181818182,0.0,0.8571428571428572,0.004025301897642386,0.004380475594493172,0.011904761904761862,0.0,0.0,2026-03-11 12:53:32.291843
0.7529411764705882,0.4507042253521127,0.9014084507042254,-0.1233480176211459,0.8205128205128205,0.0,0.8590604026845639,0.0022522522522523403,0.002450980392156965,0.014119601328903553,0.0,0.0,2026-03-11 12:53:32.304001
0.7558139534883721,0.4513888888888889,0.9027777777777778,-0.12173913043478235,0.8227848101265823,0.0,0.8609271523178809,0.004385964912280715,0.004761904761904745,0.010425020048115408,0.0,0.0,2026-03-11 12:53:32.316257
0.7586206896551724,0.4520547945205479,0.9041095890410958,-0.12017167381974296,0.825,0.0,0.8627450980392157,0.0064102564102564985,0.006944444444444531,0.006976744186046435,0.0,0.0,2026-03-11 12:53:32.328520
0.7613636363636364,0.4527027027027027,0.9054054054054054,-0.11864406779661023,0.8271604938271605,0.0,0.864516129032258,0.004709576138147598,0.005102040816326592,0.009090909090909038,0.0,0.0,2026-03-11 12:53:32.340856
0.7528089887640449,0.44666666666666666,0.8933333333333333,-0.129181084198385,0.8271604938271605,0.0,0.858974358974359,-0.01836734693877551,-0.020408163265306145,0.038123167155425186,0.0,0.0,2026-03-11 12:53:32.363218
0.7444444444444445,0.4407894736842105,0.881578947368421,-0.13861386138613851,0.8271604938271605,0.0,0.8535031847133758,-0.04031856645097065,-0.04591836734693877,0.06534090909090906,0.0,0.0,2026-03-11 12:53:32.375893
0.7472527472527473,0.44155844155844154,0.8831168831168831,-0.13688212927756668,0.8292682926829268,0.0,0.8553459119496856,-0.0374149659863946,-0.04247104247104261,0.06060606060606055,0.0,0.0,2026-03-11 12:53:32.391684
0.75,0.4423076923076923,0.8846153846153846,-0.13519313304721034,0.8313253012048193,0.0,0.8571428571428571,-0.034646416706217376,-0.03920515574650918,0.05614973262032086,0.0,0.0,2026-03-11 12:53:32.404583
0.7526881720430108,0.4430379746835443,0.8860759493670886,-0.13354531001589798,0.8333333333333334,0.0,0.8588957055214723,-0.03200371057513918,-0.036106750392464804,0.051948051948051965,0.0,0.0,2026-03-11 12:53:33.103461
0.7553191489361702,0.44375,0.8875,-0.1319371727748686,0.8352941176470589,0.0,0.8606060606060607,-0.02947845804988669,-0.03316326530612246,0.0479797979797979,0.0,0.0,2026-03-11 12:53:33.104828
0.7578947368421053,0.4444444444444444,0.8888888888888888,-0.1303673047077082,0.8372093023255814,0.0,0.8622754491017963,-0.027062999112688613,-0.03036336485813851,0.04422604422604415,0.0,0.0,2026-03-11 12:53:33.115206
0.7604166666666666,0.4451219512195122,0.8902439024390244,-0.12883435582822084,0.8390804597701149,0.0,0.8639053254437871,-0.02475032566217983,-0.0276967930029155,0.04066985645933008,0.0,0.0,2026-03-11 12:53:33.116584
0.7628865979381443,0.4457831325301205,0.891566265060241,-0.12733703890853953,0.8409090909090909,0.0,0.8654970760233919,-0.02253401360544216,-0.025154247745609926,0.037296037296037254,0.0,0.0,2026-03-11 12:53:33.117998
0.7653061224489796,0.44642857142857145,0.8928571428571429,-0.12587412587412583,0.8426966292134831,0.0,0.8670520231213873,-0.020408163265306145,-0.022727272727272707,0.03409090909090906,0.0,0.0,2026-03-11 12:53:33.125551
0.7575757575757576,0.44642857142857145,0.8928571428571429,-0.1282051282051285,0.8333333333333334,0.0,0.8620689655172413,-0.022040816326530654,-0.024545454545454648,0.03409090909090906,0.0,0.0,2026-03-11 12:53:33.127128
0.76,0.4470588235294118,0.8941176470588236,-0.12676056338028124,0.8351648351648352,0.0,0.8636363636363636,-0.023609443777510952,-0.026292335115864374,0.036111111111111094,0.0,0.0,2026-03-11 12:53:33.133053
0.7623762376237624,0.4476744186046512,0.8953488372093024,-0.12534818941504178,0.8369565217391305,0.0,0.8651685393258426,-0.025117739403453743,-0.027972027972028135,0.03804347826086951,0.0,0.0,2026-03-11 12:53:33.138753
0.7647058823529411,0.4482758620689655,0.896551724137931,-0.12396694214876064,0.8387096774193549,0.0,0.8666666666666666,-0.023076923076923106,-0.025641025641025772,0.03499469777306463,0.0,0.0,2026-03-11 12:53:33.161412
0.7669902912621359,0.44886363636363635,0.8977272727272727,-0.12261580381471424,0.8404255319148937,0.0,0.8681318681318682,-0.024528301886792447,-0.027253668763102645,0.0368448365334717,0.0,0.0,2026-03-11 12:53:33.163659
0.7692307692307693,0.449438202247191,0.898876404494382,-0.12129380053908273,0.8421052631578947,0.0,0.8695652173913043,-0.025925925925925908,-0.028806584362139898,0.03861788617886175,0.0,0.0,2026-03-11 12:53:33.169451
0.7714285714285715,0.45,0.9,-0.1199999999999998,0.84375,0.0,0.870967741935484,-0.023965141612200425,-0.02657004830917864,0.0357142857142857,0.0,0.0,2026-03-11 12:53:33.177808
0.7735849056603774,0.45054945054945056,0.9010989010989011,-0.11873350923482806,0.845360824742268,0.0,0.8723404255319148,-0.022079772079772075,-0.024428684003152012,0.032945736434108475,0.0,0.0,2026-03-11 12:53:33.186278
0.7663551401869159,0.45054945054945056,0.9010989010989011,-0.12065354000837841,0.8367346938775511,0.0,0.8677248677248677,-0.023426573426573394,-0.025918762088974923,0.032945736434108475,0.0,0.0,2026-03-11 12:53:33.194917
0.7685185185185185,0.45108695652173914,0.9021739130434783,-0.11940298507462684,0.8383838383838383,0.0,0.869109947643979,-0.02472527472527475,-0.02735562310030404,0.034646416706217376,0.0,0.0,2026-03-11 12:53:33.203516
0.7706422018348624,0.45161290322580644,0.9032258064516129,-0.11817808781288489,0.84,0.0,0.8704663212435233,-0.02597840755735492,-0.028742067935797033,0.036279069767441885,0.0,0.0,2026-03-11 12:53:33.213130
0.7727272727272727,0.4521276595744681,0.9042553191489362,-0.1169780666125101,0.8415841584158416,0.0,0.8717948717948718,-0.027188328912466808,-0.03008070432868659,0.03784769721842218,0.0,0.0,2026-03-11 12:53:33.222690
0.7747747747747747,0.45263157894736844,0.9052631578947369,-0.1158021712907127,0.8431372549019608,0.0,0.8730964467005077,-0.02835723598435458,-0.03137396321673269,0.03935599284436497,0.0,0.0,2026-03-11 12:53:33.232379
0.7767857142857143,0.453125,0.90625,-0.11464968152866242,0.8446601941747572,0.0,0.8743718592964823,-0.026543012472017846,-0.029307909604519677,0.036713286713286775,0.0,0.0,2026-03-11 12:53:33.242174
0.7787610619469026,0.4536082474226804,0.9072164948453608,-0.11351990540007931,0.8461538461538461,0.0,0.8756218905472636,-0.02767295597484276,-0.030555555555555447,0.038164665523156116,0.0,0.0,2026-03-11 12:53:33.248934
0.7807017543859649,0.48302001212856277,0.9072164948453608,-0.04090577063549995,0.8461538461538461,0.2310101213526675,0.8756218905472636,-0.012372409526755335,-0.013661202185792254,0.038164665523156116,0.125,0.0,2026-03-11 12:53:33.260209
0.782608695652174,0.4834933973589436,0.9081632653061225,-0.03978300180831767,0.8476190476190476,0.2311306309155473,0.876847290640394,-0.013694461351186793,-0.015120967741935498,0.039562289562289576,0.125,0.0,2026-03-11 12:53:33.267243
0.7844827586206896,0.4839572192513369,0.9090909090909091,-0.03868194842406958,0.8490566037735849,0.23124864503144013,0.8780487804878049,-0.014974543276429997,-0.0165343915343914,0.040909090909090895,0.125,0.0,2026-03-11 12:53:33.274394
0.7863247863247863,0.4844117647058824,0.91,-0.037601986520042534,0.8504672897196262,0.23136424046231926,0.8792270531400966,-0.016214622641509413,-0.01790364583333326,0.04220779220779225,0.125,0.0,2026-03-11 12:53:33.284656
0.788135593220339,0.4848573092603378,0.9108910891089109,-0.03654251581166589,0.8518518518518519,0.23147749085194524,0.8803827751196173,-0.01741654571843254,-0.019230769230769162,0.04346092503987242,0.125,0.0,2026-03-11 12:53:33.291950
0.7899159663865546,0.4852941176470588,0.9117647058823529,-0.03550295857988193,0.8532110091743119,0.2315884668827003,0.8815165876777251,-0.015669515669515688,-0.017268445839874413,0.040935672514619936,0.125,0.0,2026-03-11 12:53:33.303757
0.7916666666666666,0.48572244431753286,0.912621359223301,-0.034482758620688954,0.8545454545454545,0.23169723642304524,0.8826291079812206,-0.01683501683501676,-0.018552875695732718,0.04214559386973182,0.125,0.0,2026-03-11 12:53:33.314341
0.7933884297520661,0.4861425339366516,0.9134615384615384,-0.033481380252819236,0.8558558558558559,0.23180386466624783,0.8837209302325582,-0.015151515151515138,-0.016666666666666607,0.039730134932533745,0.125,0.0,2026-03-11 12:53:33.321970
0.7950819672131147,0.4865546218487395,0.9142857142857143,-0.032498307379824155,0.8571428571428571,0.23190841426097938,0.8847926267281105,-0.0135281385281385,-0.014854426619132388,0.03741746148202496,0.125,0.0,2026-03-11 12:53:33.332901
0.7967479674796748,0.4869589345172031,0.9150943396226415,-0.03153304260315335,0.8584070796460177,0.23201094543433046,0.8858447488584474,-0.014658848614072517,-0.016095990635059954,0.03858636855391273,0.125,0.0,2026-03-11 12:53:33.340728
0.7983870967741935,0.4873556899395272,0.9158878504672897,-0.030585106382979368,0.8596491228070176,0.2321115161077549,0.8868778280542987,-0.013092432573972301,-0.014351320321469574,0.03637005649717506,0.125,0.0,2026-03-11 12:53:33.357006
0.8,0.4877450980392157,0.9166666666666666,-0.029654036243822016,0.8608695652173913,0.232210182006412,0.8878923766816144,-0.014189886480908243,-0.015554298642534103,0.03749999999999998,0.125,0.0,2026-03-11 12:53:33.368317
0.8015873015873016,0.4881273610361576,0.9174311926605505,-0.028739386022207374,0.8620689655172413,0.2323069967623409,0.8888888888888888,-0.015255530129672068,-0.01672240802675584,0.03859289617486339,0.125,0.0,2026-03-11 12:53:33.376634
0.8031496062992126,0.48850267379679146,0.9181818181818182,-0.027840725153771492,0.8632478632478633,0.23240201201187086,0.8898678414096917,-0.01629072681704269,-0.017857142857143016,0.03965053763440851,0.125,0.0,2026-03-11 12:53:33.388048
0.8046875,0.48887122416534184,0.918918918918919,-0.026957637997432605,0.864406779661017,0.2324952774876386,0.8908296943231442,-0.017296763034346463,-0.018959913326110467,0.04067460317460314,0.125,0.0,2026-03-11 12:53:33.399569
0.8062015503875969,0.4892331932773109,0.9196428571428571,-0.026089723194399582,0.865546218487395,0.23258684110555822,0.8917748917748918,-0.015784361340456465,-0.017273452032952274,0.038548752834467126,0.125,0.0,2026-03-11 12:53:33.412946
0.8076923076923077,0.48958875585632483,0.9203539823008849,-0.025236593059937286,0.8666666666666667,0.23267674904706503,0.8927038626609441,-0.01432322750059678,-0.015649452269170583,0.03650793650793649,0.125,0.0,2026-03-11 12:53:33.427005
0.8015267175572519,0.48795476892822026,0.9203539823008849,-0.029625151148730138,0.859504132231405,0.22612115512373804,0.888888888888889,-0.012910798122065748,-0.014084507042253502,0.03650793650793649,0.125,0.0,2026-03-11 12:53:33.445021
0.803030303030303,0.48830409356725146,0.9210526315789473,-0.02877697841726648,0.860655737704918,0.226206964179432,0.8898305084745763,-0.01388888888888895,-0.015151515151515138,0.03749999999999998,0.125,0.0,2026-03-11 12:53:33.462956
0.8045112781954887,0.4886473429951691,0.9217391304347826,-0.027942925089179213,0.8617886178861789,0.2262912492090647,0.8907563025210083,-0.014840182648401812,-0.016189290161892966,0.038461538461538436,0.125,0.0,2026-03-11 12:53:34.388633
0.8059701492537313,0.48898467432950193,0.9224137931034483,-0.027122641509433446,0.8629032258064516,0.22637405047392103,0.8916666666666667,-0.015765765765765827,-0.017199017199017286,0.039393939393939426,0.125,0.0,2026-03-11 12:53:34.501476
0.8074074074074075,0.48931623931623935,0.9230769230769231,-0.02631578947368385,0.864,0.22645540682891913,0.8925619834710743,-0.01666666666666672,-0.0181818181818183,0.040298507462686595,0.125,0.0,2026-03-11 12:53:34.507834
0.8088235294117647,0.4896421845574388,0.923728813559322,-0.02552204176334162,0.8650793650793651,0.2265353557835119,0.8934426229508198,-0.015300546448087426,-0.016666666666666607,0.03833772314896111,0.125,0.0,2026-03-11 12:53:34.509192
0.8102189781021898,0.48996265172735765,0.9243697478991597,-0.024741081703106595,0.8661417322834646,0.22661393355944962,0.894308943089431,-0.01617773943054357,-0.017622180451127845,0.039215686274509776,0.125,0.0,2026-03-11 12:53:34.513591
0.8115942028985508,0.4902777777777778,0.925,-0.023972602739725443,0.8671875,0.22669117514559067,0.8951612903225807,-0.014855687606112111,-0.016158818097876226,0.037330316742081426,0.125,0.0,2026-03-11 12:53:34.514984
0.8129496402877698,0.4905876951331497,0.9256198347107438,-0.023216308040770402,0.8682170542635659,0.2267671143499358,0.896,-0.015710096355257663,-0.01708817498291193,0.03818283166109249,0.125,0.0,2026-03-11 12:53:34.519518
0.8142857142857143,0.49089253187613846,0.9262295081967213,-0.022471910112359824,0.8692307692307693,0.22684178384904718,0.8968253968253969,-0.016542597187758523,-0.017993702204228468,0.03901098901098898,0.125,0.0,2026-03-11 12:53:34.521010
0.8085106382978723,0.48943054357204485,0.9262295081967213,-0.026422216230789962,0.8625954198473282,0.22079157928697815,0.8932806324110673,-0.01526251526251532,-0.01657824933687002,0.03901098901098898,0.125,0.0,2026-03-11 12:53:34.525755
0.8098591549295775,0.4897304236200257,0.926829268292683,-0.025682182985553092,0.8636363636363636,0.2208630521496931,0.8941176470588236,-0.016073940124573083,-0.017459624618070713,0.039815817984832025,0.125,0.0,2026-03-11 12:53:34.527368
0.8111888111888111,0.49002546689303905,0.9274193548387096,-0.024953543934164997,0.8646616541353384,0.22093334965892095,0.8949416342412451,-0.016865079365079416,-0.018318965517241326,0.040598290598290565,0.125,0.0,2026-03-11 12:53:34.577259
0.8125,0.49031578947368426,0.928,-0.02423603793466795,0.8656716417910447,0.22100250058123297,0.8957528957528957,-0.015625,-0.016949152542372836,0.03878406708595383,0.125,0.0,2026-03-11 12:53:34.578395
0.8137931034482758,0.4906015037593985,0.9285714285714286,-0.023529411764705452,0.8666666666666667,0.22107053275171665,0.896551724137931,-0.016396604938271553,-0.017786147729650592,0.03954510209356421,0.125,0.0,2026-03-11 12:53:34.582598
0.815068493150685,0.4908827186075425,0.9291338582677166,-0.022833419823559107,0.8676470588235294,0.2211374731113891,0.8973384030418251,-0.017149390243902385,-0.018602728400165303,0.040285568587455356,0.125,0.0,2026-03-11 12:53:34.583823
0.8163265306122449,0.4911595394736842,0.9296875,-0.022147823847540906,0.8686131386861314,0.2212033477428214,0.89811320754717,-0.01788403614457834,-0.019399632428017233,0.04100628930817607,0.125,0.0,2026-03-11 12:53:34.588142
0.8108108108108109,0.48984375,0.9296875,-0.025742574257426064,0.8623188405797102,0.21560235388325427,0.8947368421052632,-0.016682113067655213,-0.01807228915662651,0.04100628930817607,0.125,0.0,2026-03-11 12:53:34.589552
0.8120805369127517,0.49011627906976746,0.9302325581395349,-0.025061425061424367,0.8633093525179856,0.21566554640687685,0.8955223880597015,-0.017399267399267337,-0.018849206349206282,0.04170804369414094,0.125,0.0,2026-03-11 12:53:34.594880
0.8133333333333334,0.4903846153846154,0.9307692307692308,-0.024390243902438564,0.8642857142857143,0.21572774865200245,0.8962962962962964,-0.016233766233766267,-0.01756440281030458,0.039961013645224086,0.125,0.0,2026-03-11 12:53:34.596942
0.8145695364238411,0.4906488549618321,0.9312977099236641,-0.023728813559322073,0.8652482269503546,0.21578898372294916,0.8970588235294118,-0.01510305614783225,-0.016321044546850905,0.038277511961722466,0.125,0.0,2026-03-11 12:53:34.602083
0.8157894736842105,0.4909090909090909,0.9318181818181818,-0.02307692307692348,0.8661971830985915,0.21584927401061393,0.8978102189781022,-0.015803336259877065,-0.017077798861480087,0.038961038961038974,0.125,0.0,2026-03-11 12:53:34.607295
0.8169934640522876,0.4911654135338346,0.9323308270676691,-0.02243436754176649,0.8671328671328671,0.21590864121980727,0.8985507246376812,-0.014705882352941124,-0.015873015873015817,0.037337662337662336,0.125,0.0,2026-03-11 12:53:34.612558
0.8181818181818182,0.49141791044776123,0.9328358208955224,-0.021800947867297756,0.8680555555555556,0.21596710639534006,0.8992805755395685,-0.01538987688098492,-0.01661129568106312,0.03800366300366298,0.125,0.0,2026-03-11 12:53:34.628720
0.8193548387096774,0.4916666666666667,0.9333333333333333,-0.02117647058823547,0.8689655172413793,0.21602468994692872,0.9,-0.01605814739688971,-0.017332603539500058,0.03865280289330919,0.125,0.0,2026-03-11 12:53:34.637503
0.8141025641025641,0.4904761904761905,0.9333333333333333,-0.02445652173913025,0.863013698630137,0.21081851067789198,0.896797153024911,-0.014992503748125885,-0.016163793103448176,0.03865280289330919,0.125,0.0,2026-03-11 12:53:34.645667
0.8152866242038217,0.4907212885154062,0.9338235294117647,-0.023836294130874593,0.8639455782312925,0.21087386541448405,0.8975265017667844,-0.01564558629776025,-0.016867897727272707,0.03928571428571426,0.125,0.0,2026-03-11 12:53:34.654599
0.8164556962025317,0.49096280848105667,0.9343065693430657,-0.023224653863331734,0.8648648648648649,0.21092839784234,0.8982456140350877,-0.016283992835043115,-0.01755617977528079,0.03990299823633159,0.125,0.0,2026-03-11 12:53:34.663659
0.8176100628930818,0.4912008281573499,0.9347826086956522,-0.022621423819028992,0.8657718120805369,0.210982126155122,0.8989547038327527,-0.016908212560386437,-0.01822916666666652,0.04050522648083621,0.125,0.0,2026-03-11 12:53:34.680292
0.81875,0.49143542309009935,0.935251798561151,-0.02202643171806167,0.8666666666666667,0.21103506801354932,0.8996539792387542,-0.015873015873015817,-0.017094017094017033,0.038938810440735994,0.125,0.0,2026-03-11 12:53:34.689673
0.8198757763975155,0.4916666666666667,0.9357142857142857,-0.0214395099540584,0.8675496688741722,0.2110872405647762,0.9003436426116839,-0.014866979655712043,-0.015993265993266004,0.037426408746845996,0.125,0.0,2026-03-11 12:53:34.699195
0.8148148148148148,0.49058441558441557,0.9357142857142857,-0.024451939291736693,0.8618421052631579,0.2062340115802133,0.8972602739726028,-0.01388888888888884,-0.014925373134328401,0.037426408746845996,0.125,0.0,2026-03-11 12:53:34.708870
0.8159509202453987,0.49081237911025144,0.9361702127659575,-0.02386934673366853,0.8627450980392157,0.2062842492517587,0.8979591836734694,-0.012937595129375978,-0.01388888888888884,0.03596527490698631,0.125,0.0,2026-03-11 12:53:34.718578
0.8109756097560976,0.4898242368177613,0.9361702127659575,-0.026655896607431236,0.8571428571428571,0.20174997578427284,0.8949152542372881,-0.012012012012011963,-0.012882447665056418,0.03596527490698631,0.125,0.0,2026-03-11 12:53:34.735062
0.8121212121212121,0.49004898958971216,0.9366197183098591,-0.02607823470411257,0.8580645161290322,0.20179840546509464,0.8956228956228957,-0.012622512622512572,-0.013537187450230803,0.03655299162752701,0.125,0.0,2026-03-11 12:53:34.741566
0.8132530120481928,0.49027059896625114,0.9370629370629371,-0.025508170585891648,0.8589743589743589,0.2018461464304517,0.8963210702341137,-0.013219741480611003,-0.01417769376181477,0.03712671509281673,0.125,0.0,2026-03-11 12:53:34.748182
0.8143712574850299,0.4904891304347826,0.9375,-0.024945555335577317,0.8598726114649682,0.2018932132718121,0.8970099667774086,-0.013804126707352538,-0.014804425744117111,0.03768693918245258,0.125,0.0,2026-03-11 12:53:34.754797
0.8095238095238095,0.4895833333333333,0.9375,-0.027522935779815624,0.8544303797468354,0.1976423537605237,0.8940397350993377,-0.014376078205865395,-0.015417823003391895,0.03768693918245258,0.11111111111111116,0.0,2026-03-11 12:53:34.764603
0.8106508875739645,0.4897988505747126,0.9379310344827586,-0.02696543866312161,0.8553459119496856,0.19768778356316039,0.8947368421052632,-0.01493598862019907,-0.016018306636155444,0.03823413480488769,0.11111111111111116,0.0,2026-03-11 12:53:34.771468
0.8117647058823529,0.4900114155251141,0.9383561643835616,-0.026415094339622434,0.85625,0.1977325808155594,0.8954248366013072,-0.014035087719298178,-0.015037593984962294,0.036821705426356655,0.11111111111111116,0.0,2026-03-11 12:53:34.777781
0.8128654970760234,0.49022108843537415,0.9387755102040817,-0.025871766029245884,0.8571428571428571,0.19777675864090655,0.8961038961038961,-0.014583333333333282,-0.015625,0.03735632183908044,0.11111111111111116,0.0,2026-03-11 12:53:34.784027
0.813953488372093,0.4904279279279279,0.9391891891891891,-0.025335320417287414,0.8580246913580247,0.19782032980177464,0.896774193548387,-0.015120274914089293,-0.016200294550809957,0.037878787878787956,0.11111111111111116,0.0,2026-03-11 12:53:35.053946
0.815028901734104,0.4906319910514541,0.9395973154362416,-0.024805627545353492,0.8588957055214724,0.19786330671242894,0.8974358974358976,-0.01424308193163315,-0.015246115870480637,0.036512667660208664,0.11111111111111116,0.0,2026-03-11 12:53:35.058546
0.8160919540229885,0.4908333333333333,0.94,-0.02428256070640093,0.8597560975609756,0.19790570145063194,0.8980891719745222,-0.013388673182487598,-0.014318442153493649,0.035190615835777206,0.11111111111111116,0.0,2026-03-11 12:53:35.070075
0.8171428571428572,0.49103200883002207,0.9403973509933775,-0.023765996343693037,0.8606060606060606,0.1979475257689709,0.8987341772151899,-0.013914656771799705,-0.01488095238095255,0.03570134106560352,0.11111111111111116,0.0,2026-03-11 12:53:35.075176
0.8125,0.4901986754966888,0.9403973509933775,-0.026148409893993526,0.8554216867469879,0.19394817359216124,0.8958990536277603,-0.01443001443001446,-0.015432098765432167,0.03570134106560352,0.09999999999999998,0.0,2026-03-11 12:53:35.077353
0.8135593220338984,0.49039473684210527,0.9407894736842105,-0.025636523266021855,0.8562874251497006,0.19398860519981176,0.896551724137931,-0.014935064935064912,-0.015972222222222276,0.03620071684587822,0.09999999999999998,0.0,2026-03-11 12:53:35.082649
0.8146067415730337,0.49058823529411766,0.9411764705882353,-0.02513089005235625,0.8571428571428571,0.19402850002906638,0.897196261682243,-0.015430114440015408,-0.01650165016501637,0.03668911733427871,0.09999999999999998,0.0,2026-03-11 12:53:35.087941
0.8156424581005587,0.4907792207792208,0.9415584415584416,-0.024631396357328233,0.8579881656804734,0.19406786870148718,0.8978328173374613,-0.015915457091927654,-0.017020697167756005,0.03716690042075743,0.09999999999999998,0.0,2026-03-11 12:53:35.095346
0.8111111111111111,0.48774193548387096,0.9354838709677419,-0.03204047217537945,0.8579881656804734,0.19344083032987036,0.8950617283950617,-0.02790346907993957,-0.030228758169934533,0.051759834368530044,0.09999999999999998,0.0,2026-03-11 12:53:35.102039
0.8121546961325967,0.48794871794871797,0.9358974358974359,-0.031511900771035946,0.8588235294117647,0.19348358440936905,0.8957055214723926,-0.028379387602688544,-0.0307443365695792,0.05222734254992323,0.09999999999999998,0.0,2026-03-11 12:53:35.111838
0.8131868131868132,0.48815286624203824,0.9363057324840764,-0.030989670109963677,0.8596491228070176,0.1935257845853184,0.8963414634146342,-0.028846153846153744,-0.031249999999999778,0.05268490374873358,0.09999999999999998,0.0,2026-03-11 12:53:35.118686
0.8142076502732241,0.48835443037974685,0.9367088607594937,-0.03047366677707793,0.8604651162790697,0.19356744155559777,0.8969696969696971,-0.027872444011684427,-0.030163329820863893,0.05119680851063835,0.09999999999999998,0.0,2026-03-11 12:53:35.125702
0.8097826086956522,0.48758519961051605,0.9367088607594937,-0.03271327774214265,0.8554913294797688,0.18980849263235072,0.8942598187311178,-0.026923076923076827,-0.029106029106028997,0.05119680851063835,0.09999999999999998,0.0,2026-03-11 12:53:35.145043
0.8108108108108109,0.4877842283502661,0.9371069182389937,-0.032201498485573216,0.8563218390804598,0.1898488182170825,0.8948948948948949,-0.027380952380952284,-0.029601029601029394,0.05164473684210524,0.09999999999999998,0.0,2026-03-11 12:53:35.154348
0.8118279569892473,0.5055904961565338,0.9371069182389937,0.014532243415077445,0.8563218390804598,0.26346788661421816,0.8948948948948949,-0.03880070546737213,-0.042471042471042386,0.05164473684210524,0.04117647058823526,0.0,2026-03-11 12:53:35.170808
0.8074866310160428,0.5042677448337826,0.9371069182389937,0.01116333725029415,0.8514285714285714,0.25872032862850647,0.8922155688622755,-0.03774680603948888,-0.04126984126984112,0.05164473684210524,0.0444444444444444,0.0,2026-03-11 12:53:35.181323
0.8031914893617021,0.5013392857142858,0.93125,0.003438395415473434,0.8514285714285714,0.25791056035544013,0.8895522388059702,-0.028762080073630902,-0.03144654088050314,0.04166666666666663,0.0444444444444444,0.0,2026-03-11 12:53:35.197856
0.8042328042328042,0.5015527950310559,0.9316770186335404,0.003988035892322905,0.8522727272727273,0.2579696851837911,0.8902077151335311,-0.027733575812684763,-0.030287984111221578,0.04022435897435894,0.0444444444444444,0.0,2026-03-11 12:53:35.585375
0.8,0.5003212679374598,0.9316770186335404,0.0008303349017443828,0.847457627118644,0.2534829136095139,0.8875739644970414,-0.028262583042450218,-0.030865715691096973,0.04022435897435894,0.03535353535353536,0.0,2026-03-11 12:53:35.592869
0.8010471204188482,0.5005321413367391,0.9320987654320988,0.0013758943313155517,0.848314606741573,0.25354027979411037,0.8882352941176471,-0.02878179384203483,-0.0314327485380117,0.040761300555114954,0.03535353535353536,0.0,2026-03-11 12:53:35.594359
0.8020833333333334,0.500740427332346,0.9325153374233128,0.001915184678523255,0.8491620111731844,0.25359692936019185,0.888888888888889,-0.02929147783795738,-0.03198937711250616,0.04128728414442706,0.03535353535353536,0.0,2026-03-11 12:53:35.601917
0.8031088082901554,0.500946173254836,0.9329268292682927,0.002448313384113509,0.85,0.2536528756565708,0.8895348837209301,-0.029791894852135847,-0.032535885167464196,0.041802641802641816,0.03535353535353536,0.0,2026-03-11 12:53:35.619538
0.8041237113402062,0.5011494252873563,0.9333333333333333,0.002975385447660981,0.850828729281768,0.2537081317024625,0.8901734104046243,-0.028787878787878807,-0.03140495867768589,0.04040404040404044,0.03535353535353536,0.0,2026-03-11 12:53:35.626420
0.8051282051282052,0.5013502285002077,0.9337349397590361,0.003496503496503824,0.8516483516483516,0.25376271019759794,0.8908045977011494,-0.027807486631016065,-0.030303030303030276,0.03904718830091969,0.03535353535353536,0.0,2026-03-11 12:53:35.631180
0.8061224489795918,0.5015486268841627,0.9341317365269461,0.004011767852367078,0.8524590163934426,0.2538166235319679,0.8914285714285715,-0.026849894291754772,-0.029228998849252008,0.03773024361259658,0.03535353535353536,0.0,2026-03-11 12:53:35.638462
0.8071065989847716,0.5017446633825944,0.9345238095238095,0.0045212765957446215,0.8532608695652174,0.25386988379521064,0.8920454545454546,-0.02734129478315528,-0.029763941156346174,0.038235294117647034,0.03535353535353536,0.0,2026-03-11 12:53:35.644832
0.803030303030303,0.498979800040808,0.9289940828402367,-0.002596728122565761,0.8532608695652174,0.25311767507872246,0.8895184135977336,-0.018895348837209336,-0.020569620253164667,0.02882935352358762,0.03535353535353536,0.0,2026-03-11 12:53:35.654310
0.8040201005025126,0.49918864097363086,0.9294117647058824,-0.0020658489347961865,0.8540540540540541,0.2531745703722321,0.8901408450704226,-0.019448446182342094,-0.021171726223815357,0.02941176470588236,0.03535353535353536,0.0,2026-03-11 12:53:35.662864
0.805,0.49939503932244406,0.9298245614035088,-0.001540832049306456,0.8548387096774194,0.25323078766400353,0.8907563025210085,-0.019991840065279542,-0.021763268931823232,0.029982866933181085,0.03535353535353536,0.0,2026-03-11 12:53:35.672760
0.8059701492537313,0.5149122807017544,0.9298245614035088,0.03756906077348011,0.8548387096774194,0.3049302479918168,0.8907563025210085,-0.011830131445904946,-0.012878370941111772,0.029982866933181085,0.11111111111111105,0.0,2026-03-11 12:53:35.679707
0.801980198019802,0.5122093023255814,0.9244186046511628,0.030244839174267676,0.8548387096774194,0.3040425306846335,0.888268156424581,-0.0038091419406576232,-0.004146660846791939,0.020927601809954788,0.11111111111111105,0.0,2026-03-11 12:53:35.686743
0.8029556650246306,0.5124277456647399,0.9248554913294798,0.03079493912628381,0.8556149732620321,0.3041143685078822,0.888888888888889,-0.002873563218390829,-0.0031250000000000444,0.019648829431438197,0.11111111111111105,0.0,2026-03-11 12:53:35.696867
0.7990196078431373,0.5108148424389334,0.9248554913294798,0.026989297347604004,0.851063829787234,0.2991690898508863,0.886426592797784,-0.001959247648902873,-0.002128565346956268,0.019648829431438197,0.11403508771929816,0.0,2026-03-11 12:53:35.709720
0.8,0.5110307749351131,0.9252873563218391,0.027536734930001083,0.8518518518518519,0.29923893080373926,0.8870523415977962,-0.0010654784967066844,-0.0011564339781329203,0.018406593406593452,0.11403508771929816,0.0,2026-03-11 12:53:35.720190
0.7961165048543689,0.5095186781609196,0.9252873563218391,0.023916967509024886,0.8473684210526315,0.29452621216993985,0.8846153846153847,-0.00019157088122601085,-0.0002077274615703839,0.018406593406593452,0.11666666666666659,0.0,2026-03-11 12:53:35.727757
0.7922705314009661,0.506875,0.92,0.017007178354500236,0.8473684210526315,0.2936835031117683,0.8821917808219177,-0.01032588101553622,-0.01132114665558781,0.03128385698808234,0.11666666666666659,0.0,2026-03-11 12:53:35.738346
0.7884615384615384,0.5054545454545455,0.92,0.013580513041603341,0.8429319371727748,0.2891995221924885,0.8797814207650272,-0.009370314842578775,-0.01026272577996723,0.03128385698808234,0.11904761904761896,0.0,2026-03-11 12:53:35.745954
0.7894736842105263,0.5056818181818181,0.9204545454545454,0.014150943396226516,0.84375,0.2892709559399512,0.8804347826086957,-0.008435298479792408,-0.009229208924949273,0.02991452991452992,0.11904761904761896,0.0,2026-03-11 12:53:35.762992
0.7904761904761904,0.5059065228556754,0.9209039548022598,0.014715291106846152,0.844559585492228,0.2893415651883773,0.8810810810810811,-0.009098428453267249,-0.009954751131221906,0.030555555555555558,0.11904761904761896,0.0,2026-03-11 12:53:35.774047
0.7914691943127962,0.5061287027579162,0.9213483146067416,0.01527365294866324,0.845360824742268,0.2894113641367974,0.8817204301075268,-0.009750318935666136,-0.01066799601196422,0.03118448637316562,0.11904761904761896,0.0,2026-03-11 12:53:35.791168
0.7924528301886793,0.5063484002031488,0.9217877094972067,0.015826123654780016,0.8461538461538461,0.2894803666599243,0.8823529411764707,-0.010391253275503831,-0.011369253583786598,0.03180166147455865,0.11904761904761896,0.0,2026-03-11 12:53:35.808386
0.7887323943661971,0.5050115018074268,0.9217877094972067,0.012568249716699235,0.8418367346938775,0.285191531538926,0.88,-0.009476130877883127,-0.01035763142466295,0.03180166147455865,0.12121212121212122,0.0,2026-03-11 12:53:35.825666
0.7897196261682243,0.5052287581699346,0.9222222222222223,0.013117442098791225,0.8426395939086294,0.285258740478899,0.8806366047745359,-0.008580274214949224,-0.009369264947358458,0.0304698502112406,0.12121212121212122,0.0,2026-03-11 12:53:35.852755
0.7906976744186046,0.5054436139096522,0.9226519337016574,0.01366092364155355,0.8434343434343434,0.28532519120887584,0.8812664907651714,-0.007703081232493081,-0.008403361344538007,0.02917403384693107,0.12121212121212122,0.0,2026-03-11 12:53:35.870279
0.7870370370370371,0.5029088558500323,0.9175824175824175,0.0071942446043170944,0.8434343434343434,0.2845402510938765,0.8789473684210527,0.0,0.0,0.020520520520520558,0.12121212121212122,0.0,2026-03-11 12:53:35.883056
0.7880184331797235,0.5031340405014465,0.9180327868852459,0.007753479125248626,0.8442211055276382,0.28461007178324327,0.8795811518324607,0.0008591065292096189,0.000936329588014928,0.01925925925925931,0.12121212121212122,0.0,2026-03-11 12:53:35.894947
0.7889908256880734,0.5033567774936061,0.9184782608695652,0.00830696202531593,0.845,0.28467911670596957,0.8802083333333334,0.0001704012950497491,0.0001857182653912659,0.01993883792048934,0.12121212121212122,0.0,2026-03-11 12:53:35.906900
0.7899543378995434,0.503577106518283,0.918918918918919,0.008854781582053854,0.845771144278607,0.2847473987257498,0.8808290155440415,-0.0005070136893696731,-0.000552587953582595,0.020606060606060628,0.12121212121212122,0.0,2026-03-11 12:53:35.926365
0.7863636363636364,0.5011068943706515,0.9139784946236559,0.002700617283950846,0.845771144278607,0.2839809171235324,0.8785529715762275,0.0069566675048193805,0.0075819859322189265,0.01225225225225235,0.12121212121212122,0.0,2026-03-11 12:53:35.938753
0.7873303167420814,0.5013368983957219,0.9144385026737968,0.00326264274062001,0.8465346534653465,0.2840523723469376,0.8791773778920308,0.0062354506152311195,0.00679594055817323,0.012976190476190474,0.12121212121212122,0.0,2026-03-11 12:53:35.951237
0.7882882882882883,0.5015644555694618,0.9148936170212766,0.0038189803322513306,0.8472906403940886,0.2841230497235842,0.8797953964194373,0.0070770243581304015,0.0077060931899641805,0.011748120300751785,0.12121212121212122,0.0,2026-03-11 12:53:35.963742
0.7892376681614349,0.5017896047307812,0.9153439153439153,0.004369715968461694,0.8480392156862745,0.2841929618923893,0.8804071246819337,0.007901596611274098,0.008596242467210247,0.010551948051948035,0.12121212121212122,0.0,2026-03-11 12:53:35.976430
0.7901785714285714,0.5020123839009287,0.9157894736842105,0.004914933837429571,0.848780487804878,0.2842621212197846,0.881012658227848,0.008709677419354911,0.009467040673211913,0.009386446886446853,0.12121212121212122,0.0,2026-03-11 12:53:36.601242
0.7911111111111111,0.5022328303048968,0.9162303664921466,0.00545471644879129,0.8495145631067961,0.28433053980702483,0.8816120906801007,0.008000000000000007,0.008695652173913104,0.0100975720444747,0.12121212121212122,0.0,2026-03-11 12:53:36.602474
0.7920353982300885,0.5024509803921569,0.9166666666666666,0.005989144675276202,0.8502415458937198,0.28439822949726057,0.8822055137844611,0.0087920792079208,0.009548387096774191,0.008961577237593832,0.12121212121212122,0.0,2026-03-11 12:53:36.609749
0.7929515418502202,0.502666869856751,0.917098445595855,0.006518297793090979,0.8509615384615384,0.28446520188238705,0.8827930174563591,0.008093666509508157,0.008789895886670118,0.009660226515656234,0.12121212121212122,0.0,2026-03-11 12:53:36.611042
0.793859649122807,0.5028805336567617,0.9175257731958762,0.00704225352112696,0.8516746411483254,0.28453146830967513,0.8833746898263026,0.007406252436267247,0.008043349420032153,0.010346725371491505,0.12121212121212122,0.0,2026-03-11 12:53:36.618460
0.7947598253275109,0.5030920060331825,0.9179487179487179,0.007561088059013081,0.8523809523809524,0.2845970398881938,0.8839506172839505,0.008182800679326752,0.008879209247780073,0.009239130434782639,0.12121212121212122,0.0,2026-03-11 12:53:36.622278
0.7956521739130434,0.5033013205282113,0.9183673469387755,0.008074876124058916,0.8530805687203792,0.28466192749503066,0.8845208845208845,0.008944270315725089,0.009697472026523046,0.00815888352120242,0.12121212121212122,0.0,2026-03-11 12:53:36.625662
0.7965367965367965,0.5035085100029859,0.9187817258883249,0.008583690987125003,0.8537735849056604,0.28472614178131894,0.8850855745721271,0.008267597087378675,0.008963815789473695,0.008833546189868091,0.12121212121212122,0.0,2026-03-11 12:53:36.627212
0.7974137931034483,0.5037136066547832,0.9191919191919192,0.00908760450745201,0.8544600938967136,0.2847896931780774,0.8856447688564477,0.009014423076923128,0.009765625,0.0077796467619848375,0.12121212121212122,0.0,2026-03-11 12:53:36.636019
0.7982832618025751,0.5039166420336979,0.9195979899497487,0.009586687166500433,0.8551401869158879,0.28485259190186973,0.8861985472154965,0.008348240906380533,0.009043927648578864,0.008442776735459678,0.12121212121212122,0.0,2026-03-11 12:53:36.692288
0.7991452991452992,0.5041176470588236,0.92,0.010081008100811056,0.8558139534883721,0.28491484796029026,0.8867469879518073,0.009080841638981263,0.009829777031886922,0.007414272474513539,0.12121212121212122,0.0,2026-03-11 12:53:36.693404
0.8,0.5043166520339479,0.9203980099502488,0.010570635133925298,0.8564814814814815,0.28497647115728214,0.8872901678657074,0.008424908424908506,0.009119746233148374,0.008066162956912426,0.12121212121212122,0.0,2026-03-11 12:53:36.694550
0.8008474576271186,0.504513686662784,0.9207920792079208,0.011055634807417815,0.8571428571428571,0.2850374710982938,0.8878281622911693,0.007778989458378849,0.008420555599276125,0.008707097296750121,0.12121212121212122,0.0,2026-03-11 12:53:36.698781
0.8016877637130801,0.5047087800637496,0.9211822660098522,0.011536072411039504,0.8577981651376146,0.28509785719527936,0.8883610451306413,0.00849776753564746,0.009191462844679865,0.007703081232493081,0.12121212121212122,0.0,2026-03-11 12:53:36.700080
0.7983193277310925,0.503448275862069,0.9211822660098522,0.008505467800729713,0.8538812785388128,0.28099551587828164,0.886255924170616,0.009203110508668066,0.009946796206338204,0.007703081232493081,0.12318840579710144,0.0,2026-03-11 12:53:36.704430
0.7949790794979079,0.5022577996715928,0.9211822660098522,0.005604143669864434,0.85,0.27706531510485816,0.884160756501182,0.008566978193146446,0.0092592592592593,0.007703081232493081,0.11036789297658867,0.0,2026-03-11 12:53:36.708322
0.7958333333333333,0.5024509803921569,0.9215686274509803,0.006085192697769169,0.8506787330316742,0.2771234122569131,0.8847058823529411,0.00794041177710636,0.008582061213640246,0.008333333333333415,0.11036789297658867,0.0,2026-03-11 12:53:36.709769
0.7966804979253111,0.5026422764227643,0.9219512195121952,0.006561790190964499,0.8513513513513513,0.2771809306079387,0.8852459016393444,0.007323197098619061,0.007914970601537785,0.008953168044077198,0.11036789297658867,0.0,2026-03-11 12:53:36.711266
0.7975206611570248,0.502831715210356,0.9223300970873787,0.007033997655333627,0.852017937219731,0.27723787876830286,0.8857808857808858,0.006715126341294564,0.007257762813318358,0.009562841530054711,0.11036789297658867,0.0,2026-03-11 12:53:36.715874
0.7983539094650206,0.5030193236714976,0.9227053140096618,0.007501875468867224,0.8526785714285714,0.2772942651783573,0.8863109048723898,0.007407407407407418,0.008000000000000007,0.00858244937319197,0.11036789297658867,0.0,2026-03-11 12:53:36.717462
0.7991803278688525,0.5032051282051282,0.9230769230769231,0.007965482907402396,0.8533333333333334,0.2773500981126146,0.886836027713626,0.006808278867102446,0.007352941176470673,0.009182209469153602,0.11036789297658867,0.0,2026-03-11 12:53:36.729644
0.8,0.5033891547049442,0.9234449760765551,0.008424878169654378,0.8539823008849557,0.2774053856838032,0.8873563218390803,0.006217896728845651,0.006715328467153281,0.00977229601518026,0.11036789297658867,0.0,2026-03-11 12:53:36.734791
0.8008130081300813,0.5035714285714286,0.9238095238095239,0.008880118401579148,0.8546255506607929,0.27746013584680407,0.8878718535469108,0.005636070853462183,0.006086956521739184,0.010352941176470676,0.11036789297658867,0.0,2026-03-11 12:53:36.739318
0.8016194331983806,0.5037519747235387,0.9241706161137441,0.00933125972006272,0.8552631578947368,0.27751435640247274,0.8883826879271071,0.006315649514692212,0.006815898981202495,0.009395348837209383,0.11036789297658867,0.0,2026-03-11 12:53:36.745609
0.8024193548387096,0.5039308176100629,0.9245283018867925,0.009778357235984433,0.8558951965065502,0.27756805500135046,0.888888888888889,0.006982872200263501,0.0075305484512645515,0.008459770114942589,0.11036789297658867,0.0,2026-03-11 12:53:36.747973
0.8032128514056225,0.5041079812206573,0.9248826291079812,0.010221465076660835,0.8565217391304348,0.27762123914726894,0.889390519187359,0.00763807285546414,0.008231321232587518,0.007545454545454633,0.11036789297658867,0.0,2026-03-11 12:53:36.753481
0.804,0.5042834890965732,0.9252336448598131,0.010660636407689151,0.8571428571428571,0.2776739162008519,0.8898876404494381,0.008281573498964856,0.00891861761426982,0.006651685393258444,0.11036789297658867,0.0,2026-03-11 12:53:36.758062
0.8047808764940239,0.5044573643410852,0.9255813953488372,0.011095923454209379,0.8577586206896551,0.27772609338291643,0.8903803131991052,0.00770811921891057,0.00830105146651905,0.007223113964687,0.11036789297658867,0.0,2026-03-11 12:53:36.764669
0.8055555555555556,0.5046296296296297,0.9259259259259259,0.011527377521614033,0.8583690987124464,0.2777777777777778,0.8908685968819599,0.0071428571428572285,0.007692307692307776,0.007785543660974947,0.11036789297658867,0.0,2026-03-11 12:53:36.770331
0.8023715415019763,0.5035035035035035,0.9259259259259259,0.008776053910046079,0.8547008547008547,0.2739983121755955,0.8888888888888888,0.006585612968591725,0.007092198581560294,0.007785543660974947,0.09937888198757772,0.0,2026-03-11 12:53:36.776042
0.8031496062992126,0.5036741810935359,0.9262672811059908,0.009205804337650156,0.8553191489361702,0.2740488141227897,0.8893805309734515,0.006036217303822977,0.00650054171180936,0.008339185393258397,0.09937888198757772,0.0,2026-03-11 12:53:36.781927
0.803921568627451,0.5038432928341186,0.926605504587156,0.00963181606338333,0.8559322033898306,0.2740988435721815,0.8898678414096917,0.005494505494505475,0.00591715976331364,0.008884243532793268,0.09937888198757772,0.0,2026-03-11 12:53:36.787194
0.8046875,0.5040108601752438,0.9269406392694064,0.010054137664346482,0.8565400843881856,0.27414840712641736,0.8903508771929823,0.004960317460317443,0.005341880341880323,0.00942091616248919,0.09937888198757772,0.0,2026-03-11 12:53:36.793180
0.8054474708171206,0.5041769041769042,0.9272727272727272,0.01047281687971692,0.8571428571428571,0.27419751126564806,0.890829694323144,0.00559242871189769,0.006018518518518423,0.008547008547008517,0.09937888198757772,0.0,2026-03-11 12:53:36.797628
0.8062015503875969,0.5043414455179162,0.9276018099547512,0.010887900628738602,0.8577405857740585,0.2742461623503577,0.891304347826087,0.006213450292397615,0.006682389937106903,0.007692307692307665,0.09937888198757772,0.0,2026-03-11 12:53:36.804720
0.806949806949807,0.5045045045045045,0.9279279279279279,0.011299435028248648,0.8583333333333333,0.274294366624114,0.8917748917748917,0.005686630369026058,0.006115810019518553,0.00822078684674099,0.09937888198757772,0.0,2026-03-11 12:53:36.810897
0.8076923076923077,0.5046661010786572,0.9282511210762332,0.011707465409761761,0.8589211618257261,0.2743421302162438,0.8922413793103449,0.005167027156933401,0.005556991470664241,0.00874125874125864,0.09937888198757772,0.0,2026-03-11 12:53:36.819616
0.8084291187739464,0.5048262548262549,0.9285714285714286,0.012112036336108849,0.859504132231405,0.2743894591444345,0.8927038626609443,0.005777248362120235,0.006209192164895572,0.007905138339920903,0.09937888198757772,0.0,2026-03-11 12:53:36.825938
0.8091603053435115,0.504984984984985,0.9288888888888889,0.012513191617668682,0.8600823045267489,0.27443635931726557,0.8931623931623931,0.0063769485120452885,0.006849315068493067,0.007086999022482887,0.09937888198757772,0.0,2026-03-11 12:53:36.840350
0.8060836501901141,0.5039181286549708,0.9288888888888889,0.009891488890528679,0.8565573770491803,0.270801280154532,0.8912579957356077,0.0058644147314097506,0.006298815822625259,0.007086999022482887,0.08985507246376812,0.0,2026-03-11 12:53:36.849249
0.8068181818181818,0.5040754541220307,0.9292035398230089,0.010291090855630574,0.8571428571428571,0.27084714175444663,0.8917197452229298,0.005358807082945005,0.005755755755755709,0.007599644271970241,0.08985507246376812,0.0,2026-03-11 12:53:36.858783
0.8075471698113208,0.5042313934616276,0.9295154185022027,0.010687358172900861,0.8577235772357723,0.2708925916254306,0.8921775898520083,0.005948255948255987,0.006384825192164656,0.006798912174052152,0.08985507246376812,0.0,2026-03-11 12:53:36.868464
0.8082706766917294,0.5043859649122807,0.9298245614035088,0.011080332409972462,0.8582995951417004,0.27093763528913156,0.8926315789473684,0.005449434979636347,0.005849393510251821,0.007303906001905447,0.08985507246376812,0.0,2026-03-11 12:53:37.010175
0.8052434456928839,0.5033738191632928,0.9298245614035088,0.008568980291345342,0.8548387096774194,0.26744151933050403,0.8907563025210085,0.004957264957265006,0.00532110091743121,0.007303906001905447,0.08152173913043481,0.0,2026-03-11 12:53:37.011482
0.8059701492537313,0.5035270406449446,0.9301310043668122,0.00896031858910569,0.8554216867469879,0.2674855861489495,0.891213389121339,0.005536723163841795,0.005939393939393911,0.006520031421838213,0.08152173913043481,0.0,2026-03-11 12:53:37.015683
0.8066914498141264,0.5036789297658862,0.9304347826086956,0.00934844192634542,0.856,0.26752926261348503,0.8916666666666667,0.00505107194971377,0.005418422636965681,0.007017543859649145,0.08152173913043481,0.0,2026-03-11 12:53:37.017267
0.8037037037037037,0.5027173913043478,0.9304347826086956,0.006939625260236288,0.852589641434263,0.26416398069315233,0.8898128898128898,0.0045718108831399595,0.004904306220095633,0.007017543859649145,0.07416879795396425,0.0,2026-03-11 12:53:37.021891
0.8044280442804428,0.5028679653679654,0.9307359307359307,0.007326007326007051,0.8531746031746031,0.2642067274033627,0.8902691511387163,0.004098814667109707,0.004396910279263144,0.007507739938080515,0.07416879795396425,0.0,2026-03-11 12:53:37.023503
0.8051470588235294,0.5030172413793104,0.9310344827586207,0.007709251101322054,0.8537549407114624,0.26424909878161656,0.890721649484536,0.00466853408029877,0.005005005005005003,0.006740196078431349,0.07416879795396425,0.0,2026-03-11 12:53:37.029290
0.8058608058608059,0.5031652360515021,0.9313304721030042,0.008089394666484452,0.8543307086614174,0.26429109975125026,0.891170431211499,0.004201680672268893,0.0045045045045044585,0.007223236009732292,0.07416879795396425,0.0,2026-03-11 12:53:37.038380
0.8065693430656934,0.5033119658119658,0.9316239316239316,0.00846647548818802,0.8549019607843137,0.2643327351498389,0.8916155419222904,0.004761904761904745,0.005102040816326481,0.006471517796673876,0.07416879795396425,0.0,2026-03-11 12:53:37.040658
0.8072727272727273,0.5034574468085107,0.9319148936170213,0.008840530431825894,0.85546875,0.2643740097310562,0.8920570264765785,0.004301075268817178,0.004608294930875556,0.0069475571492604304,0.07416879795396425,0.0,2026-03-11 12:53:37.048629
0.8079710144927537,0.5036016949152542,0.9322033898305084,0.00921159577350333,0.8560311284046692,0.2644149281664863,0.8924949290060852,0.0038461538461538325,0.004120879120879106,0.007416747014759251,0.07416879795396425,0.0,2026-03-11 12:53:37.056640
0.8086642599277978,0.5037447257383967,0.9324894514767933,0.009579707211765178,0.8565891472868217,0.26445549504738886,0.8929292929292928,0.003397027600849256,0.0036396724294813776,0.007879234167893934,0.07416879795396425,0.0,2026-03-11 12:53:37.076921
0.8093525179856115,0.5038865546218487,0.9327731092436975,0.009944899879048308,0.8571428571428571,0.264495714886418,0.8933601609657948,0.002953586497890348,0.0031645569620253333,0.008335161219565679,0.07416879795396425,0.0,2026-03-11 12:53:37.085562
0.8100358422939068,0.5040271966527197,0.9330543933054394,0.01030720835285464,0.8576923076923076,0.26453559211929867,0.8937875751503006,0.002515723270440251,0.0026954177897574594,0.008784666763467341,0.07416879795396425,0.0,2026-03-11 12:53:37.094893
0.8107142857142857,0.5041666666666667,0.9333333333333333,0.010666666666667367,0.8582375478927203,0.264575131106459,0.8942115768463075,0.002083333333333326,0.0022321428571427937,0.009227885516545298,0.07416879795396425,0.0,2026-03-11 12:53:37.102735
0.8113879003558719,0.504304979253112,0.9336099585062241,0.011023308320606277,0.8587786259541985,0.2646143361346222,0.8946322067594433,0.0016563146997929934,0.0017746228926353025,0.009664948453608213,0.07416879795396425,0.0,2026-03-11 12:53:37.111678
0.8120567375886525,0.5044421487603306,0.9338842975206612,0.011377166291838176,0.8593155893536122,0.264653211418357,0.8950495049504951,0.0012345679012345512,0.001322751322751281,0.01009598293636682,0.07416879795396425,0.0,2026-03-11 12:53:37.120343
0.8127208480565371,0.5045781893004115,0.934156378600823,0.01172827304473852,0.8598484848484849,0.264691761101591,0.8954635108481264,0.0017855320885623582,0.0019119414399649814,0.009359605911330005,0.07416879795396425,0.0,2026-03-11 12:53:37.129408
0.8098591549295775,0.50366355515407,0.934156378600823,0.0094303061619954,0.8566037735849057,0.26144388642934396,0.8937007874015749,0.0013689600973483262,0.001465877626364187,0.009359605911330005,0.06763285024154597,0.0,2026-03-11 12:53:37.139508
0.8105263157894737,0.5037984806077569,0.9344262295081968,0.009779951100244105,0.8571428571428571,0.26148164551192526,0.8941176470588236,0.0019108920848839306,0.002044989775051187,0.008638105189829326,0.06763285024154597,0.0,2026-03-11 12:53:37.149027
0.8111888111888111,0.5039323046291687,0.9346938775510204,0.010126906806819125,0.8576779026217228,0.2615190909718783,0.89453125,0.0024440121701830853,0.002614030408108814,0.007931034482758559,0.06763285024154597,0.0,2026-03-11 12:53:37.162956
0.8118466898954704,0.5040650406504065,0.9349593495934959,0.01047120418848225,0.8582089552238806,0.2615562267015514,0.8949416342412452,0.002968533544429053,0.0031732599957690066,0.007237965175827865,0.06763285024154597,0.0,2026-03-11 12:53:37.172598
0.8125,0.5041967018860473,0.9352226720647774,0.01081287368019318,0.8587360594795539,0.2615930565291288,0.8953488372093024,0.0034846625766872252,0.003722930103298272,0.006558485463150743,0.06763285024154597,0.0,2026-03-11 12:53:37.182199
0.8096885813148789,0.5033256217466744,0.9352226720647774,0.00860724755192385,0.8555555555555555,0.25846009253499536,0.8936170212765958,0.00307317073170732,0.0032833020637899057,0.006558485463150743,0.06178489702517165,0.0,2026-03-11 12:53:37.198836
0.8068965517241379,0.5024950569626212,0.9352226720647774,0.006484766915452973,0.8523985239852399,0.2554370634811404,0.891891891891892,0.003581107239643777,0.003823894171145037,0.006558485463150743,0.0635964912280702,0.0,2026-03-11 12:53:37.208655
0.8075601374570447,0.5026256564141035,0.9354838709677419,0.006825938566553634,0.8529411764705882,0.2554727315764733,0.8923076923076922,0.0031746031746031633,0.003389830508474523,0.006983615363953755,0.0635964912280702,0.0,2026-03-11 12:53:37.218499
0.8082191780821918,0.5027552068740077,0.9357429718875502,0.00716454159077135,0.8534798534798534,0.2555081082617604,0.89272030651341,0.0027729967489004137,0.0029609965284869144,0.007402961184473811,0.0635964912280702,0.0,2026-03-11 12:53:37.234417
0.8088737201365188,0.5028837209302326,0.936,0.0075006048874904354,0.8540145985401459,0.2555431970947287,0.8931297709923663,0.0023761999809903678,0.002537298284786327,0.00781664016958128,0.0635964912280702,0.0,2026-03-11 12:53:37.244529
0.8095238095238095,0.5030112109700732,0.9362549800796812,0.007834156924190112,0.8545454545454545,0.2555780015754096,0.8935361216730038,0.001984126984126977,0.0021186440677966045,0.008224766416633722,0.0635964912280702,0.0,2026-03-11 12:53:37.254714
0.8101694915254237,0.5031376891842008,0.9365079365079365,0.008165225744476756,0.855072463768116,0.2556125251473049,0.8939393939393939,0.002484064491938498,0.0026510604241696267,0.007558480484785246,0.0635964912280702,0.0,2026-03-11 12:53:37.264025
0.8108108108108109,0.5032631675705488,0.9367588932806324,0.008493838975954454,0.855595667870036,0.2556467711985234,0.8943396226415093,0.002096631412197736,0.00223758142310182,0.007961165048543606,0.0635964912280702,0.0,2026-03-11 12:53:37.278619
0.8114478114478114,0.5033876579381066,0.937007874015748,0.008820023837901925,0.8561151079136691,0.2556807430628903,0.8947368421052632,0.001713756368689201,0.0018289668808699755,0.008358516041921171,0.0635964912280702,0.0,2026-03-11 12:53:37.288317
0.8087248322147651,0.5025948460987831,0.937007874015748,0.006782832417260568,0.8530465949820788,0.2527585814588176,0.8930581613508443,0.0013353593958650434,0.0014251314560912443,0.008358516041921171,0.05833333333333335,0.0,2026-03-11 12:53:37.297925
0.8093645484949833,0.5027183600713012,0.9372549019607843,0.007107486163705364,0.8535714285714285,0.25279189725050133,0.8934579439252337,0.001827485380117011,0.0019493177387914784,0.007705043301069803,0.05833333333333335,0.0,2026-03-11 12:53:37.314421
0.81,0.5028409090909091,0.9375,0.007429765498026426,0.8540925266903915,0.2528249484237158,0.893854748603352,0.0023119815041480196,0.002464839785414008,0.007064017660044164,0.05833333333333335,0.0,2026-03-11 12:53:37.324285
0.8106312292358804,0.5029625044216484,0.9377431906614786,0.007749696373835747,0.8546099290780141,0.2528577381195185,0.8942486085343228,0.0019379844961240345,0.0020661157024793875,0.007456140350877161,0.05833333333333335,0.0,2026-03-11 12:53:37.330526
0.8112582781456954,0.5030831571529246,0.937984496124031,0.008067304367868925,0.8551236749116607,0.2528902694294366,0.8946395563770795,0.0015683111529327665,0.0016720011465151119,0.007843137254901933,0.05833333333333335,0.0,2026-03-11 12:53:37.340546
0.8118811881188119,0.5032028782028782,0.9382239382239382,0.008382614686800259,0.8556338028169014,0.2529225453964395,0.8950276243093923,0.001202886928628688,0.0012824166429181716,0.008225108225108246,0.05833333333333335,0.0,2026-03-11 12:53:37.347634
0.8092105263157895,0.5024453024453025,0.9382239382239382,0.006423982869378623,0.8526315789473684,0.2500965064695278,0.8933823529411764,0.0016799292661361376,0.0017900885622762486,0.008225108225108246,0.05999999999999994,0.0,2026-03-11 12:53:37.364624
0.8098360655737705,0.5025641025641026,0.9384615384615385,0.006737787759685724,0.8531468531468531,0.25012817227194256,0.8937728937728937,0.0013186813186812918,0.001405152224824291,0.008602150537634357,0.05999999999999994,0.0,2026-03-11 12:53:37.377061
0.8104575163398693,0.5026819923371648,0.9386973180076629,0.007049345417926099,0.8536585365853658,0.25015959146215216,0.8941605839416059,0.0009615384615384581,0.0010245901639344135,0.008974358974358942,0.05999999999999994,0.0,2026-03-11 12:53:37.389643
0.8110749185667753,0.5027989821882952,0.9389312977099237,0.007358679897424625,0.8541666666666666,0.2501907669106281,0.8945454545454545,0.0006084311169056722,0.0006483282393257017,0.009341825902335454,0.05999999999999994,0.0,2026-03-11 12:53:37.402283
0.8116883116883117,0.5029150823827631,0.9391634980988594,0.007665814909454512,0.8546712802768166,0.2502217014434545,0.8949275362318841,0.0010781903652908875,0.0011483165679114782,0.008712895084725392,0.05999999999999994,0.0,2026-03-11 12:53:37.417979
0.8090614886731392,0.5021904447016036,0.9391634980988594,0.005780662049408782,0.8517241379310345,0.24748695592752645,0.8933092224231465,0.0007290505189124774,0.0007764684388417153,0.008712895084725392,0.0552380952380952,0.0,2026-03-11 12:53:37.440937
0.8096774193548387,0.5023056653491437,0.9393939393939394,0.0060862949679385105,0.852233676975945,0.247517316837403,0.8936936936936936,0.00038381167640411107,0.00040877503747105415,0.009075710532600922,0.0552380952380952,0.0,2026-03-11 12:53:37.457074
0.8102893890675241,0.5024200164068909,0.939622641509434,0.00638977635782659,0.8527397260273972,0.24754744492671638,0.8940754039497307,0.0008464533604198854,0.0009010632546405661,0.008458535431207892,0.0552380952380952,0.0,2026-03-11 12:53:37.470348
0.8108974358974359,0.5025335076822491,0.9398496240601504,0.006691128858191971,0.8532423208191127,0.24757734286395233,0.8944543828264758,0.001302138026630817,0.0013854748603351341,0.007852789498359103,0.0552380952380952,0.0,2026-03-11 12:53:37.486706
0.8115015974440895,0.5026461488356945,0.9400749063670412,0.006990374791633052,0.8537414965986394,0.24760701327696163,0.8948306595365418,0.0009607351712614953,0.0010222222222222577,0.008211041229909122,0.0552380952380952,0.0,2026-03-11 12:53:37.500077
0.8121019108280255,0.5027579493835173,0.9402985074626866,0.007287536169757207,0.8542372881355932,0.2476364587537309,0.8952042628774423,0.0006231047231337605,0.0006629834254143763,0.008564814814814747,0.0552380952380952,0.0,2026-03-11 12:53:37.524245
0.8126984126984127,0.5028689187005011,0.9405204460966543,0.007582634698564058,0.8547297297297297,0.24766568184313562,0.8955752212389381,0.00028918449971082616,0.0003076923076923421,0.008914193696802353,0.0552380952380952,0.0,2026-03-11 12:53:37.546991
0.8132911392405063,0.5029790660225443,0.9407407407407408,0.007875691783737825,0.8552188552188552,0.2476946850556768,0.8959435626102292,0.0007380679022470638,0.0007849293563579884,0.008319562368226063,0.0552380952380952,0.0,2026-03-11 12:53:37.566885
0.8107255520504731,0.5012433819990374,0.9372693726937269,0.003249135310764195,0.8552188552188552,0.24723726142421856,0.8943661971830985,-0.006227106227106205,-0.006671899529042458,0.016826651609260335,0.0552380952380952,0.0,2026-03-11 12:53:37.586794
0.8113207547169812,0.501358695652174,0.9375,0.0035512847294761115,0.8557046979865772,0.2472676775234201,0.8947368421052632,-0.005736910148674834,-0.0061434628363761234,0.016171450954059696,0.0552380952380952,0.0,2026-03-11 12:53:37.603837
0.8119122257053292,0.5014731645166428,0.9377289377289377,0.0038513583845107137,0.8561872909698997,0.24729786709407447,0.895104895104895,-0.0060671809707489865,-0.006497138677337588,0.016516516516516533,0.0552380952380952,0.0,2026-03-11 12:53:37.631634
0.8125,0.5015867978419549,0.9379562043795621,0.004149377593360761,0.8566666666666667,0.24732783265811945,0.8954703832752613,-0.006393861892583064,-0.006846970215679482,0.01685734814569173,0.0552380952380952,0.0,2026-03-11 12:53:37.645972
0.8099688473520249,0.4998814229249012,0.9345454545454546,-0.0003065134099619044,0.8566666666666667,0.2468777361383373,0.8939130434782608,-0.0013116057233704126,-0.0014045541604597034,0.011096462315974498,0.0552380952380952,0.0,2026-03-11 12:53:37.666477
0.8074534161490683,0.49918762088974855,0.9345454545454546,-0.0021082220660578925,0.8538205980066446,0.24423725662596593,0.8923611111111112,-0.0016603415559771628,-0.0017780035560071017,0.011096462315974498,0.050909090909090904,0.0,2026-03-11 12:53:37.684015
0.8080495356037152,0.4993061979648474,0.9347826086956522,-0.0018009004502253204,0.8543046357615894,0.24426824399239197,0.8927335640138409,-0.0011773016246762191,-0.0012600806451612545,0.010452961672473782,0.050909090909090904,0.0,2026-03-11 12:53:37.701662
0.808641975308642,0.4994239188877794,0.9350180505415162,-0.0014956625785227235,0.8547854785478548,0.24429900373528793,0.8931034482758621,-0.0015223076622818965,-0.0016293449197861687,0.010822510822510845,0.050909090909090904,0.0,2026-03-11 12:53:37.731179
0.8092307692307692,0.4995407928975968,0.935251798561151,-0.0011924873298217783,0.8552631578947368,0.24432953835427657,0.8934707903780069,-0.001863643422891803,-0.0019946808510638014,0.011187607573149738,0.050909090909090904,0.0,2026-03-11 12:53:37.749164
0.8067484662576687,0.4988758992805755,0.935251798561151,-0.0029299736302372294,0.8524590163934426,0.24177104336556093,0.8919382504288164,-0.002201367164870849,-0.002356150793650924,0.011187607573149738,0.04695652173913045,0.0,2026-03-11 12:53:37.767221
0.8073394495412844,0.49899193548387094,0.9354838709677419,-0.002628120893561349,0.8529411764705882,0.24180103791233792,0.8923076923076922,-0.002535535920092258,-0.002713815789473717,0.011548331907613285,0.04695652173913045,0.0,2026-03-11 12:53:37.785322
0.8079268292682927,0.49910714285714286,0.9357142857142857,-0.0023282887077995997,0.8534201954397395,0.24183081453186,0.8926746166950597,-0.002059496567505703,-0.0022031823745409795,0.010916220656033038,0.04695652173913045,0.0,2026-03-11 12:53:37.803488
0.8085106382978723,0.4992215302491103,0.9359430604982206,-0.002030456852792516,0.8538961038961039,0.24186037559124646,0.8930390492359932,-0.0015903067020068828,-0.0017004048582995868,0.010295199075533112,0.04695652173913045,0.0,2026-03-11 12:53:37.833708
0.8090909090909091,0.49933510638297873,0.9361702127659575,-0.0017346053772767337,0.8543689320388349,0.24188972342344836,0.8934010152284263,-0.0019209763079589548,-0.0020539669754331413,0.01065162907268169,0.04695652173913045,0.0,2026-03-11 12:53:37.855319
0.8066465256797583,0.4986973512809379,0.9361702127659575,-0.003410382720727828,0.8516129032258064,0.2394087375989692,0.8918918918918919,-0.0014584891548242718,-0.0015586906998121819,0.01065162907268169,0.04849498327759205,0.0,2026-03-11 12:53:37.883045
0.8072289156626506,0.4988101247566164,0.9363957597173145,-0.0031158530828061816,0.8520900321543409,0.23943757565543877,0.8922558922558923,-0.0010025621031525267,-0.0010709186101856005,0.010041407867494856,0.04849498327759205,0.0,2026-03-11 12:53:37.916872
0.8078078078078078,0.4989221040528887,0.9366197183098591,-0.002823263692828941,0.8525641025641025,0.2394662071907389,0.8926174496644295,-0.0005530565592508641,-0.0005904814392001523,0.009441707717569803,0.04849498327759205,0.0,2026-03-11 12:53:37.935914
0.8083832335329342,0.4990332975295381,0.9368421052631579,-0.002532595441327998,0.853035143769968,0.2394946344160363,0.8929765886287626,-0.00010983780617290773,-0.0001172149722592497,0.00885225885225882,0.04849498327759205,0.0,2026-03-11 12:53:37.970945
0.808955223880597,0.4991437134294277,0.9370629370629371,-0.0022438294689605775,0.8535031847133758,0.23952285951103516,0.8933333333333333,0.0003272251308900076,0.0003490401396160081,0.008272800645682032,0.04849498327759205,0.0,2026-03-11 12:53:37.990200
0.8065476190476191,0.49853146853146857,0.9370629370629371,-0.0038610038610035584,0.8507936507936508,0.23711553349322398,0.891846921797005,0.0007582596136486153,0.000808438558669522,0.008272800645682032,0.0499194847020934,0.0,2026-03-11 12:53:38.012520
0.8071216617210683,0.49864111498257835,0.9372822299651568,-0.0035735556879094715,0.8512658227848101,0.23714327694014312,0.8922056384742951,0.0004310344827586077,0.0004595588235294379,0.008625012536355503,0.0499194847020934,0.0,2026-03-11 12:53:38.030735
0.8076923076923077,0.49875,0.9375,-0.003287971504246681,0.8517350157728707,0.23717082451262847,0.8925619834710744,0.0008561643835616195,0.0009124087591240171,0.00805529312316644,0.0499194847020934,0.0,2026-03-11 12:53:38.053782
0.8082595870206489,0.49885813148788927,0.9377162629757786,-0.003004233237745038,0.8522012578616353,0.2371981782783053,0.8929159802306426,0.0005323301866704266,0.0005673007828750354,0.008403361344537785,0.0499194847020934,0.0,2026-03-11 12:53:38.090431
0.8088235294117647,0.4989655172413793,0.9379310344827586,-0.002722323049001565,0.8526645768025078,0.23722534027579245,0.8932676518883416,0.0002118344866544053,0.00022575062081420239,0.008747358592559817,0.0499194847020934,0.0,2026-03-11 12:53:38.122288
0.8064516129032258,0.4973539518900344,0.9347079037800687,-0.006889763779527438,0.8526645768025078,0.2368173858203914,0.8918032786885246,0.005022831050228271,0.005352798053527952,0.0032734023842094784,0.0499194847020934,0.0,2026-03-11 12:53:38.151238
0.8070175438596491,0.4974657534246575,0.934931506849315,-0.0066000713521224014,0.853125,0.23684571013839137,0.8921568627450981,0.0054421768707483276,0.005797101449275366,0.002713178294573626,0.0499194847020934,0.0,2026-03-11 12:53:38.180234
0.8075801749271136,0.4975767918088737,0.9351535836177475,-0.006312233285917268,0.8535825545171339,0.2368738377640402,0.8925081433224755,0.005102040816326592,0.005434782608695676,0.003082851637764894,0.0499194847020934,0.0,2026-03-11 12:53:39.590793
0.8081395348837209,0.497687074829932,0.935374149659864,-0.006026231832683102,0.8540372670807453,0.23690177073967142,0.8928571428571428,0.004765357919817692,0.005076142131979711,0.0034482758620689724,0.0499194847020934,0.0,2026-03-11 12:53:39.594815
0.808695652173913,0.4977966101694915,0.9355932203389831,-0.005742049469964889,0.8544891640866873,0.23692951107943264,0.8932038834951457,0.004432075860647311,0.004721124286341749,0.003809523809523818,0.0499194847020934,0.0,2026-03-11 12:53:39.599283
0.8092485549132948,0.4979054054054054,0.9358108108108109,-0.005459668897498827,0.8549382716049383,0.23695706076977036,0.8935483870967742,0.004102143369910771,0.004369674459252737,0.004166666666666652,0.0499194847020934,0.0,2026-03-11 12:53:39.600733
0.8097982708933718,0.498013468013468,0.936026936026936,-0.005179073033707945,0.8553846153846154,0.2369844217699049,0.8938906752411575,0.0037755102040816224,0.004021739130434798,0.004519774011299438,0.0499194847020934,0.0,2026-03-11 12:53:39.603838
0.8103448275862069,0.4981208053691275,0.9362416107382551,-0.004900245012251305,0.8558282208588958,0.23701159601229493,0.8942307692307692,0.0034521271195046,0.0036772658446896367,0.004868913857677848,0.0499194847020934,0.0,2026-03-11 12:53:39.605387
0.8108882521489972,0.4982274247491639,0.9364548494983278,-0.004623168178645861,0.8562691131498471,0.23703858540309353,0.8945686900958467,0.0038658061046120684,0.004116110096996972,0.004317949670350041,0.0499194847020934,0.0,2026-03-11 12:53:39.612975
0.8114285714285714,0.4983333333333333,0.9366666666666666,-0.004347826086956573,0.8567073170731707,0.23706539182259392,0.894904458598726,0.0035456248327534468,0.0037751976636511975,0.004663188512858407,0.0499194847020934,0.0,2026-03-11 12:53:39.616933
0.811965811965812,0.49843853820598005,0.9368770764119602,-0.004074202496533021,0.8571428571428571,0.23709201712566708,0.8952380952380952,0.0039537510798058895,0.004207920792079101,0.004121256525322803,0.0499194847020934,0.0,2026-03-11 12:53:39.621651
0.8096590909090909,0.49785030291186244,0.9368770764119602,-0.005628517823639346,0.8545454545454545,0.23475607821636285,0.8938193343898573,0.004356435643564249,0.004634506003791783,0.004121256525322803,0.05124223602484479,0.0,2026-03-11 12:53:39.628476
0.8073654390934845,0.49728469205213394,0.9368770764119602,-0.007132667617688829,0.851963746223565,0.23248785035400987,0.8924050632911393,0.004753786636941815,0.005055082973085989,0.004121256525322803,0.052473763118440875,0.0,2026-03-11 12:53:39.630322
0.807909604519774,0.49738920020376975,0.9370860927152318,-0.006859628576208872,0.8524096385542169,0.2325137828067608,0.8927444794952683,0.004436759860372619,0.004717962950114507,0.004462659380692124,0.052473763118440875,0.0,2026-03-11 12:53:39.704415
0.8056338028169014,0.4968449331500687,0.9370860927152318,-0.008315152513069015,0.8498498498498499,0.23030981095389078,0.8913385826771654,0.004122841189455939,0.0043841480254073195,0.004462659380692124,0.04885057471264376,0.0,2026-03-11 12:53:39.706220
0.8061797752808989,0.4969487514789215,0.9372937293729373,-0.008043335521995359,0.8502994011976048,0.23033532521082736,0.891679748822606,0.004514963880288936,0.004799122446181192,0.00392953929539297,0.04885057471264376,0.0,2026-03-11 12:53:39.710972
0.8067226890756303,0.4970518867924528,0.9375,-0.007773186597389206,0.8507462686567164,0.23036066881273173,0.892018779342723,0.004901960784313708,0.00520833333333337,0.003405017921147002,0.04885057471264376,0.0,2026-03-11 12:53:39.712796
0.8044692737430168,0.4965277777777778,0.9375,-0.009181701030928097,0.8482142857142857,0.2282177322938192,0.890625,0.0052839317545200215,0.005611899932386755,0.003405017921147002,0.050000000000000044,0.0,2026-03-11 12:53:39.717757
0.8050139275766016,0.49663023679417123,0.9377049180327869,-0.008912799100691166,0.8486646884272997,0.22824267275969265,0.8909657320872274,0.005660974067046132,0.00600993822186402,0.0028888888888888298,0.050000000000000044,0.0,2026-03-11 12:53:39.722734
0.8055555555555556,0.49673202614379086,0.9379084967320261,-0.008645533141209995,0.849112426035503,0.22826744751765124,0.8913043478260869,0.005350118017309113,0.005679919812896617,0.0032265193370165646,0.050000000000000044,0.0,2026-03-11 12:53:39.724308
0.8060941828254847,0.49683315237061165,0.9381107491856677,-0.008379888268156664,0.8495575221238938,0.2282920582141398,0.891640866873065,0.005042279987472531,0.005353105466152308,0.003560439560439499,0.050000000000000044,0.0,2026-03-11 12:53:39.731264
0.8066298342541437,0.49693362193362195,0.9383116883116883,-0.008115849777212148,0.85,0.22831650647385773,0.8919753086419754,0.004737416238117409,0.005029448745946574,0.0038907103825136513,0.050000000000000044,0.0,2026-03-11 12:53:39.732868
0.8071625344352618,0.4970334412081985,0.9385113268608414,-0.007853403141361764,0.8504398826979472,0.2283407939001168,0.8923076923076924,0.004435483870967705,0.004708904109589018,0.0042173913043477285,0.050000000000000044,0.0,2026-03-11 12:53:39.734559
0.8076923076923077,0.4971326164874552,0.9387096774193548,-0.00759253400822489,0.8508771929824561,0.22836492207519216,0.892638036809816,0.004136440808766739,0.004391426886019456,0.004540540540540539,0.050000000000000044,0.0,2026-03-11 12:53:39.739551
0.8082191780821918,0.4972311539835656,0.9389067524115756,-0.007333228197445374,0.8513119533527697,0.2283888925606662,0.8929663608562691,0.004508649245491325,0.004784688995215336,0.004032604032604081,0.050000000000000044,0.0,2026-03-11 12:53:39.750725
0.8060109289617486,0.4967261034785151,0.9389067524115756,-0.008694977098052068,0.8488372093023255,0.22630310555996785,0.8916030534351145,0.0042124542124541975,0.004470359572400384,0.004032604032604081,0.046666666666666634,0.0,2026-03-11 12:53:39.753048
0.8065395095367848,0.49682400932400933,0.9391025641025641,-0.008436859011571365,0.8492753623188406,0.22632670240998126,0.8919330289193304,0.004579921140430709,0.00485842985842988,0.0035326665247925604,0.046666666666666634,0.0,2026-03-11 12:53:39.758384
0.8070652173913043,0.49692128957304676,0.939297124600639,-0.008180274733754867,0.8497109826589595,0.22635014604497236,0.8922610015174506,0.004286533643251711,0.004547201229665676,0.003852341038015461,0.046666666666666634,0.0,2026-03-11 12:53:39.763773
0.8075880758807588,0.4970179502026636,0.9394904458598726,-0.007925210633632676,0.8501440922190202,0.22637343795273004,0.8925869894099848,0.0039959139526499765,0.004238908720040846,0.004168596572487249,0.046666666666666634,0.0,2026-03-11 12:53:39.774238
0.8081081081081081,0.4971139971139971,0.9396825396825397,-0.0076716532412738105,0.8505747126436781,0.22639657960183776,0.8929110105580693,0.004358729400525507,0.004622008357604179,0.003676470588235281,0.046666666666666634,0.0,2026-03-11 12:53:39.780901
0.8059299191374663,0.4956271576524741,0.9367088607594937,-0.011511663132384647,0.8505747126436781,0.2260380733126202,0.891566265060241,-0.0015723270440251014,-0.001677852348993314,0.01094391244870041,0.046666666666666634,0.0,2026-03-11 12:53:39.787739
0.803763440860215,0.4941496988815601,0.9337539432176656,-0.015253476895468427,0.8505747126436781,0.22568126476608139,0.8902255639097744,-0.007429245283018804,-0.007977713055590696,0.018099547511312153,0.046666666666666634,0.0,2026-03-11 12:53:39.794643
0.8016085790884718,0.49268153230417383,0.9308176100628931,-0.018899963086009795,0.8505747126436781,0.22532614060466702,0.888888888888889,-0.013213406773702085,-0.014277573762188078,0.02514593623709027,0.046666666666666634,0.0,2026-03-11 12:53:39.804067
0.8021390374331551,0.4927899686520376,0.9310344827586207,-0.01862348178137591,0.8510028653295129,0.22535238862626047,0.8892215568862275,-0.013501297640918009,-0.014588650471059061,0.025458827350982705,0.046666666666666634,0.0,2026-03-11 12:53:39.818774
0.8026666666666666,0.4928977272727273,0.93125,-0.01834862385321148,0.8514285714285714,0.22537846956942126,0.8895522388059702,-0.013041210224308819,-0.014084507042253502,0.024822695035461084,0.046666666666666634,0.0,2026-03-11 12:53:39.826153
0.800531914893617,0.4914471821013877,0.9283489096573209,-0.021887230033338485,0.8514285714285714,0.22502713892780948,0.8882265275707899,-0.008653513326410511,-0.009345794392523255,0.019841269841269882,0.046666666666666634,0.0,2026-03-11 12:53:39.833563
0.8010610079575596,0.4915584415584416,0.9285714285714286,-0.021606387975576003,0.8518518518518519,0.22505410604863593,0.8885586924219911,-0.008957795004306601,-0.009674418604651125,0.02017543859649129,0.046666666666666634,0.0,2026-03-11 12:53:39.844169
0.8015873015873016,0.4916690121024486,0.9287925696594427,-0.02132718495568835,0.8522727272727273,0.22508090298938083,0.888888888888889,-0.008503352832073041,-0.009179115971045704,0.019548872180451204,0.046666666666666634,0.0,2026-03-11 12:53:39.854446
0.8021108179419525,0.49177890011223346,0.9290123456790124,-0.02104960666690645,0.8526912181303116,0.22510753135646233,0.8892171344165435,-0.008054452637549558,-0.008690330477356012,0.018931657501963906,0.046666666666666634,0.0,2026-03-11 12:53:39.872573
0.8026315789473685,0.4918881118881119,0.9292307692307692,-0.020773638968481355,0.8531073446327684,0.22513399273613632,0.8895434462444772,-0.007610993657505283,-0.008207934336525335,0.01832358674463941,0.046666666666666634,0.0,2026-03-11 12:53:39.891666
0.800524934383202,0.4914010989010989,0.9292307692307692,-0.022096717260854166,0.8507042253521127,0.22311481300043653,0.8882352941176471,-0.007912457912457982,-0.00853304284676848,0.01832358674463941,0.043589743589743546,0.0,2026-03-11 12:53:39.908808
0.7984293193717278,0.48997589833479405,0.9263803680981595,-0.025521232828951305,0.8507042253521127,0.22277234953993785,0.8869309838472833,-0.003602848764139077,-0.003885425137797105,0.013418654256350582,0.043589743589743546,0.0,2026-03-11 12:53:40.337652
0.7989556135770235,0.4900884665792923,0.926605504587156,-0.02523900573613786,0.851123595505618,0.222799417869265,0.8872620790629575,-0.0039199332777314355,-0.004227379025004474,0.013773148148148118,0.043589743589743546,0.0,2026-03-11 12:53:40.339889
0.7994791666666666,0.4902003484320558,0.926829268292683,-0.024958402662229612,0.8515406162464986,0.22282631788963098,0.8875912408759123,-0.003481817176964719,-0.003753127606338502,0.013174019607843146,0.043589743589743546,0.0,2026-03-11 12:53:40.345880
0.7974025974025974,0.48879179331306993,0.9240121580547113,-0.028283796740172003,0.8515406162464986,0.2224874183507003,0.8862973760932944,-0.00903697192770414,-0.009799833194328533,0.019882907542579042,0.043589743589743546,0.0,2026-03-11 12:53:40.437206
0.7979274611398963,0.4889069264069264,0.9242424242424242,-0.02799781480469869,0.8519553072625698,0.22251513884000568,0.8866279069767441,-0.009351160692313898,-0.010140544387119643,0.02023372792254452,0.043589743589743546,0.0,2026-03-11 12:53:40.438326
0.7958656330749354,0.48843700159489634,0.9242424242424242,-0.029289970710029388,0.8495821727019499,0.22055461481914704,0.8853410740203191,-0.009662493195427224,-0.010478158205430743,0.02023372792254452,0.040740740740740744,0.0,2026-03-11 12:53:40.445607
0.7963917525773195,0.488551439020512,0.9244712990936556,-0.029004968443668643,0.85,0.22058192165910598,0.8856729377713458,-0.009971008209824661,-0.010812716695069557,0.020580931597561913,0.040740740740740744,0.0,2026-03-11 12:53:40.446784
0.794344473007712,0.488097718512345,0.9244712990936556,-0.030258888962457233,0.8476454293628809,0.2186720855244283,0.8843930635838151,-0.010276743809677913,-0.011144261144261147,0.020580931597561913,0.03809523809523807,0.0,2026-03-11 12:53:40.454270
0.7948717948717948,0.48821146655587866,0.9246987951807228,-0.029974910867556187,0.8480662983425414,0.2186989895417652,0.8847262247838615,-0.010579737386214094,-0.011472832100634767,0.02092457420924576,0.03809523809523807,0.0,2026-03-11 12:53:40.455815
0.7953964194373402,0.4883245314279797,0.924924924924925,-0.029692540654420365,0.8484848484848485,0.21872572869387938,0.8850574712643678,-0.010880025662959758,-0.011798469387755084,0.021264710263667497,0.03809523809523807,0.0,2026-03-11 12:53:40.463475
0.7959183673469388,0.48843691926491845,0.9251497005988024,-0.029411764705882797,0.8489010989010989,0.21875230449215322,0.8853868194842407,-0.011177644710578805,-0.012121212121211977,0.021601393160176396,0.03809523809523807,0.0,2026-03-11 12:53:40.465167
0.7964376590330788,0.48854863612969635,0.9253731343283582,-0.02913256955810185,0.8493150684931506,0.21877871842954402,0.8857142857142857,-0.010714285714285676,-0.011612903225806326,0.02096667402339447,0.03809523809523807,0.0,2026-03-11 12:53:40.472939
0.7969543147208121,0.4886596880131363,0.9255952380952381,-0.02885494189842063,0.8497267759562842,0.21880497198086427,0.8860398860398861,-0.011009270965023132,-0.011932629174992826,0.021299956082564853,0.03809523809523807,0.0,2026-03-11 12:53:40.481260
0.7974683544303798,0.48877008083495344,0.9258160237388724,-0.028578868563244746,0.8501362397820164,0.21883106660305646,0.8863636363636364,-0.011301657226767348,-0.012249538155463924,0.021629888573301392,0.03809523809523807,0.0,2026-03-11 12:53:40.483307
0.797979797979798,0.48887982044480716,0.9260355029585798,-0.028304336535964477,0.8505434782608695,0.21885700373546305,0.886685552407932,-0.01159147869674182,-0.012563667232597497,0.02195652173913054,0.03809523809523807,0.0,2026-03-11 12:53:40.498362
0.7959697732997482,0.48751398636964705,0.9233038348082596,-0.03149959903769024,0.8505434782608695,0.21853396739151446,0.8854314002828854,-0.007511956747764503,-0.008141991829835105,0.017304780445598134,0.03809523809523807,0.0,2026-03-11 12:53:40.503988
0.7964824120603015,0.4876267748478702,0.9235294117647059,-0.03122001151557801,0.8509485094850948,0.21856066132194238,0.8857545839210156,-0.007815734989647938,-0.00847124824684431,0.01764959104606123,0.03809523809523807,0.0,2026-03-11 12:53:40.509704
0.7944862155388471,0.4871884346959123,0.9235294117647059,-0.03243925528557842,0.8486486486486486,0.2167005367600729,0.8845070422535212,-0.008116883116883078,-0.008797653958944274,0.01764959104606123,0.03563218390804601,0.0,2026-03-11 12:53:40.516016
0.7925,0.486764705882353,0.9235294117647059,-0.0336239103362387,0.8463611859838275,0.2148871112659745,0.8832630098452883,-0.007659007659007622,-0.008297258297258248,0.01764959104606123,0.036707452725250334,0.0,2026-03-11 12:53:40.521917
0.7930174563591023,0.4868768328445748,0.9237536656891495,-0.033344717315035466,0.8467741935483871,0.2149131994188758,0.8835904628330995,-0.007957559681697535,-0.008620689655172376,0.01799100449775115,0.036707452725250334,0.0,2026-03-11 12:53:40.527857
0.7935323383084577,0.48698830409356725,0.9239766081871345,-0.033067062976035476,0.8471849865951743,0.2149391318707618,0.8839160839160839,-0.008253549026081108,-0.008941344778254479,0.018329070758738353,0.036707452725250334,0.0,2026-03-11 12:53:40.532930
0.794044665012407,0.4870991253644315,0.924198250728863,-0.03279093463426699,0.8475935828877005,0.21496491001194395,0.8842398884239888,-0.008547008547008517,-0.0092592592592593,0.01866383881230127,0.036707452725250334,0.0,2026-03-11 12:53:40.539475
0.7945544554455446,0.4872093023255814,0.9244186046511628,-0.032516319743811126,0.848,0.21499053521622327,0.8845618915159944,-0.008837970540098161,-0.009574468085106425,0.01899535669058683,0.036707452725250334,0.0,2026-03-11 12:53:40.548199
0.7950617283950617,0.48731884057971014,0.9246376811594202,-0.03224320589590042,0.848404255319149,0.21501600884113492,0.884882108183079,-0.008385481852315357,-0.009079821113971986,0.01836977020325492,0.036707452725250334,0.0,2026-03-11 12:53:40.550812
0.7955665024630542,0.4874277456647399,0.9248554913294798,-0.03197158081705196,0.8488063660477454,0.21504133222818814,0.8852005532503457,-0.007938285429886838,-0.008591435496902777,0.017753120665742084,0.036707452725250334,0.0,2026-03-11 12:53:40.556540
0.7960687960687961,0.4875360230547551,0.9250720461095101,-0.031701432367223316,0.8492063492063492,0.2150665067031022,0.8855172413793103,-0.007496288965858522,-0.008109193095142464,0.017145217930179757,0.036707452725250334,0.0,2026-03-11 12:53:40.562385
0.7965686274509803,0.4876436781609196,0.9252873563218391,-0.03143274853801185,0.8496042216358839,0.2150915335760382,0.8858321870701513,-0.007784785179345666,-0.008421277049355025,0.017473532737177555,0.036707452725250334,0.0,2026-03-11 12:53:40.568374
0.7970660146699267,0.48775071633237826,0.9255014326647565,-0.031165517450866456,0.85,0.21511641414182656,0.8861454046639232,-0.008070846825630529,-0.008730727383700954,0.017798690671031125,0.036707452725250334,0.0,2026-03-11 12:53:40.574403
0.7975609756097561,0.4878571428571429,0.9257142857142857,-0.030899727355346445,0.8503937007874016,0.21514114968019088,0.8864569083447332,-0.008354504592534728,-0.009037577295069044,0.018120737045709046,0.036707452725250334,0.0,2026-03-11 12:53:40.580469
0.7980535279805353,0.487962962962963,0.9259259259259259,-0.03063536662739027,0.8507853403141361,0.21516574145596765,0.8867667121418826,-0.00863578865427661,-0.009341859424752075,0.018439716312056764,0.036707452725250334,0.0,2026-03-11 12:53:40.586552
0.7985436893203883,0.48806818181818185,0.9261363636363636,-0.030372423767626732,0.8511749347258486,0.21519019071932202,0.8870748299319728,-0.00891472868217058,-0.00964360587002111,0.018755672078249463,0.036707452725250334,0.0,2026-03-11 12:53:40.592738
0.7990314769975787,0.48817280453257794,0.9263456090651558,-0.030110887399705324,0.8515625,0.2152144987059603,0.8873812754409769,-0.009191353855061313,-0.009942848195412246,0.019068647129666827,0.036707452725250334,0.0,2026-03-11 12:53:40.598993
0.7995169082125604,0.4882768361581921,0.9265536723163842,-0.02985074626865703,0.8519480519480519,0.21523866663733826,0.8876860622462787,-0.009465692869498388,-0.010239617443734028,0.019378683448207035,0.036707452725250334,0.0,2026-03-11 12:53:40.608365
0.8,0.48838028169014086,0.9267605633802817,-0.029591989239275595,0.8523316062176166,0.21526269572086587,0.8879892037786775,-0.009737773949660244,-0.010533944146802199,0.019685822231059857,0.036707452725250334,0.0,2026-03-11 12:53:40.614729
0.8004807692307693,0.4884831460674158,0.9269662921348315,-0.029334605294538633,0.8527131782945736,0.21528658715010926,0.8882907133243607,-0.010007624857033992,-0.010825858335910876,0.019990103908955947,0.036707452725250334,0.0,2026-03-11 12:53:40.621226
0.8009592326139089,0.4885854341736695,0.927170868347339,-0.02907858353402856,0.8530927835051546,0.21531034210498795,0.8885906040268456,-0.010275272899857635,-0.011115389552047272,0.020291568163908646,0.036707452725250334,0.0,2026-03-11 12:53:40.627731
0.8014354066985646,0.48868715083798886,0.9273743016759777,-0.028823913172409878,0.8534704370179949,0.21533396175197003,0.8888888888888888,-0.009838386221540651,-0.010637755102040902,0.019692227438706356,0.036707452725250334,0.0,2026-03-11 12:53:40.794084
0.801909307875895,0.4887883008356546,0.9275766016713092,-0.0285705835379018,0.8538461538461538,0.21535744724426287,0.8891855807743659,-0.009406521229181286,-0.010166053999239422,0.01910126910126919,0.036707452725250334,0.0,2026-03-11 12:53:40.795508
0.8023809523809524,0.48888888888888893,0.9277777777777778,-0.028318584070796616,0.8542199488491049,0.21538079972200141,0.88948069241012,-0.009671993271656798,-0.010452961672473782,0.019399954883825843,0.036707452725250334,0.0,2026-03-11 12:53:40.799969
0.8028503562945368,0.48898891966759006,0.9279778393351801,-0.02806790432198655,0.8545918367346939,0.21540402031243294,0.8897742363877822,-0.009935315742938267,-0.010737546206653681,0.01969590042984548,0.036707452725250334,0.0,2026-03-11 12:53:40.801492
0.8033175355450237,0.48908839779005525,0.9281767955801105,-0.02781853395152312,0.8549618320610687,0.21542711013009835,0.8900662251655629,-0.009508386350491671,-0.010271405008247081,0.01911314984709489,0.036707452725250334,0.0,2026-03-11 12:53:40.806087
0.8037825059101655,0.4891873278236915,0.928374655647383,-0.02757046272719285,0.8553299492385786,0.21545007027701144,0.8903566710700133,-0.00976958525345617,-0.01055356431700516,0.019406392694063967,0.036707452725250334,0.0,2026-03-11 12:53:40.807747
0.8018867924528302,0.4887774917581177,0.928374655647383,-0.02871006874241735,0.8531645569620253,0.21367678851450217,0.8891820580474934,-0.009347507331378235,-0.010093014051058669,0.019406392694063967,0.03771551724137934,0.0,2026-03-11 12:53:40.812501
0.8023529411764706,0.48887587822014056,0.9285714285714286,-0.02846277944226758,0.8535353535353535,0.21369943216300685,0.8894736842105263,-0.009606608251186532,-0.010372779461403914,0.01969696969696977,0.03771551724137934,0.0,2026-03-11 12:53:40.813895
0.8028169014084507,0.4889737255782618,0.9287671232876712,-0.028216769151198473,0.853904282115869,0.2137219493573334,0.889763779527559,-0.009863636363636408,-0.010650306748466232,0.019984917043740613,0.03771551724137934,0.0,2026-03-11 12:53:40.818404
0.8009367681498829,0.48857711003093235,0.9287671232876712,-0.02932418252460219,0.8517587939698492,0.21199137877567073,0.8885976408912188,-0.010118616443317574,-0.010925622662723233,0.019984917043740613,0.03541666666666665,0.0,2026-03-11 12:53:40.819984
0.8014018691588785,0.48867442270403666,0.9289617486338798,-0.029078977144150718,0.8521303258145363,0.2120135892594425,0.888888888888889,-0.009701307763297029,-0.010470313866485226,0.01941020440006247,0.03541666666666665,0.0,2026-03-11 12:53:40.824553
0.8018648018648019,0.48877120506284605,0.9291553133514986,-0.028835030894675578,0.8525,0.21203567639761728,0.8891786179921772,-0.00995426419155232,-0.010743321718931442,0.01969555762659214,0.03541666666666665,0.0,2026-03-11 12:53:40.873911
0.8023255813953488,0.488867461430575,0.9293478260869565,-0.02859233410255044,0.8528678304239401,0.21205764121520346,0.8894668400520156,-0.010205220964248252,-0.011014171406536155,0.019978351631359303,0.03541666666666665,0.0,2026-03-11 12:53:40.880983
0.802784222737819,0.4889631960835737,0.9295392953929539,-0.02835087719298237,0.8532338308457711,0.21207948472587945,0.8897535667963683,-0.010454201699363841,-0.011282888419435366,0.020258620689655227,0.03541666666666665,0.0,2026-03-11 12:53:40.882081
0.8009259259259259,0.4885791715060007,0.9295392953929539,-0.029426433915211846,0.8511166253101737,0.21038958142240088,0.8886010362694301,-0.010701229644400123,-0.011549497847919588,0.020258620689655227,0.03326612903225812,0.0,2026-03-11 12:53:40.889316
0.8013856812933026,0.4886743886743887,0.9297297297297298,-0.02918578298601488,0.8514851485148515,0.21041113153263608,0.8888888888888888,-0.010946327683615809,-0.011814024390243816,0.020536398467433048,0.03326612903225812,0.0,2026-03-11 12:53:40.890529
0.8018433179723502,0.4887690925426774,0.9299191374663073,-0.028946352759552114,0.8518518518518519,0.21043256328066667,0.8891752577319587,-0.011189518345094407,-0.01207649236025432,0.020811718034787985,0.03326612903225812,0.0,2026-03-11 12:53:40.891791
0.8022988505747126,0.48886328725038397,0.9301075268817204,-0.02870813397129228,0.8522167487684729,0.21045387763929477,0.8894601542416452,-0.010776898526647094,-0.011625987501473922,0.020244878167050562,0.03326612903225812,0.0,2026-03-11 12:53:40.899139
0.8027522935779816,0.48895697689263373,0.9302949061662198,-0.02847111745021713,0.8525798525798526,0.21047507557068762,0.8897435897435898,-0.010368888985500924,-0.011180910412076361,0.019685750406357228,0.03326612903225812,0.0,2026-03-11 12:53:40.900489
0.8032036613272311,0.48905016552075375,0.93048128342246,-0.02823529411764746,0.8529411764705882,0.2104961580265223,0.8900255754475703,-0.009965412883700786,-0.010741163587222324,0.019134178426213788,0.03326612903225812,0.0,2026-03-11 12:53:40.907911
0.8036529680365296,0.4891428571428571,0.9306666666666666,-0.02800065498608127,0.8533007334963325,0.2105171259481288,0.8903061224489796,-0.010206718346253196,-0.011001253307338699,0.019407072270508308,0.03326612903225812,0.0,2026-03-11 12:53:40.909388
0.8041002277904328,0.4892350557244174,0.9308510638297872,-0.027767191158054767,0.8536585365853658,0.21053798026662973,0.89058524173028,-0.00980770054392055,-0.010566629752676304,0.018862903941105125,0.03326612903225812,0.0,2026-03-11 12:53:40.916937
0.8045454545454546,0.4893267651888341,0.9310344827586207,-0.027534893825014502,0.8540145985401459,0.21055872190307892,0.8908629441624364,-0.010047142643827778,-0.010824600110314497,0.019133403979748054,0.03326612903225812,0.0,2026-03-11 12:53:40.934513
0.8049886621315193,0.4894179894179894,0.9312169312169312,-0.027303754266211153,0.8543689320388349,0.2105793517685968,0.891139240506329,-0.009652509652509633,-0.01039501039501034,0.018596491228070167,0.03326612903225812,0.0,2026-03-11 12:53:40.936652
0.8054298642533937,0.48950873225279556,0.9313984168865436,-0.027073763847608772,0.8547215496368039,0.21059987076450426,0.8914141414141415,-0.009262189590058423,-0.009970474676356922,0.018066689903566857,0.03326612903225812,0.0,2026-03-11 12:53:40.944847
0.8058690744920993,0.48959899749373437,0.9315789473684211,-0.026844914020807267,0.855072463768116,0.21062027978245376,0.8916876574307304,-0.009499789827658645,-0.01022624434389141,0.018334827496457318,0.03326612903225812,0.0,2026-03-11 12:53:40.953085
0.8063063063063063,0.48968878890138734,0.931758530183727,-0.02661719632198752,0.8554216867469879,0.2106405797045591,0.8919597989949749,-0.009113712374581917,-0.009806567701304614,0.017811997242013322,0.03326612903225812,0.0,2026-03-11 12:53:40.961428
0.8044943820224719,0.4893167650918635,0.931758530183727,-0.027659066174713923,0.8533653846153846,0.20898847121877845,0.8908406524466751,-0.009349491920706332,-0.010060272008245441,0.017811997242013322,0.03125,0.0,2026-03-11 12:53:41.045318
0.8026905829596412,0.4889561881687866,0.931758530183727,-0.028673271478744353,0.8513189448441247,0.20737463647860496,0.8897243107769424,-0.008967588277933092,-0.009645371112893208,0.017811997242013322,0.032196969696969724,0.0,2026-03-11 12:53:41.046548
0.8008948545861297,0.4886065378191362,0.931758530183727,-0.0296606879416109,0.8492822966507177,0.20579762015848652,0.8886107634543179,-0.009201567980193892,-0.009897035327534054,0.017811997242013322,0.030303030303030276,0.0,2026-03-11 12:53:41.047809
0.8013392857142857,0.48869585911470725,0.9319371727748691,-0.02943302695445648,0.8496420047732697,0.20581734761840625,0.888888888888889,-0.00943376836912957,-0.010146785745866138,0.01807780320366137,0.030303030303030276,0.0,2026-03-11 12:53:41.049056
0.8017817371937639,0.4887847139805364,0.9321148825065274,-0.02920648002678596,0.85,0.20583697018696923,0.8891656288916563,-0.009664209664209666,-0.010394644115574447,0.018341307814992103,0.030303030303030276,0.0,2026-03-11 12:53:41.053421
0.8,0.48844550095475625,0.9321148825065274,-0.030167370402401538,0.8479809976247031,0.20429509851293953,0.8880597014925373,-0.009286412512219067,-0.0099842354177615,0.018341307814992103,0.031194295900178193,0.0,2026-03-11 12:53:41.054804
0.7982261640798226,0.48811626478267545,0.9321148825065274,-0.03110318317714793,0.8459715639810427,0.202787365002605,0.8869565217391304,-0.009515114627713595,-0.010230123241356859,0.018341307814992103,0.02941176470588236,0.0,2026-03-11 12:53:41.059269
0.7986725663716814,0.48820465686274506,0.9322916666666666,-0.030877192982455857,0.8463356973995272,0.20280659433529857,0.8872366790582403,-0.009141358086974027,-0.009824333116460693,0.01782531194295911,0.02941176470588236,0.0,2026-03-11 12:53:41.060714
0.7991169977924945,0.48829258976317796,0.9324675324675324,-0.0306522989224195,0.8466981132075472,0.20282572196645735,0.8875154511742893,-0.009368340637690431,-0.010068274133609778,0.01808654496281281,0.02941176470588236,0.0,2026-03-11 12:53:41.065272
0.7995594713656388,0.4883800670527278,0.9326424870466321,-0.03042849304135229,0.8470588235294118,0.20284474870103666,0.8877928483353885,-0.008998560230363162,-0.009667024704618665,0.017577250335871097,0.02941176470588236,0.0,2026-03-11 12:53:41.078330
0.7978021978021979,0.48806037395809865,0.9326424870466321,-0.03133931211195444,0.8450704225352113,0.20136949458608067,0.8866995073891626,-0.009223842537253946,-0.009909042268592794,0.017577250335871097,0.027731092436974802,0.0,2026-03-11 12:53:41.084454
0.7982456140350878,0.4881473991686327,0.9328165374677002,-0.031116354519982112,0.8454332552693209,0.20138828357048288,0.8869778869778869,-0.0094474436328994,-0.010149253731343455,0.01783624101220671,0.027731092436974802,0.0,2026-03-11 12:53:41.090654
0.7986870897155361,0.48823397579560734,0.9329896907216495,-0.030894468418987048,0.8457943925233645,0.2014069739651804,0.8872549019607844,-0.009669382266867088,-0.010387679235262848,0.01809301809301811,0.027731092436974802,0.0,2026-03-11 12:53:41.096945
0.7991266375545851,0.4883201072985358,0.9331619537275064,-0.03067364610342001,0.8461538461538461,0.20142556654436317,0.8875305623471882,-0.009889676910953549,-0.010624338624338758,0.01834760983697159,0.027731092436974802,0.0,2026-03-11 12:53:41.106316
0.7995642701525054,0.48840579710144927,0.9333333333333333,-0.030453879941435242,0.8465116279069768,0.20144406207413393,0.8878048780487804,-0.010108345764308746,-0.010859251449657492,0.01860004402377291,0.027731092436974802,0.0,2026-03-11 12:53:41.117754
0.8,0.48849104859335035,0.9335038363171355,-0.030235162374020397,0.8468677494199536,0.20146246131261358,0.8880778588807785,-0.010325406758448064,-0.01109243697479001,0.018850347964272096,0.027731092436974802,0.0,2026-03-11 12:53:41.127438
0.7982646420824295,0.4873003549245785,0.9311224489795918,-0.03310923154774848,0.8468677494199536,0.2012053297958161,0.8869987849331713,-0.015250544662309351,-0.016470588235294015,0.024799237784129624,0.027731092436974802,0.0,2026-03-11 12:53:41.132688
0.7987012987012987,0.48738798539661465,0.9312977099236641,-0.03288619645175217,0.8472222222222222,0.2012242648869409,0.8872727272727272,-0.015466015466015448,-0.016703296703296733,0.025047438330170757,0.027731092436974802,0.0,2026-03-11 12:53:41.138867
0.7991360691144709,0.48747517104391963,0.9314720812182741,-0.03266422044751379,0.8475750577367206,0.2012431020927797,0.8875453446191053,-0.015076151918257175,-0.016275391275391238,0.02450980392156865,0.027731092436974802,0.0,2026-03-11 12:53:41.155803
0.7995689655172413,0.48756191524490916,0.9316455696202531,-0.03244329600918806,0.847926267281106,0.20126184217065102,0.887816646562123,-0.015290049942374151,-0.016506303915063025,0.024755927475592743,0.027731092436974802,0.0,2026-03-11 12:53:41.174202
0.8,0.4876482213438735,0.9318181818181818,-0.03222341568206199,0.8482758620689655,0.20128048587007846,0.8880866425992779,-0.015502392344497573,-0.016735537190082583,0.025000000000000022,0.027731092436974802,0.0,2026-03-11 12:53:41.184509
0.8004291845493562,0.48773409265140727,0.9319899244332494,-0.032004572081726426,0.8486238532110092,0.20129903393289095,0.8883553421368547,-0.01511661113755347,-0.016312275295325973,0.02446921443736727,0.027731092436974802,0.0,2026-03-11 12:53:41.200909
0.7987152034261242,0.4874235336451961,0.9319899244332494,-0.03289411764705834,0.8466819221967964,0.1998560115004138,0.8872901678657075,-0.015327414826618035,-0.016539752722508627,0.02446921443736727,0.02614379084967322,0.0,2026-03-11 12:53:41.211449
0.7970085470085471,0.487121722780005,0.9319899244332494,-0.03376116071428568,0.8447488584474886,0.19844358382665908,0.8862275449101796,-0.014945652173912971,-0.016121152906692693,0.02446921443736727,0.026984126984127,0.0,2026-03-11 12:53:41.227997
0.7974413646055437,0.48720716257343055,0.9321608040201005,-0.03354287967709755,0.8451025056947609,0.1984617752268719,0.886499402628435,-0.015154933814681026,-0.01634689490122887,0.02471126146364666,0.026984126984127,0.0,2026-03-11 12:53:41.247714
0.7957446808510639,0.48603904126513464,0.9298245614035088,-0.036336074234001654,0.8451025056947609,0.1982129202384245,0.8854415274463008,-0.01176558752997603,-0.012690970818850511,0.020819076696320438,0.026984126984127,0.0,2026-03-11 12:53:41.264658
0.7961783439490446,0.48612676056338033,0.93,-0.03611365719523346,0.8454545454545455,0.19823161868856168,0.8857142857142858,-0.011984767025089549,-0.012927389150658497,0.02107415270897217,0.026984126984127,0.0,2026-03-11 12:53:41.281636
0.7966101694915254,0.48621404235889154,0.9301745635910225,-0.03589227744501865,0.8458049886621315,0.1982502221291783,0.8859857482185274,-0.012202380952380909,-0.013162118780096321,0.021327137934635032,0.026984126984127,0.0,2026-03-11 12:53:41.292761
0.7970401691331924,0.48630088991661413,0.9303482587064676,-0.03567192774381856,0.8461538461538461,0.19826873128281883,0.886255924170616,-0.012418446026097207,-0.013395177736015063,0.021578057974782294,0.026984126984127,0.0,2026-03-11 12:53:41.309895
0.7974683544303798,0.48638730646908745,0.9305210918114144,-0.035452600919310115,0.8465011286681715,0.1982871468647171,0.8865248226950354,-0.012632978723404187,-0.013626583791537028,0.021826938014603003,0.026984126984127,0.0,2026-03-11 12:53:41.327735
0.7957894736842105,0.4860938792390405,0.9305210918114144,-0.03630147769955777,0.8445945945945946,0.1969053380658049,0.8854781582054311,-0.012255172160364536,-0.013213677245532685,0.021826938014603003,0.02777777777777779,0.0,2026-03-11 12:53:41.338494
0.7962184873949579,0.4861798679867987,0.9306930693069307,-0.036082936899740445,0.8449438202247191,0.19692353309797378,0.8857479387514724,-0.01188126051034577,-0.012805358550039392,0.021302871256560607,0.02777777777777779,0.0,2026-03-11 12:53:42.028735
0.7966457023060797,0.48626543209876544,0.9308641975308642,-0.03586540398952234,0.8452914798206278,0.19694163660956174,0.8860164512338425,-0.011511183851609319,-0.012401551663336008,0.020785396533210543,0.02777777777777779,0.0,2026-03-11 12:53:42.046768
0.797071129707113,0.48635057471264365,0.9310344827586207,-0.03564887201250801,0.8456375838926175,0.19695964928958382,0.8862837045720984,-0.011724200416779906,-0.012631044647912093,0.021032261350036885,0.02777777777777779,0.0,2026-03-11 12:53:42.052326
0.7954070981210856,0.4860651865847898,0.9310344827586207,-0.03647604327666135,0.84375,0.19560595868294015,0.8852459016393444,-0.011935716865294266,-0.01285892148470924,0.021032261350036885,0.026276276276276267,0.0,2026-03-11 12:53:42.063535
0.7958333333333333,0.4861499108074451,0.9312039312039312,-0.03626029871789269,0.844097995545657,0.19562375803314605,0.8855140186915889,-0.0115694164989939,-0.012459371614301107,0.02052125506072877,0.026276276276276267,0.0,2026-03-11 12:53:42.069998
0.7962577962577962,0.48623421971528336,0.9313725490196079,-0.03604554046331747,0.8444444444444444,0.19564146852414815,0.8857808857808859,-0.01177944862155389,-0.012685560053981026,0.020766129032258163,0.026276276276276267,0.0,2026-03-11 12:53:42.076586
0.7966804979253111,0.48631811635462374,0.9315403422982885,-0.03583176176483495,0.844789356984479,0.19565909081991975,0.886046511627907,-0.011988011988011915,-0.012910166756320507,0.021009036144578386,0.026276276276276267,0.0,2026-03-11 12:53:42.083326
0.7950310559006211,0.4851820915469429,0.9292682926829269,-0.03852920096431689,0.844789356984479,0.1954203365017992,0.8850174216027874,-0.008710801393728151,-0.009380863039399445,0.0172500000000001,0.026276276276276267,0.0,2026-03-11 12:53:42.090053
0.7933884297520661,0.4849044166117337,0.9292682926829269,-0.03934031953272649,0.8429203539823009,0.1940954375881903,0.8839907192575406,-0.008348219812872482,-0.008986881437901051,0.0172500000000001,0.027027027027027084,0.0,2026-03-11 12:53:42.114330
0.7938144329896907,0.4849904649174722,0.9294403892944039,-0.039122423619146286,0.8432671081677704,0.19411340958884207,0.8842592592592593,-0.008565989847715727,-0.009221311475409832,0.017504980079681265,0.027027027027027084,0.0,2026-03-11 12:53:42.124447
0.7942386831275721,0.48507609551298875,0.9296116504854369,-0.03890551517742552,0.8436123348017621,0.19413129269508214,0.8845265588914549,-0.008782252823494319,-0.009454119159717944,0.017757936507936556,0.027027027027027084,0.0,2026-03-11 12:53:42.134638
0.7946611909650924,0.4851613114324979,0.9297820823244553,-0.03868958751013155,0.843956043956044,0.19414908756505342,0.8847926267281105,-0.008997024330474335,-0.009685321273789294,0.018008893280632488,0.027027027027027084,0.0,2026-03-11 12:53:42.154294
0.7950819672131147,0.4852461156808983,0.9299516908212561,-0.038474633980251985,0.8442982456140351,0.19416679485041555,0.8850574712643678,-0.008638105189829326,-0.009295352323838157,0.017504234895539317,0.027027027027027084,0.0,2026-03-11 12:53:42.164715
0.7955010224948875,0.4853305112341257,0.9301204819277108,-0.0382606480105311,0.8446389496717724,0.19418441519642474,0.8853211009174312,-0.008851400603977932,-0.009524876736889398,0.017753215630654906,0.027027027027027084,0.0,2026-03-11 12:53:42.189925
0.7938775510204081,0.4850602409638554,0.9301204819277108,-0.0390510182657993,0.8427947598253275,0.19288550820916653,0.8843069873997709,-0.009063235090632338,-0.009752829064919588,0.017753215630654906,0.0256045519203415,0.0,2026-03-11 12:53:42.200700
0.7942973523421588,0.4851442307692308,0.9302884615384616,-0.0388377987724406,0.8431372549019608,0.1929029249688518,0.8845714285714286,-0.009273623608094583,-0.00997922540436269,0.01800024357569119,0.0256045519203415,0.0,2026-03-11 12:53:42.211449
0.7947154471544715,0.48522781774580337,0.9304556354916067,-0.038625532982192345,0.8434782608695652,0.19292025663383378,0.8848346636259977,-0.008918311694993686,-0.009593210958398712,0.01750181554103125,0.0256045519203415,0.0,2026-03-11 12:53:42.222349
0.795131845841785,0.485311004784689,0.930622009569378,-0.03841421451064593,0.8438177874186551,0.1929375038264337,0.8850967007963596,-0.008566552901023816,-0.009211347205401843,0.017009503187778163,0.0256045519203415,0.0,2026-03-11 12:53:42.230284
0.7935222672064778,0.48504784688995217,0.930622009569378,-0.03918495297805597,0.841991341991342,0.19166397503210408,0.884090909090909,-0.00821829419455622,-0.008833567556715494,0.017009503187778163,0.026315789473684292,0.0,2026-03-11 12:53:42.244533
0.793939393939394,0.4851306368546665,0.9307875894988067,-0.038974401185283385,0.8423326133909287,0.19168102507800006,0.8843537414965986,-0.007873483594093122,-0.00845980684046177,0.016523194643711103,0.026315789473684292,0.0,2026-03-11 12:53:42.255879
0.7923387096774194,0.48402255639097747,0.9285714285714286,-0.0415919099657482,0.8423326133909287,0.19145269739114637,0.883352208380521,-0.012458178516787433,-0.013452182121850287,0.022103386809269154,0.026315789473684292,0.0,2026-03-11 12:53:42.267301
0.7907444668008048,0.48291973996749593,0.9263657957244655,-0.04415983192598288,0.8423326133909287,0.19122518370722114,0.8823529411764706,-0.016997925450043527,-0.018444557403238804,0.027616347743916858,0.026315789473684292,0.0,2026-03-11 12:53:42.885562
0.7911646586345381,0.48300698428535793,0.9265402843601895,-0.04394098202047956,0.8426724137931034,0.19124319227926878,0.8826185101580135,-0.017206882753101338,-0.018671298306556672,0.027861445783132543,0.026315789473684292,0.0,2026-03-11 12:53:42.903195
0.7915831663326653,0.48309381610053503,0.9267139479905437,-0.043723100438437856,0.843010752688172,0.19126111402077745,0.8828828828828829,-0.016824290691886512,-0.018248569268977333,0.027320359281437168,0.026315789473684292,0.0,2026-03-11 12:53:42.908531
0.79,0.48283749347579136,0.9267139479905437,-0.044485118573929984,0.8412017167381974,0.19001510001417732,0.8818897637795274,-0.017031831335262426,-0.018473679490628614,0.027320359281437168,0.02496626180836714,0.0,2026-03-11 12:53:42.913870
0.7904191616766467,0.48899799963629753,0.9267139479905437,-0.028385431939475774,0.8412017167381974,0.2179995234046241,0.8818897637795274,-0.021507322692117747,-0.02344184378082681,0.027320359281437168,0.0,0.0,2026-03-11 12:53:42.926142
0.7888446215139442,0.4879051765844219,0.9245283018867925,-0.031000542509493995,0.8412017167381974,0.21774229673875095,0.8808988764044944,-0.018335082655471013,-0.019984269984270053,0.023672499359258192,0.0,0.0,2026-03-11 12:53:42.932631
0.7872763419483101,0.48681749622926096,0.9223529411764706,-0.033568259942772606,0.8412017167381974,0.21748597846657286,0.8799102132435466,-0.015184204504592791,-0.01654997951294246,0.02005291742097204,0.0,0.0,2026-03-11 12:53:42.936314
0.7876984126984127,0.4869086312748285,0.9225352112676056,-0.033340997930559474,0.841541755888651,0.21750746657005446,0.8801791713325868,-0.014785536524666965,-0.016108452950558183,0.019518272425249172,0.0,0.0,2026-03-11 12:53:42.950653
0.7881188118811882,0.4869993394583559,0.9227166276346604,-0.033114735292430336,0.8418803418803419,0.21752885191891685,0.8804469273743017,-0.014390701890701907,-0.01567154970296336,0.018989954589239022,0.0,0.0,2026-03-11 12:53:42.954521
0.7885375494071146,0.48708962377186676,0.9228971962616822,-0.032889465450799765,0.8422174840085288,0.21755013524875805,0.8807134894091416,-0.014616675271037716,-0.0159176358972557,0.01925932695163468,0.0,0.0,2026-03-11 12:53:42.970529
0.7889546351084813,0.4871794871794872,0.9230769230769231,-0.03266518188567135,0.8425531914893617,0.21757131728816845,0.8809788654060068,-0.014841137123745907,-0.016162076030047823,0.019526627218934944,0.0,0.0,2026-03-11 12:53:42.979366
0.7874015748031497,0.4868549172346641,0.9230769230769231,-0.03357070193285842,0.8407643312101911,0.21618989813247,0.8800000000000001,-0.015064102564102622,-0.0164048865619546,0.019526627218934944,0.0012820512820512775,0.0,2026-03-11 12:53:42.996682
0.7858546168958742,0.48578157197527233,0.9209302325581395,-0.03607910511867703,0.8407643312101911,0.21593836820654005,0.8790233074361821,-0.011963327370304144,-0.013028126141483076,0.01596046158380382,0.0012820512820512775,0.0,2026-03-11 12:53:43.015994
0.7862745098039216,0.48587330024376635,0.9211136890951276,-0.035851377035739346,0.8411016949152542,0.21595987544515055,0.8792912513842746,-0.011572271058195138,-0.012596899224806224,0.015438359251746747,0.0012820512820512775,0.0,2026-03-11 12:53:43.032133
0.786692759295499,0.4859646038443507,0.9212962962962963,-0.035624639756057154,0.8414376321353065,0.21598128098638858,0.8795580110497238,-0.011803289077600643,-0.012848371964679917,0.015716210148181475,0.0012820512820512775,0.0,2026-03-11 12:53:43.039730
0.787109375,0.48605548571929724,0.9214780600461894,-0.03539888682745826,0.8417721518987342,0.21600258555018276,0.8798235942668137,-0.01203278222559101,-0.013098184818481906,0.015991948110042564,0.0012820512820512775,0.0,2026-03-11 12:53:43.049811
0.7875243664717348,0.48614594878376016,0.9216589861751152,-0.03517411185367519,0.8421052631578947,0.21602378984967952,0.88008800880088,-0.01226076555023925,-0.01334635416666674,0.01626559714795006,0.0012820512820512775,0.0,2026-03-11 12:53:43.059023
0.7859922178988327,0.4850865706387313,0.9195402298850575,-0.037621581941641016,0.8421052631578947,0.2157753437757009,0.879120879120879,-0.00920856537767667,-0.010023907103825058,0.012763596004439548,0.0012820512820512775,0.0,2026-03-11 12:53:43.074049
0.7864077669902912,0.48517884101730346,0.9197247706422018,-0.037393788455903736,0.842436974789916,0.2157969944585111,0.8793859649122807,-0.0088212334113974,-0.009598233245561971,0.012247600132406555,0.0012820512820512775,0.0,2026-03-11 12:53:43.085222
0.7868217054263565,0.48527068910581356,0.919908466819222,-0.037166977305119905,0.8427672955974843,0.21581854389644292,0.8796498905908097,-0.009056956115779724,-0.009854719089708475,0.01253132832080206,0.0012820512820512775,0.0,2026-03-11 12:53:43.096216
0.7872340425531915,0.48536211779665916,0.9200913242009132,-0.03694114214863932,0.8430962343096234,0.2158399927983354,0.8799126637554584,-0.00929114316736468,-0.010109534016303545,0.012812931204415623,0.0012820512820512775,0.0,2026-03-11 12:53:43.106732
0.7876447876447876,0.48545312995588363,0.9202733485193622,-0.03671627670026602,0.8434237995824635,0.21586134186642306,0.8801742919389979,-0.008907482594130656,-0.009688035192585431,0.012302935284382976,0.0012820512820512775,0.0,2026-03-11 12:53:43.117870
0.7880539499036608,0.48554372842347526,0.9204545454545454,-0.03649237472766834,0.84375,0.21588259179641253,0.8804347826086957,-0.009140148950575577,-0.009941089837997241,0.012582436653939655,0.0012820512820512775,0.0,2026-03-11 12:53:43.135640
0.7865384615384615,0.48522727272727273,0.9204545454545454,-0.037383177570093316,0.841995841995842,0.2145290825802583,0.8794788273615635,-0.009371309375910686,-0.010192506589263628,0.012582436653939655,0.00250156347717323,0.0,2026-03-11 12:53:43.519228
0.7850287907869482,0.48491863075196406,0.9204545454545454,-0.03825486637486166,0.8402489626556017,0.21320071635561041,0.8785249457700649,-0.009600978443663144,-0.010442301296973877,0.012582436653939655,0.00366300366300365,0.0,2026-03-11 12:53:43.520506
0.7854406130268199,0.48500881834215165,0.9206349206349206,-0.03803131991051452,0.8405797101449275,0.21322160507523683,0.8787878787878787,-0.009220937309799226,-0.010024813895781692,0.012078336640496956,0.00366300366300365,0.0,2026-03-11 12:53:43.521675
0.7858508604206501,0.48509859784369586,0.920814479638009,-0.03780872399985794,0.8409090909090909,0.21324239724342786,0.879049676025918,-0.008844464637286165,-0.009611586570112074,0.011580030880082304,0.00366300366300365,0.0,2026-03-11 12:53:43.525913
0.7862595419847328,0.48518797202017666,0.9209932279909706,-0.03758707259290707,0.8412371134020619,0.21326309352835168,0.8793103448275862,-0.00907265673354174,-0.009859570837981613,0.011857454172541915,0.00366300366300365,0.0,2026-03-11 12:53:43.527651
0.7866666666666666,0.48527694361027696,0.9211711711711712,-0.03736635969090754,0.8415637860082305,0.21328369459202282,0.8795698924731183,-0.00929938605994951,-0.01010596546310838,0.012132822477650018,0.00366300366300365,0.0,2026-03-11 12:53:43.532449
0.785171102661597,0.48497582948802465,0.9211711711711712,-0.03821834061135333,0.839835728952772,0.21197919492610717,0.8786251342642319,-0.009524666636667733,-0.010350785681684904,0.012132822477650018,0.004770423375074606,0.0,2026-03-11 12:53:43.536869
0.7855787476280834,0.48506440120580985,0.9213483146067416,-0.03799829181990913,0.8401639344262295,0.21199957600127198,0.8788853161843515,-0.00915171240034629,-0.009941454079563927,0.011640211640211673,0.004770423375074606,0.0,2026-03-11 12:53:43.538725
0.7859848484848485,0.48515257574100407,0.92152466367713,-0.03777916927572512,0.8404907975460123,0.2120198637354448,0.8791443850267381,-0.009375558068932643,-0.010184616379449674,0.01191354770690567,0.004770423375074606,0.0,2026-03-11 12:53:43.545068
0.7863894139886578,0.48524035575926233,0.9217002237136466,-0.03756096714283192,0.8408163265306122,0.21204005876866025,0.87940234791889,-0.009597982495178736,-0.010426234791717004,0.0121848739495799,0.004770423375074606,0.0,2026-03-11 12:53:43.554578
0.7849056603773585,0.484946497398992,0.9217002237136466,-0.038394115422954206,0.8391038696537678,0.21075883822467392,0.8784648187633262,-0.009228497600590635,-0.010020843354176634,0.0121848739495799,0.0034883720930233286,0.0,2026-03-11 12:53:43.562739
0.7853107344632768,0.4850338855421687,0.921875,-0.038176579543116276,0.8394308943089431,0.2107788197219386,0.8787234042553193,-0.00944951427730345,-0.010260836210203239,0.012454212454212521,0.0034883720930233286,0.0,2026-03-11 12:53:43.580846
0.7857142857142857,0.485120884428583,0.9220489977728286,-0.03795995207941116,0.8397565922920892,0.21079871033336184,0.8789808917197452,-0.009669136527033939,-0.01049931491571865,0.012721584984358714,0.0034883720930233286,0.0,2026-03-11 12:53:43.589522
0.7861163227016885,0.48520749665327984,0.9222222222222223,-0.03774422735346459,0.840080971659919,0.21081851067789192,0.8792372881355933,-0.009887377504753547,-0.010736293755161608,0.012987012987012991,0.0034883720930233286,0.0,2026-03-11 12:53:43.598323
0.7865168539325843,0.4852937247882884,0.9223946784922394,-0.03752939973412438,0.8404040404040404,0.21083822136886718,0.8794926004228328,-0.009521313766596817,-0.010334692329572404,0.012499999999999956,0.0034883720930233286,0.0,2026-03-11 12:53:43.608390
0.7869158878504673,0.4853795713828767,0.922566371681416,-0.03731546363698216,0.8407258064516129,0.21085784301407942,0.879746835443038,-0.009738186462324383,-0.010570091838502771,0.01276350461133069,0.0034883720930233286,0.0,2026-03-11 12:53:43.611071
0.7873134328358209,0.4854650389638023,0.9227373068432672,-0.03710241352388083,0.8410462776659959,0.2108773762158367,0.88,-0.009953703703703742,-0.010804020100502632,0.01302510666229073,0.0034883720930233286,0.0,2026-03-11 12:53:43.619585
0.7877094972067039,0.48555013003556075,0.9229074889867841,-0.036890243902439286,0.8413654618473896,0.2108968215710248,0.8802521008403361,-0.010167878158532373,-0.011036490865542703,0.013284826684107243,0.0034883720930233286,0.0,2026-03-11 12:53:43.628212
0.7881040892193308,0.48563484708063026,0.9230769230769231,-0.03667894932558073,0.8416833667334669,0.2109161796711685,0.8805031446540881,-0.010380722337244075,-0.011267517712787445,0.013542684913652625,0.0034883720930233286,0.0,2026-03-11 12:53:43.636827
0.7884972170686456,0.4857191925597126,0.9232456140350878,-0.03646852439106663,0.842,0.2109354511024912,0.8807531380753137,-0.010018032458425141,-0.010869565217391353,0.013061174898244321,0.0034883720930233286,0.0,2026-03-11 12:53:43.645553
0.7888888888888889,0.4858031689119718,0.9234135667396062,-0.03625896374103675,0.8423153692614771,0.21095463644597454,0.8810020876826723,-0.00965867000968712,-0.010475572448317427,0.012585075107728216,0.0034883720930233286,0.0,2026-03-11 12:53:43.654143
0.789279112754159,0.4858867785552691,0.9235807860262009,-0.03605026206155099,0.8426294820717132,0.2109737362774169,0.88125,-0.009870196267787623,-0.010704988986953712,0.012841091492776902,0.0034883720930233286,0.0,2026-03-11 12:53:43.662978
0.7896678966789668,0.48597002388639526,0.9237472766884531,-0.035842414082145564,0.8429423459244533,0.2109927511674907,0.8814968814968814,-0.009514115667896617,-0.010314808570640377,0.012370311252992816,0.0034883720930233286,0.0,2026-03-11 12:53:43.671902
0.7900552486187845,0.48605290728129913,0.9239130434782609,-0.035635414575386465,0.8432539682539683,0.21101168168179987,0.8817427385892116,-0.009724336208354556,-0.010542720938760741,0.012624505457364932,0.0034883720930233286,0.0,2026-03-11 12:53:43.680907
0.7904411764705882,0.48613543109531404,0.9240780911062907,-0.035429258356430335,0.8435643564356435,0.21103052838093567,0.8819875776397516,-0.00993326308394804,-0.010769230769230864,0.012876896865961385,0.0034883720930233286,0.0,2026-03-11 12:53:43.690000
0.7908256880733945,0.4862175976633808,0.9242424242424242,-0.03522394028259152,0.8438735177865613,0.21104929182053217,0.8822314049586777,-0.009580419580419552,-0.0103827207275482,0.012411347517730542,0.0034883720930233286,0.0,2026-03-11 12:53:43.699213
0.7912087912087912,0.48629940930026805,0.9244060475161987,-0.0350194552529188,0.8441814595660749,0.21106797255132112,0.8824742268041237,-0.009230769230769154,-0.010000000000000009,0.011950942361192762,0.0034883720930233286,0.0,2026-03-11 12:53:43.708442
0.7915904936014625,0.48638086830078936,0.9245689655172413,-0.034815798207766216,0.844488188976378,0.2110865711191856,0.8827160493827161,-0.008884268884268853,-0.009621013133208178,0.01149559660197963,0.0034883720930233286,0.0,2026-03-11 12:53:43.717736
0.791970802919708,0.48646197694001814,0.9247311827956989,-0.03461296412838247,0.8447937131630648,0.21110508806521372,0.8829568788501027,-0.0090919139998894,-0.009845877599880204,0.01174620432570972,0.0034883720930233286,0.0,2026-03-11 12:53:43.724152
0.7923497267759563,0.4865427374734992,0.924892703862661,-0.03441094803649379,0.8450980392156863,0.21112352392575068,0.8831967213114754,-0.009298289114802905,-0.010069366748713282,0.011995047206314835,0.0034883720930233286,0.0,2026-03-11 12:53:43.730579
0.7927272727272727,0.48662315213745777,0.9250535331905781,-0.03420974499389727,0.8454011741682974,0.21114187923245112,0.883435582822086,-0.008954896394728573,-0.009693892699147888,0.011544677903486456,0.0034883720930233286,0.0,2026-03-11 12:53:43.737069
0.7931034482758621,0.4867032231490063,0.9252136752136753,-0.03400935010206112,0.845703125,0.21116015451233,0.883673469387755,-0.009160013124794975,-0.009915936538006154,0.011791774518262854,0.0034883720930233286,0.0,2026-03-11 12:53:43.746654
0.7916666666666666,0.48641636141636146,0.9252136752136753,-0.03482003129890454,0.8440545808966862,0.20989948560631122,0.8827726809378186,-0.009363882944648183,-0.010136630566293992,0.011791774518262854,0.00454545454545463,0.0,2026-03-11 12:53:43.753397
0.7902350813743219,0.48613624937154354,0.9252136752136753,-0.03561396144780675,0.8424124513618677,0.20866112975079673,0.8818737270875764,-0.009566517189835588,-0.01035598705501628,0.011791774518262854,0.005555555555555647,0.0,2026-03-11 12:53:43.892052
0.7906137184115524,0.486215978928885,0.9253731343283582,-0.03541391422034646,0.8427184466019417,0.2086791101840739,0.8821138211382115,-0.009767927058919157,-0.010574018126888296,0.012037143184684185,0.005555555555555647,0.0,2026-03-11 12:53:43.899713
0.790990990990991,0.4862953692115144,0.925531914893617,-0.03521466473709598,0.8430232558139535,0.2086970125656265,0.8823529411764707,-0.009427600345274012,-0.010201847716625023,0.011591669200364918,0.005555555555555647,0.0,2026-03-11 12:53:43.907206
0.7913669064748201,0.48637442238041717,0.9256900212314225,-0.0350162082357095,0.8433268858800773,0.20871483740277533,0.8825910931174089,-0.009090298757972515,-0.009833255867999213,0.011151011151011136,0.005555555555555647,0.0,2026-03-11 12:53:43.908726
0.7917414721723519,0.48645314057826516,0.9258474576271186,-0.03481853999167173,0.8436293436293436,0.20873258519845223,0.8828282828282829,-0.00875598214047002,-0.00946819121409681,0.010715091360252726,0.005555555555555647,0.0,2026-03-11 12:53:43.916343
0.7921146953405018,0.4865315259296108,0.9260042283298098,-0.03462165531792403,0.8439306358381503,0.2087502564512476,0.8830645161290324,-0.008956178697089201,-0.00968467170115872,0.010958750140496853,0.005555555555555647,0.0,2026-03-11 12:53:43.917965
0.7924865831842576,0.48660958054107717,0.9261603375527426,-0.034425549564495846,0.8442307692307692,0.20876785165545714,0.8832997987927566,-0.009155172871987083,-0.009899852005115228,0.0112007168458782,0.005555555555555647,0.0,2026-03-11 12:53:43.926148
0.7928571428571428,0.486687306501548,0.9263157894736842,-0.03423021811813402,0.8445297504798465,0.2087853713011279,0.8835341365461847,-0.008823801775343698,-0.009538109538109518,0.010769459298871076,0.005555555555555647,0.0,2026-03-11 12:53:43.927963
0.7932263814616756,0.486764705882353,0.9264705882352942,-0.034035656401945454,0.8448275862068966,0.2088028158741041,0.8837675350701403,-0.009021604368355862,-0.009751924721984606,0.011009751494180597,0.005555555555555647,0.0,2026-03-11 12:53:43.935914
0.7935943060498221,0.4868417807374522,0.9266247379454927,-0.033841859875035255,0.8451242829827916,0.20882018585607176,0.8840000000000001,-0.00921822605036493,-0.009964463397299284,0.011248386501936158,0.005555555555555647,0.0,2026-03-11 12:53:43.943951
0.7921847246891652,0.4865681829262347,0.9266247379454927,-0.03461761980303798,0.8435114503816794,0.20760256506296013,0.8831168831168832,-0.009413677365219253,-0.010175736961451243,0.011248386501936158,0.006521739130434856,0.0,2026-03-11 12:53:43.946128
0.7925531914893617,0.4866449352924005,0.9267782426778243,-0.03442437923250547,0.8438095238095238,0.2076197600800867,0.8833499501495513,-0.009085213032581474,-0.0098171970209886,0.01082171680117383,0.006521739130434856,0.0,2026-03-11 12:53:43.970822
0.7929203539823009,0.4867213671893965,0.9269311064718163,-0.03423189448816471,0.844106463878327,0.20763688188667098,0.8835820895522388,-0.009279504398979621,-0.010027142194158012,0.01105871170578343,0.006521739130434856,0.0,2026-03-11 12:53:44.064616
0.7932862190812721,0.48679748062015504,0.9270833333333334,-0.034040161144248814,0.8444022770398482,0.20765393094945178,0.8838133068520357,-0.009472646112322236,-0.010235845088196527,0.01129408335762161,0.006521739130434856,0.0,2026-03-11 12:53:44.071785
0.7936507936507936,0.486873277570952,0.9272349272349273,-0.033849174809481165,0.8446969696969697,0.20767090773120728,0.8840436075322101,-0.009664648346530025,-0.01044331669672438,0.011527848377024141,0.006521739130434856,0.0,2026-03-11 12:53:44.072927
0.7940140845070423,0.48694876001157966,0.9273858921161826,-0.03365893112673439,0.8449905482041588,0.20768781269079697,0.884272997032641,-0.009855521155830771,-0.010649567884025712,0.011760023158199462,0.006521739130434856,0.0,2026-03-11 12:53:44.080154
0.7943760984182777,0.48702392989551735,0.927536231884058,-0.033469425772700005,0.8452830188679246,0.20770464628320331,0.8845014807502468,-0.010045274476513821,-0.010854609386943936,0.011990623873061601,0.006521739130434856,0.0,2026-03-11 12:53:44.081416
0.7947368421052632,0.4870987891600999,0.9276859504132231,-0.0332806544575627,0.8455743879472694,0.20772140895957236,0.8847290640394089,-0.010233918128654929,-0.011058451816745585,0.012219666474985624,0.006521739130434856,0.0,2026-03-11 12:53:44.082739
0.7950963222416813,0.48717333972668425,0.9278350515463918,-0.03309261292467591,0.8458646616541353,0.20773810116725425,0.8849557522123893,-0.010421461817809785,-0.011261105660950843,0.012447166702485801,0.006521739130434856,0.0,2026-03-11 12:53:44.090155
0.7954545454545454,0.4872475835008135,0.9279835390946503,-0.032905296950241074,0.8461538461538461,0.20775472334984296,0.885181550539745,-0.010095866169299805,-0.010905440343253137,0.01202501202501205,0.006521739130434856,0.0,2026-03-11 12:53:44.091565
0.7958115183246073,0.4873215223723795,0.9281314168377823,-0.032718702342991894,0.846441947565543,0.20777127594721576,0.8854064642507344,-0.009773101787298732,-0.010553114606003389,0.011607301080985288,0.006521739130434856,0.0,2026-03-11 12:53:44.099150
0.7961672473867596,0.48739515821578344,0.9282786885245902,-0.03253282494388274,0.8467289719626169,0.20778775939557195,0.8856304985337243,-0.009453131902111389,-0.010204081632652962,0.011193964073545226,0.006521739130434856,0.0,2026-03-11 12:53:44.100676
0.7965217391304348,0.4874684928900937,0.9284253578732107,-0.03234766062577705,0.8470149253731343,0.2078041741274715,0.8858536585365853,-0.00913592037800337,-0.009858295477659373,0.010784932659932633,0.006521739130434856,0.0,2026-03-11 12:53:44.108305
0.796875,0.48754152823920266,0.9285714285714286,-0.03216320529314427,0.8472998137802608,0.20782052057187264,0.8860759493670886,-0.009322373696872499,-0.01005949161709041,0.011010906040268442,0.006521739130434856,0.0,2026-03-11 12:53:44.157906
0.7972270363951474,0.4876142660919812,0.9287169042769857,-0.03197945488175829,0.8475836431226765,0.2078367991541693,0.8862973760932944,-0.0095077461269365,-0.010259521402089522,0.011235367892976633,0.006521739130434856,0.0,2026-03-11 12:53:44.162032
0.7975778546712803,0.48768670826243143,0.9288617886178862,-0.03179640535839636,0.8478664192949907,0.20785301029622835,0.8865179437439379,-0.009692047040063767,-0.010458394945557226,0.011458333333333348,0.006521739130434856,0.0,2026-03-11 12:53:44.163223
0.7962003454231433,0.48741940005606954,0.9288617886178862,-0.032553500181356124,0.8462962962962963,0.2066550002585392,0.8856589147286822,-0.009377558361656213,-0.01011560693641611,0.011458333333333348,0.005302226935312904,0.0,2026-03-11 12:53:44.167726
0.7965517241379311,0.4874915483434753,0.9290060851926978,-0.03237095363079585,0.8465804066543438,0.20667105132827757,0.8858800773694391,-0.009560797021681888,-0.010313267157647577,0.011679817275747517,0.005302226935312904,0.0,2026-03-11 12:53:44.168984
0.7969018932874354,0.48756340453255154,0.9291497975708503,-0.03218909966877396,0.8468634686346863,0.20668703617498058,0.8861003861003861,-0.009248996280696531,-0.00997357202618887,0.011275024529633582,0.005302226935312904,0.0,2026-03-11 12:53:44.173388
0.7955326460481099,0.48730217151269783,0.9291497975708503,-0.03293064876957559,0.8453038674033149,0.20550932267847594,0.8852459016393442,-0.008939849163038804,-0.009636993363826285,0.011275024529633582,0.0041407867494824835,0.0,2026-03-11 12:53:44.174820
0.7941680960548885,0.4870468088977847,0.9291497975708503,-0.033657397831034226,0.84375,0.2043515144643133,0.8843930635838151,-0.008633321936208693,-0.009303488479202038,0.011275024529633582,0.0030333670374115274,0.0,2026-03-11 12:53:44.179384
0.7945205479452054,0.4871183747588242,0.9292929292929293,-0.0334758885120188,0.8440366972477065,0.20436725361526,0.8846153846153846,-0.008815507500487096,-0.00949981630189467,0.011495041690972152,0.0030333670374115274,0.0,2026-03-11 12:53:44.181494
0.7948717948717948,0.4871896520478434,0.9294354838709677,-0.033295063145810135,0.8443223443223443,0.20438292809716663,0.8848368522072937,-0.008996649021417169,-0.009695019036778385,0.011713606593820036,0.0030333670374115274,0.0,2026-03-11 12:53:44.186560
0.7952218430034129,0.48726064250672574,0.9295774647887324,-0.03311491787382823,0.8446069469835467,0.2043985383079217,0.8850574712643678,-0.008692708522239578,-0.009364417817139925,0.011312986968799899,0.0030333670374115274,0.0,2026-03-11 12:53:44.191721
0.7955706984667802,0.4873313478633636,0.929718875502008,-0.032935448866469354,0.8448905109489051,0.20441408464215535,0.8852772466539197,-0.008872814948764352,-0.009558441558441544,0.011530113944655418,0.0030333670374115274,0.0,2026-03-11 12:53:44.203864
0.7959183673469388,0.48740176983179845,0.9298597194388778,-0.03275665232282425,0.8451730418943534,0.2044295674912723,0.885496183206107,-0.009051895127844545,-0.009751359751359878,0.011745817137062686,0.0030333670374115274,0.0,2026-03-11 12:53:44.209591
0.7962648556876061,0.4874719101123596,0.93,-0.03257852447041711,0.8454545454545455,0.20444498724348503,0.8857142857142858,-0.008750508750508756,-0.009423624808240216,0.011349306431273631,0.0030333670374115274,0.0,2026-03-11 12:53:44.215993
0.7966101694915254,0.4875417703918007,0.9301397205588823,-0.03240106156493352,0.8457350272232305,0.20446034428384605,0.8859315589353612,-0.008928571428571397,-0.009615384615384581,0.011563599798893875,0.0030333670374115274,0.0,2026-03-11 12:53:44.221882
0.7952622673434856,0.48729208250166334,0.9301397205588823,-0.033112295756945506,0.8442028985507246,0.20332128057817836,0.8850902184235516,-0.009105625252934013,-0.009806057964698134,0.011563599798893875,0.003958436417615063,0.0,2026-03-11 12:53:44.227906
0.793918918918919,0.4870478822574631,0.9301397205588823,-0.0338095101772063,0.8426763110307414,0.2022010446119126,0.8842504743833018,-0.009281678773204183,-0.00999565406345071,0.011563599798893875,0.004844961240310086,0.0,2026-03-11 12:53:44.233975
0.7942664418212478,0.48711746420909763,0.9302788844621513,-0.03363241513315895,0.8429602888086642,0.2022161703148338,0.8844696969696968,-0.008982814457603516,-0.009670687636789355,0.011171135120714992,0.004844961240310086,0.0,2026-03-11 12:53:44.240231
0.7946127946127947,0.4871867694929325,0.9304174950298211,-0.033455976726277356,0.8432432432432433,0.20223123475122018,0.88468809073724,-0.00868644067796609,-0.009348635707228103,0.010782654855512441,0.004844961240310086,0.0,2026-03-11 12:53:44.251481
0.7949579831932773,0.48725579975579975,0.9305555555555556,-0.033280191311279315,0.8435251798561151,0.20224623829268348,0.8849056603773584,-0.008392526431769687,-0.00902945924132359,0.010398098633392805,0.004844961240310086,0.0,2026-03-11 12:53:44.258397
0.7953020134228188,0.4873245566314873,0.9306930693069307,-0.03310505526981336,0.8438061041292639,0.20226118130783505,0.8851224105461394,-0.00856758810122138,-0.009217806841046228,0.010610995953015512,0.004844961240310086,0.0,2026-03-11 12:53:44.265416
0.7956448911222781,0.4873930417408678,0.9308300395256917,-0.032930565010211424,0.8440860215053764,0.2022760641623161,0.8853383458646616,-0.008276102898381987,-0.008901408450704196,0.010230304617550257,0.004844961240310086,0.0,2026-03-11 12:53:44.275557
0.7959866220735786,0.4874612566920259,0.9309664694280079,-0.03275671696724374,0.8443649373881932,0.20229088721882793,0.8855534709193245,-0.008450181075308705,-0.009088639200998783,0.01044181948704559,0.004844961240310086,0.0,2026-03-11 12:53:44.282726
0.7963272120200334,0.48752920308038417,0.9311023622047244,-0.03258350760187672,0.8446428571428571,0.20230565083716082,0.8857677902621723,-0.008161094927636725,-0.008774982599184522,0.010064935064934999,0.004844961240310086,0.0,2026-03-11 12:53:44.295428
0.7966666666666666,0.48759688248882743,0.931237721021611,-0.03241093340103279,0.8449197860962567,0.20232035537422358,0.8859813084112149,-0.008334197876681548,-0.008961106566520494,0.010275080906148815,0.004844961240310086,0.0,2026-03-11 12:53:44.311990
0.7970049916805324,0.4876642964878259,0.9313725490196079,-0.032238990877350916,0.8451957295373665,0.2023350011840724,0.8861940298507462,-0.008506333770145091,-0.00914619073515599,0.010483870967741837,0.004844961240310086,0.0,2026-03-11 12:53:44.322611
0.7973421926910299,0.4877314466355562,0.9315068493150684,-0.032067676568954914,0.8454706927175843,0.20234958861793903,0.8864059590316573,-0.008219617181060568,-0.008835183225457177,0.010110736639383666,0.004844961240310086,0.0,2026-03-11 12:53:44.338379
0.7976782752902156,0.48779833447802196,0.931640625,-0.031896987039218505,0.8457446808510638,0.2023641180242591,0.8866171003717472,-0.007935241135560434,-0.00852690385180832,0.009741296710316094,0.004844961240310086,0.0,2026-03-11 12:53:44.355894
0.7980132450331126,0.487864961549172,0.9317738791423001,-0.0317269188765363,0.8460176991150442,0.2023785897486998,0.8868274582560296,-0.007653177090430119,-0.008221316874435836,0.00937549658350545,0.004844961240310086,0.0,2026-03-11 12:53:44.375445
0.7983471074380165,0.4879313293710181,0.9319066147859922,-0.031557468694096855,0.8462897526501767,0.20239300413418743,0.8870370370370371,-0.007824354009556833,-0.008405201250440975,0.00958294394373782,0.004844961240310086,0.0,2026-03-11 12:53:44.392601
0.7986798679867987,0.4879974394537501,0.9320388349514563,-0.03138863312965585,0.8465608465608465,0.20240736152093436,0.8872458410351202,-0.00799457994579944,-0.008588064046579413,0.00978906151319947,0.004844961240310086,0.0,2026-03-11 12:53:44.409857
0.7990115321252059,0.4880632932958514,0.9321705426356589,-0.031220408845318143,0.846830985915493,0.20242166224646602,0.8874538745387454,-0.008163862802062938,-0.00876991375243441,0.009993862037488754,0.004844961240310086,0.0,2026-03-11 12:53:44.423533
0.7993421052631579,0.48812889238421153,0.9323017408123792,-0.031052792527313813,0.8471001757469244,0.2024359066456473,0.8876611418047882,-0.007884082676326454,-0.008466819221967903,0.00963164818643103,0.004844961240310086,0.0,2026-03-11 12:53:44.435847
0.7996715927750411,0.4881942381942382,0.9324324324324325,-0.0308857808857801,0.8473684210526315,0.20245009505070868,0.8878676470588236,-0.008052430268190691,-0.008647609896709207,0.00983514424878229,0.004844961240310086,0.0,2026-03-11 12:53:44.797785
0.8,0.48825933218996803,0.9325626204238922,-0.030719370654552252,0.8476357267950964,0.20246422779127218,0.8880733944954128,-0.00821985032511352,-0.008827404479578416,0.010037348272642355,0.004844961240310086,0.0,2026-03-11 12:53:44.798919
0.8003273322422259,0.4883241758241758,0.9326923076923077,-0.030553558590942363,0.8479020979020979,0.2024783051943767,0.8882783882783882,-0.008386350491613626,-0.009006211180124124,0.01023827252419951,0.004844961240310086,0.0,2026-03-11 12:53:44.804096
0.8006535947712419,0.4883887705384826,0.9328214971209213,-0.030388341475531398,0.8481675392670157,0.20249232758450367,0.8884826325411335,-0.008108826657213797,-0.00870558013415157,0.009879592466810694,0.004844961240310086,0.0,2026-03-11 12:53:44.805304
0.799347471451876,0.48814987899524326,0.9328214971209213,-0.031069235713210915,0.8466898954703833,0.2013888189462409,0.8876712328767123,-0.008274414494034543,-0.008883354088833562,0.009879592466810694,0.005695301376364426,0.0,2026-03-11 12:53:44.809570
0.7996742671009772,0.4882142262202232,0.9329501915708812,-0.030904474596630722,0.8469565217391304,0.201402710526521,0.8878760255241569,-0.007999119766738172,-0.0085852621634388,0.009524394740076159,0.005695301376364426,0.0,2026-03-11 12:53:44.810876
0.8,0.4882783273755092,0.9330783938814532,-0.0307403016800884,0.8472222222222222,0.20141654803151787,0.8880800727934486,-0.008163802751991578,-0.008762012436404731,0.009724051330740169,0.005695301376364426,0.0,2026-03-11 12:53:44.815284
0.8003246753246753,0.4883421838698971,0.933206106870229,-0.030576713819368953,0.8474870017331022,0.20143033177646105,0.888283378746594,-0.008327588282284415,-0.008937799492624299,0.009922452219576217,0.005695301376364426,0.0,2026-03-11 12:53:44.819478
0.8006482982171799,0.48840579710144927,0.9333333333333333,-0.03041370789262903,0.8477508650519031,0.20144406207413393,0.8884859474161377,-0.008490483673825655,-0.009112631184407638,0.010119609215692216,0.005695301376364426,0.0,2026-03-11 12:53:44.820923
0.7993527508090615,0.4881720430107527,0.9333333333333333,-0.031080971986760006,0.846286701208981,0.20035810234584292,0.8876811594202899,-0.008652496163515822,-0.009286515278945862,0.010119609215692216,0.00651162790697668,0.0,2026-03-11 12:53:44.822677
0.7996768982229402,0.4882354143668997,0.9334600760456274,-0.030918419426759904,0.846551724137931,0.20037170577474445,0.8878842676311031,-0.008813632910018465,-0.009459459459459474,0.010315533980582492,0.00651162790697668,0.0,2026-03-11 12:53:44.828015
0.8,0.4882985452245414,0.9335863377609108,-0.030756442227763407,0.846815834767642,0.2003852566594928,0.8880866425992779,-0.008973900994814765,-0.009631471326331464,0.010510238030426722,0.00651162790697668,0.0,2026-03-11 12:53:44.838673
0.8003220611916264,0.4883614369501466,0.9337121212121212,-0.030595037340400148,0.8470790378006873,0.20039875530402645,0.8882882882882882,-0.008700808625336842,-0.009335631572249925,0.010158472165786248,0.00651162790697668,0.0,2026-03-11 12:53:44.847084
0.8006430868167203,0.4884240908998516,0.9338374291115312,-0.030434201736806756,0.8473413379073756,0.20041220200994367,0.8884892086330936,-0.008429892290675589,-0.009042320363075174,0.009810088665228811,0.00651162790697668,0.0,2026-03-11 12:53:44.851635
0.8009630818619583,0.4884865084195577,0.9339622641509434,-0.03027393241044503,0.8476027397260274,0.20042559707652477,0.888689407540395,-0.00858929871910219,-0.009213307600404397,0.01000358337314855,0.00651162790697668,0.0,2026-03-11 12:53:44.859596
0.7996794871794872,0.48825772782015253,0.9339622641509434,-0.03092783505154599,0.8461538461538461,0.19935665293702368,0.8878923766816144,-0.008747850421370829,-0.009383378016085908,0.01000358337314855,0.00729594163246694,0.0,2026-03-11 12:53:44.866502
0.8,0.48831991024562243,0.9340866290018832,-0.030768012877178435,0.8464163822525598,0.19936992549421662,0.8880931065353626,-0.008905554253573977,-0.009552538964303636,0.010195879971421684,0.00729594163246694,0.0,2026-03-11 12:53:44.872869
0.8003194888178914,0.48838185890257557,0.9342105263157895,-0.030608750625609003,0.8466780238500852,0.1993831472760252,0.8882931188561216,-0.009062416998672052,-0.009720797720797814,0.010386989553656134,0.00729594163246694,0.0,2026-03-11 12:53:44.879054
0.8006379585326954,0.48844357510678216,0.9343339587242027,-0.03045004535952369,0.8469387755102041,0.1993963185733487,0.888492417484389,-0.00921844536746641,-0.009888161483906366,0.01057692307692304,0.00729594163246694,0.0,2026-03-11 12:53:44.885424
0.8009554140127388,0.48850506016415646,0.9344569288389513,-0.030291894162116712,0.8471986417657046,0.19940943967486777,0.8886910062333038,-0.008949679162445157,-0.009597102761430554,0.010231873389768165,0.00729594163246694,0.0,2026-03-11 12:53:44.891796
0.8012718600953895,0.48856631537084905,0.9345794392523364,-0.030134294136914264,0.847457627118644,0.19942251086706572,0.8888888888888888,-0.009104879794535004,-0.009763530673288612,0.010420641676695985,0.00729594163246694,0.0,2026-03-11 12:53:44.902657
0.8015873015873016,0.4886273420133375,0.9347014925373134,-0.029977242407596284,0.8477157360406091,0.19943553243424922,0.8890860692102929,-0.00925925925925919,-0.0099290780141843,0.010608255417526302,0.00729594163246694,0.0,2026-03-11 12:53:44.909523
0.8019017432646592,0.48868814136851696,0.9348230912476723,-0.029820736117820417,0.847972972972973,0.19944850465856903,0.8892825509300266,-0.008992617688269755,-0.00964039099632319,0.010266491917867993,0.00729594163246694,0.0,2026-03-11 12:53:44.919321
0.8022151898734177,0.4887487147037886,0.9349442379182156,-0.029664772431051204,0.8482293423271501,0.19946142782004034,0.8894783377541998,-0.008728075657209455,-0.009354140155827917,0.009927967882661481,0.00729594163246694,0.0,2026-03-11 12:53:44.928502
0.8025276461295419,0.48880906327714835,0.935064935064935,-0.02950934853038742,0.8484848484848485,0.199474302196563,0.8896734333627537,-0.008465608465608399,-0.009070294784580435,0.009592637470428711,0.00729594163246694,0.0,2026-03-11 12:53:44.944264
0.8028391167192429,0.48886918833727344,0.9351851851851852,-0.029354461618392405,0.8487394957983193,0.19948712806394142,0.8898678414096917,-0.008205191798941747,-0.00878882468840625,0.009260455700564219,0.00729594163246694,0.0,2026-03-11 12:53:44.955605
0.8015748031496063,0.48864522417154,0.9351851851851852,-0.029994850669413042,0.8473154362416108,0.19843441819298066,0.8890845070422535,-0.007946801721120722,-0.008509700176366763,0.009260455700564219,0.0062388591800356386,0.0,2026-03-11 12:53:44.970890
0.8018867924528302,0.48870512695787527,0.9353049907578558,-0.02984038861901359,0.847571189279732,0.19844712839633588,0.8892794376098417,-0.008100366518485003,-0.008674142480211033,0.009446925455170008,0.0062388591800356386,0.0,2026-03-11 12:53:44.981211
0.8021978021978022,0.4887648087007186,0.9354243542435424,-0.02968645763842615,0.8478260869565217,0.19845979088905666,0.8894736842105263,-0.007843979464523088,-0.008397289219282067,0.00911784818782757,0.0062388591800356386,0.0,2026-03-11 12:53:44.997070
0.8009404388714734,0.4885455104551045,0.9354243542435424,-0.03031459016810274,0.8464106844741235,0.19742344025000577,0.8886941279579316,-0.00799673602611184,-0.008560821139987018,0.00911784818782757,0.006993006993006978,0.0,2026-03-11 12:53:45.008699
0.7996870109546166,0.4883307338228021,0.9354243542435424,-0.03093095364138263,0.845,0.19640315724293092,0.8879159369527144,-0.008148690715986118,-0.008723494625412442,0.00911784818782757,0.007718696397941649,0.0,2026-03-11 12:53:45.025408
0.8,0.4883901957433882,0.9355432780847146,-0.03077736114955781,0.8452579034941764,0.19641564156379213,0.8881118881118881,-0.00829984983156784,-0.008885316417197142,0.009303184387694174,0.007718696397941649,0.0,2026-03-11 12:53:45.034030
0.8003120124804992,0.4884494390539721,0.9356617647058824,-0.030624293430473466,0.845514950166113,0.196428079197323,0.8883071553228622,-0.008450219604509535,-0.009046293186570464,0.009487397337864634,0.007718696397941649,0.0,2026-03-11 12:53:45.043609
0.8006230529595015,0.48850846495791167,0.9357798165137615,-0.030471747799263458,0.845771144278607,0.1964404704050024,0.8885017421602788,-0.00859980620155043,-0.009206431535269788,0.009670497218849605,0.007718696397941649,0.0,2026-03-11 12:53:45.061041
0.8009331259720062,0.48856727464974886,0.9358974358974359,-0.030319721589344335,0.8460264900662252,0.19645281544635976,0.888695652173913,-0.008748615725359898,-0.009365737996443357,0.009852494088503527,0.007718696397941649,0.0,2026-03-11 12:53:45.067911
0.8012422360248447,0.4886258693152905,0.9360146252285192,-0.030168212152265617,0.8462809917355372,0.19646511457899307,0.888888888888889,-0.008896654215367339,-0.009524219035538461,0.010033397883865147,0.007718696397941649,0.0,2026-03-11 12:53:45.074858
0.8,0.48841547587956574,0.9360146252285192,-0.03077266138922853,0.8448844884488449,0.19546017134126298,0.8881179531656548,-0.009043927648578864,-0.009681881051175623,0.010033397883865147,0.008417508417508324,0.0,2026-03-11 12:53:45.084910
0.8003095975232198,0.4884738566959631,0.9361313868613139,-0.030621583516782142,0.8451400329489291,0.1954723621428008,0.8883116883116884,-0.009190441940381988,-0.009838730376010574,0.010213218422967074,0.008417508417508324,0.0,2026-03-11 12:53:45.092148
0.8006182380216383,0.48853202483179065,0.936247723132969,-0.030471016729427626,0.8453947368421053,0.19548450777731086,0.8885047536732931,-0.008936034709230545,-0.009563772684672456,0.009887202339507017,0.008417508417508324,0.0,2026-03-11 12:53:45.102287
0.8009259259259259,0.48858998144712434,0.9363636363636364,-0.030320958438100825,0.8456486042692939,0.1954966084954152,0.8886971527178602,-0.008683584456780302,-0.009291078019600274,0.009564204923486308,0.008417508417508324,0.0,2026-03-11 12:53:45.109526
0.7996918335901386,0.4883838383838384,0.9363636363636364,-0.03091397849462425,0.8442622950819673,0.19450674588946926,0.8879310344827586,-0.00843306868902316,-0.009020618556700999,0.009564204923486308,0.007407407407407307,0.0,2026-03-11 12:53:45.126804
0.8,0.4884415846303324,0.9364791288566243,-0.030764351411354047,0.8445171849427169,0.19451874089625298,0.8881239242685026,-0.008184465255371087,-0.008752366926152,0.009244184442175563,0.007407407407407307,0.0,2026-03-11 12:53:45.139631
0.8003072196620584,0.4884991216512956,0.9365942028985508,-0.030615227239514424,0.8447712418300654,0.1945306917072549,0.8883161512027491,-0.008330226260326978,-0.008908241960023044,0.009422931425820291,0.007407407407407307,0.0,2026-03-11 12:53:45.152460
0.8006134969325154,0.48855645058176705,0.9367088607594937,-0.030466603447856247,0.8450244698205547,0.19454259856635317,0.888507718696398,-0.008083513347082794,-0.008642130123100777,0.009105846912227933,0.007407407407407307,0.0,2026-03-11 12:53:45.168388
0.8009188361408882,0.4886135725485906,0.9368231046931408,-0.030318477522089753,0.8452768729641694,0.19455446171563434,0.8886986301369862,-0.008228526859705543,-0.008797164894725817,0.009283529925731782,0.007407407407407307,0.0,2026-03-11 12:53:45.181400
0.8012232415902141,0.4886704886704887,0.9369369369369369,-0.030170846964739904,0.8455284552845529,0.19456628139540996,0.888888888888889,-0.007983682983683016,-0.008533167237620765,0.008969341161122024,0.007407407407407307,0.0,2026-03-11 12:53:45.204940
0.8015267175572519,0.4887272000581353,0.9370503597122302,-0.03002370929501101,0.8457792207792207,0.19457805784423263,0.8890784982935153,-0.008127954739208021,-0.008687368628141456,0.00914596967602943,0.007407407407407307,0.0,2026-03-11 12:53:45.218296
0.801829268292683,0.4887837078142285,0.9371633752244165,-0.02987706204864358,0.8460291734197731,0.19458979129891218,0.8892674616695059,-0.008271490414347604,-0.008840783276873543,0.009321553051795495,0.007407407407407307,0.0,2026-03-11 12:53:45.234745
0.8006088280060882,0.48858168761220827,0.9371633752244165,-0.03045867605330298,0.8446601941747572,0.19361439773161673,0.8885106382978724,-0.008414295628036195,-0.00899341718947988,0.009321553051795495,0.008080808080808022,0.0,2026-03-11 12:53:45.248381
0.8009118541033434,0.48863799283154125,0.9372759856630825,-0.03031244770624691,0.8449111470113085,0.19362602982688898,0.8887000849617672,-0.008556375942162853,-0.009145276310651873,0.009496100537438878,0.008080808080808022,0.0,2026-03-11 12:53:45.274179
0.8012139605462822,0.4886940966010734,0.9373881932021467,-0.030166704454600148,0.8451612903225807,0.19363761960963544,0.888888888888889,-0.008697736862293914,-0.009296366524880861,0.00966962127316684,0.008080808080808022,0.0,2026-03-11 12:53:45.310868
0.8,0.4878571428571429,0.9357142857142857,-0.03222748815165915,0.8451612903225807,0.193464651625488,0.8881355932203391,-0.0063131313131313815,-0.00674763832658587,0.006909572972321643,0.008080808080808022,0.0,2026-03-11 12:53:45.339522
0.800302571860817,0.4879144385026738,0.9358288770053476,-0.03207948899928955,0.8454106280193237,0.19347649748797371,0.8883248730964467,-0.0064594305778185035,-0.006904006771433435,0.007089641913001765,0.008080808080808022,0.0,2026-03-11 12:53:45.365418
0.8006042296072508,0.48797153024911033,0.9359430604982206,-0.031931979215871945,0.8456591639871383,0.19348830047299717,0.8885135135135135,-0.006604994670321385,-0.007059589445201908,0.007268660889013234,0.008080808080808022,0.0,2026-03-11 12:53:45.385689
0.799396681749623,0.48777351044713013,0.9359430604982206,-0.032504712949193916,0.8443017656500803,0.1925280548411572,0.8877637130801688,-0.006749829118250172,-0.007214392255943558,0.007268660889013234,0.0087301587301587,0.0,2026-03-11 12:53:45.411948
0.7981927710843374,0.4875793733863652,0.9359430604982206,-0.03306706297603545,0.842948717948718,0.19158196530807062,0.8870151770657673,-0.0065068331205371255,-0.006952866036057825,0.007268660889013234,0.00776397515527949,0.0,2026-03-11 12:53:45.447630
0.7984962406015037,0.48763626232020335,0.9360568383658969,-0.03291990263127387,0.8432,0.19159360977983203,0.8872053872053871,-0.006650943396226405,-0.007106854838709653,0.007446639057024584,0.00776397515527949,0.0,2026-03-11 12:53:45.465342
0.7987987987987988,0.4876929495202336,0.9361702127659575,-0.03277322594084167,0.8434504792332268,0.19160521225522778,0.8873949579831933,-0.006409774436090254,-0.006847389558233052,0.007135306553911258,0.00776397515527949,0.0,2026-03-11 12:53:45.483084
0.7991004497751124,0.48774943605760884,0.9362831858407079,-0.03262703052429656,0.8437001594896332,0.1916167729611053,0.8875838926174496,-0.006553165957287277,-0.007000570862001565,0.007312252964426946,0.00776397515527949,0.0,2026-03-11 12:53:45.500890
0.7994011976047904,0.4878057229959121,0.9363957597173145,-0.032481314016793446,0.8439490445859873,0.1916282921226808,0.8877721943048578,-0.006695844087831526,-0.00715299006973158,0.007488176563321125,0.00776397515527949,0.0,2026-03-11 12:53:45.518829
0.7997010463378177,0.48786181139122314,0.9365079365079365,-0.03233607406895581,0.8441971383147854,0.19163976996355372,0.8879598662207356,-0.006837814138323517,-0.007304652854594584,0.0076630861933456584,0.00776397515527949,0.0,2026-03-11 12:53:45.549083
0.8,0.48791770229218445,0.9366197183098591,-0.03219130834674626,0.8444444444444444,0.19165120670572147,0.8881469115191987,-0.0069790813667832685,-0.007455564833591666,0.007836990595611382,0.00776397515527949,0.0,2026-03-11 12:53:45.567330
0.8002980625931445,0.48797339674006684,0.9367311072056239,-0.032047014531347416,0.8446909667194928,0.19166260256959355,0.8883333333333333,-0.00673971891571179,-0.007198019801980093,0.007528475581213945,0.00776397515527949,0.0,2026-03-11 12:53:45.594631
0.8005952380952381,0.48802889576883385,0.9368421052631579,-0.03190319031903154,0.8449367088607594,0.19167395777400562,0.8885191347753745,-0.00688028852822864,-0.007348148148148104,0.007701383396647166,0.00776397515527949,0.0,2026-03-11 12:53:45.622061
0.8008915304606241,0.48808420040520584,0.9369527145359019,-0.031759833421045706,0.8451816745655608,0.1916852725362339,0.8887043189368771,-0.0066427123641054076,-0.007092617185578742,0.007395647796793914,0.00776397515527949,0.0,2026-03-11 12:53:45.653967
0.8011869436201781,0.48813931166872343,0.9370629370629371,-0.03161694156348426,0.8454258675078864,0.19169654707200875,0.8888888888888888,-0.006782589515476833,-0.007241968088238293,0.00756756756756749,0.00776397515527949,0.0,2026-03-11 12:53:45.694403
0.8,0.4879489442596239,0.9370629370629371,-0.03216854505295359,0.8440944881889764,0.19076371162342978,0.888152444076222,-0.006546779716886109,-0.006988427554930121,0.00756756756756749,0.006838905775075954,0.0,2026-03-11 12:53:45.716227
0.8002958579881657,0.4880038631627103,0.93717277486911,-0.0320260550956709,0.8443396226415094,0.19077489147741078,0.8883374689826303,-0.006312716657544293,-0.006736891294612413,0.007264573991031309,0.006838905775075954,0.0,2026-03-11 12:53:45.735389
0.8005908419497785,0.4880585907107337,0.9372822299651568,-0.031884025245283006,0.8445839874411303,0.19078603172548952,0.8885218827415358,-0.0064519064519065195,-0.006885433762904292,0.007435514161971524,0.006838905775075954,0.0,2026-03-11 12:53:45.754489
0.799410029498525,0.48724356268467706,0.9356521739130435,-0.03388424192137775,0.8445839874411303,0.19062005863472134,0.8877887788778878,-0.004139433551198279,-0.004417577307602949,0.004764573991031362,0.006838905775075954,0.0,2026-03-11 12:53:45.776648
0.7997054491899853,0.48729942017259975,0.9357638888888888,-0.03374006492779499,0.8448275862068966,0.19063143811965672,0.8879736408566722,-0.004283256361495957,-0.004571064101201117,0.0049416278153939786,0.006838905775075954,0.0,2026-03-11 12:53:45.812451
0.8,0.48735508404704614,0.9358752166377816,-0.03359635201287497,0.8450704225352113,0.19064277748525513,0.8881578947368421,-0.004426377597109288,-0.00472380217873325,0.005117681335664148,0.006838905775075954,0.0,2026-03-11 12:53:45.837362
0.8002936857562408,0.4874105553129304,0.9359861591695502,-0.03345310093954336,0.8453125,0.19065407694336928,0.8883415435139573,-0.004568802379021353,-0.004875797005279736,0.005292743005115841,0.006838905775075954,0.0,2026-03-11 12:53:45.870856
0.7991202346041055,0.4872238488155443,0.9359861591695502,-0.03399659148757261,0.84399375975039,0.18973525676681,0.8876127973748975,-0.004336466722331456,-0.004626702684062289,0.005292743005115841,0.005952380952380931,0.0,2026-03-11 12:53:45.899618
0.7994143484626647,0.4872791284708383,0.9360967184801382,-0.03385373507021507,0.8442367601246106,0.18974646226357889,0.8877968877968877,-0.004478200121807108,-0.004777922177203742,0.005466821182042558,0.005952380952380931,0.0,2026-03-11 12:53:45.934279
0.7997076023391813,0.4873342175066313,0.9362068965517242,-0.0337113356572384,0.8444790046656299,0.18975762846241967,0.8879803761242846,-0.0046192471609945995,-0.00492840937255723,0.0056399241310873816,0.005952380952380931,0.0,2026-03-11 12:53:45.974671
0.7985401459854015,0.4871510673234811,0.9362068965517242,-0.034245076586433144,0.843167701863354,0.1888518589544246,0.8872549019607844,-0.004388619854721498,-0.004681194511702902,0.0056399241310873816,0.005102040816326592,0.0,2026-03-11 12:53:45.994768
0.7988338192419825,0.487205966724039,0.9363166953528399,-0.03410307386450562,0.8434108527131783,0.1888629329487736,0.8874388254486133,-0.00415968212578377,-0.004435911016949179,0.005339635854341718,0.005102040816326592,0.0,2026-03-11 12:53:47.580507
0.7991266375545851,0.487260677466863,0.936426116838488,-0.03396152336081711,0.8436532507739938,0.18887396824221553,0.8876221498371335,-0.003932415475159434,-0.004192536343166076,0.005042016806722671,0.005102040816326592,0.0,2026-03-11 12:53:47.582234
0.7994186046511628,0.4873152005227477,0.9365351629502573,-0.033820422918617594,0.8438948995363215,0.1888849650373281,0.8878048780487805,-0.004072781127684277,-0.004342186883212085,0.005214152700186214,0.005102040816326592,0.0,2026-03-11 12:53:47.586956
0.7997097242380261,0.4873695368558382,0.9366438356164384,-0.03367977039485073,0.8441358024691358,0.18889592353527712,0.887987012987013,-0.0038471673254281136,-0.0041006628468711614,0.004919167449448758,0.005102040816326592,0.0,2026-03-11 12:53:47.589028
0.8,0.4874236874236874,0.9367521367521368,-0.03353956366004502,0.8443759630200308,0.1889068439358291,0.8881685575364666,-0.003986856516976944,-0.004249556364994911,0.005090344368575472,0.005102040816326592,0.0,2026-03-11 12:53:47.596775
0.8002894356005789,0.48747765317731184,0.9368600682593856,-0.03339980059820517,0.8446153846153847,0.18891772643736296,0.8883495145631068,-0.004125874125874063,-0.004397734048896762,0.00526057030481808,0.005102040816326592,0.0,2026-03-11 12:53:47.604583
0.8005780346820809,0.48753143506124763,0.9369676320272572,-0.03326047910670593,0.8448540706605223,0.18892857123688256,0.8885298869143781,-0.004264224983649423,-0.004545201048463454,0.005429853161081577,0.005102040816326592,0.0,2026-03-11 12:53:47.606404
0.8008658008658008,0.4875850340136054,0.9370748299319728,-0.03312159709618905,0.8450920245398773,0.18893937853002812,0.8887096774193549,-0.004401913875598074,-0.004691962464300259,0.005598200752945814,0.005102040816326592,0.0,2026-03-11 12:53:47.614326
0.8011527377521613,0.48763845096612496,0.9371816638370118,-0.03298315249045444,0.8453292496171516,0.18895014851108838,0.888888888888889,-0.0041779349559670775,-0.00445216234689938,0.005305814491201599,0.005102040816326592,0.0,2026-03-11 12:53:47.623039
0.8014388489208633,0.4876916868442292,0.9372881355932203,-0.03284514322636252,0.845565749235474,0.18896088137301206,0.8890675241157556,-0.004314966621701166,-0.004598188369071554,0.005473234548124428,0.005102040816326592,0.0,2026-03-11 12:53:47.631324
0.8017241379310345,0.48774474256707756,0.937394247038917,-0.03270756725372515,0.8458015267175573,0.18897157730741937,0.8892455858747993,-0.004451345755693614,-0.004743519029233312,0.005639734714624534,0.005102040816326592,0.0,2026-03-11 12:53:47.633618
0.8020086083213773,0.48779761904761904,0.9375,-0.032570422535210995,0.8460365853658537,0.18898223650461363,0.8894230769230769,-0.004587077007814466,-0.00488815928245856,0.00580532255144528,0.005102040816326592,0.0,2026-03-11 12:53:47.737402
0.8008595988538681,0.4876179245283019,0.9375,-0.03309410737483291,0.8447488584474886,0.1880886984658197,0.88871096877502,-0.004364715264498331,-0.004650100493330811,0.00580532255144528,0.004285714285714337,0.0,2026-03-11 12:53:47.738644
0.7997138769670958,0.48744158878504673,0.9375,-0.03360865248526585,0.8434650455927052,0.1872077161122442,0.888,-0.0041439532459542905,-0.004413865909483894,0.00580532255144528,0.003501400560224077,0.0,2026-03-11 12:53:47.746596
0.8,0.487494286930072,0.9376053962900506,-0.03347183261974555,0.8437025796661608,0.18721823901583096,0.888178913738019,-0.003924773750840771,-0.004179434643070801,0.005515501081470808,0.003501400560224077,0.0,2026-03-11 12:53:47.754259
0.8002853067047075,0.4875468076402656,0.9377104377104377,-0.03333543917282685,0.843939393939394,0.18722872590032588,0.8883572567783095,-0.004059861726885106,-0.004323287869469228,0.005680184066724214,0.003501400560224077,0.0,2026-03-11 12:53:47.755891
0.8005698005698005,0.4875991518102568,0.9378151260504202,-0.033199470154118574,0.8441754916792739,0.18723917695039796,0.8885350318471338,-0.0041943109890948405,-0.004466460938769012,0.005843969597017051,0.003501400560224077,0.0,2026-03-11 12:53:47.763652
0.8008534850640113,0.48765132032867087,0.9379194630872483,-0.0330639235855991,0.8444108761329305,0.18724959234945565,0.8887122416534181,-0.004328126056671433,-0.004608958663401941,0.006006864988558291,0.003501400560224077,0.0,2026-03-11 12:53:47.765443
0.8011363636363636,0.4877033140781791,0.9380234505862647,-0.0329287975015194,0.8446455505279035,0.18725997227965757,0.888888888888889,-0.0044613114062829196,-0.004750785810507363,0.006168877478248458,0.003501400560224077,0.0,2026-03-11 12:53:47.774208
0.8014184397163121,0.4877551339355484,0.9381270903010034,-0.032794089948307355,0.8448795180722891,0.18727031692192309,0.8890649762282092,-0.00459387147256296,-0.004891947102461991,0.0063300142247511015,0.003501400560224077,0.0,2026-03-11 12:53:47.781795
0.8016997167138811,0.48780678077169115,0.9382303839732888,-0.03265979898447476,0.8451127819548873,0.1872806264559429,0.889240506329114,-0.004725810648602891,-0.005032447217405478,0.006490282309547402,0.003501400560224077,0.0,2026-03-11 12:53:47.792028
0.801980198019802,0.4878582554517134,0.9383333333333334,-0.03252592268051985,0.8453453453453453,0.1872909010601895,0.8894154818325434,-0.00450819672131153,-0.004799601072118742,0.006202992031450472,0.003501400560224077,0.0,2026-03-11 12:53:47.800320
0.8022598870056498,0.48790955883496356,0.9384359400998337,-0.032392459118842,0.8455772113943029,0.18730114091192737,0.889589905362776,-0.0046395193591455275,-0.004939412245478225,0.006362398459877072,0.003501400560224077,0.0,2026-03-11 12:53:47.818581
0.8011283497884344,0.4877364885684353,0.9384359400998337,-0.03289765976132726,0.844311377245509,0.1864319893965738,0.888888888888889,-0.0047702297702297836,-0.005078571618495564,0.006362398459877072,0.0041279669762641635,0.0,2026-03-11 12:53:47.827765
0.8014084507042254,0.4877876215085517,0.9385382059800664,-0.03276456145418502,0.8445440956651719,0.18644214731534825,0.8890637293469709,-0.004554164696513485,-0.004847425301970798,0.006077606358111276,0.0041279669762641635,0.0,2026-03-11 12:53:47.829968
0.8016877637130801,0.48783858485351017,0.9386401326699834,-0.03263187169741393,0.844776119402985,0.18645227099219663,0.8892380204241948,-0.004339631999206506,-0.004618023485948086,0.00579527998882845,0.0041279669762641635,0.0,2026-03-11 12:53:47.837916
0.8019662921348315,0.4878893794456708,0.9387417218543046,-0.03249958861280218,0.8450074515648286,0.1864623606000144,0.8894117647058825,-0.004469734454890295,-0.004756472136902223,0.005953831691097089,0.0041279669762641635,0.0,2026-03-11 12:53:47.846561
0.8022440392706872,0.4879400061218243,0.9388429752066115,-0.03236771033363762,0.8452380952380952,0.18647241631053454,0.8895849647611589,-0.004256717889719708,-0.004528763769889865,0.005673939169825282,0.0041279669762641635,0.0,2026-03-11 12:53:47.857000
0.8025210084033614,0.487990465713238,0.9389438943894389,-0.032236235004613895,0.8454680534918276,0.18648243829433764,0.8897576231430805,-0.004386216621711347,-0.004666538736632697,0.0058316430020284304,0.0041279669762641635,0.0,2026-03-11 12:53:47.865569
0.8027972027972028,0.48804075904570143,0.9390444810543658,-0.03210516078174511,0.8456973293768546,0.18649242672086117,0.8899297423887588,-0.004174700173196988,-0.004440505053138422,0.005554152991668726,0.0041279669762641635,0.0,2026-03-11 12:53:47.874198
0.8016759776536313,0.4878708643803939,0.9390444810543658,-0.03260140968089268,0.8444444444444444,0.18563498573437223,0.8892355694227769,-0.003964668050636999,-0.0042161581881774435,0.005554152991668726,0.003373819163292824,0.0,2026-03-11 12:53:47.882062
0.8019525801952581,0.48792099227426367,0.9391447368421053,-0.03247069322192027,0.8446745562130178,0.18564489500139036,0.8894080996884737,-0.0037561046841789736,-0.0039934793296474425,0.005279034690799378,0.003373819163292824,0.0,2026-03-11 12:53:47.891810
0.8022284122562674,0.4879709555445082,0.9392446633825944,-0.03234037382799076,0.844903988183161,0.1856547711993582,0.8895800933125972,-0.0035489947209713657,-0.0037724499441436077,0.005006257822277815,0.003373819163292824,0.0,2026-03-11 12:53:47.900588
0.8025034770514604,0.488020755000752,0.9393442622950819,-0.03221044969265629,0.8451327433628318,0.18566461449357785,0.889751552795031,-0.0036778939217962936,-0.003909465020575986,0.0051631205673758895,0.003373819163292824,0.0,2026-03-11 12:53:47.906484
0.8013888888888889,0.48785394932935916,0.9393442622950819,-0.032698094282848596,0.8438880706921944,0.18481875763668204,0.8890612878200156,-0.0038061977452502616,-0.004045847232914124,0.0051631205673758895,0.003978779840848823,0.0,2026-03-11 12:53:47.912486
0.8002773925104022,0.487690149165559,0.9393442622950819,-0.03317743059010807,0.8426470588235294,0.1839843571782918,0.8883720930232557,-0.003600526045676178,-0.003826389303154043,0.0051631205673758895,0.003253090435914152,0.0,2026-03-11 12:53:47.918476
0.8005540166204986,0.487739785612126,0.939443535188216,-0.03304783291270062,0.8428781204111601,0.1839940789478391,0.8885448916408668,-0.0033962776796631067,-0.003608545034642141,0.004892655367231713,0.003253090435914152,0.0,2026-03-11 12:53:47.924521
0.8008298755186722,0.48778925984808336,0.9395424836601307,-0.03291862610869626,0.843108504398827,0.1840037684357667,0.8887171561051005,-0.003523990241257824,-0.003744239631336521,0.005048683736026072,0.003253090435914152,0.0,2026-03-11 12:53:47.930626
0.8011049723756906,0.4878385726672839,0.9396411092985318,-0.03278980841241823,0.8433382137628112,0.1840134258026375,0.888888888888889,-0.003321150484665525,-0.0035279620533077427,0.004780500942634047,0.003253090435914152,0.0,2026-03-11 12:53:47.942749
0.8013793103448276,0.48788772485840887,0.9397394136807817,-0.03266137806880403,0.8435672514619883,0.18402305120795065,0.8890600924499229,-0.0034482758620689724,-0.00366300366300365,0.004935701574723894,0.003253090435914152,0.0,2026-03-11 12:53:47.950786
0.8016528925619835,0.48793671720500986,0.9398373983739837,-0.03253333333333371,0.8437956204379562,0.1840326448101511,0.8892307692307692,-0.0032468301931508625,-0.0034482758620690834,0.004669772418251172,0.003253090435914152,0.0,2026-03-11 12:53:47.961931
0.8019257221458047,0.4879855504855505,0.939935064935065,-0.03240567247194355,0.8440233236151603,0.18404220676663782,0.8894009216589861,-0.0033733724266212795,-0.0035826692560101403,0.004824151882975358,0.003253090435914152,0.0,2026-03-11 12:53:47.973208
0.8021978021978022,0.4880342254734475,0.940032414910859,-0.03227839376095466,0.8442503639010189,0.18405173723377266,0.8895705521472393,-0.003499335519435043,-0.0037164475772102357,0.004977716680339639,0.003253090435914152,0.0,2026-03-11 12:53:47.990500
0.8024691358024691,0.48808274293711185,0.9401294498381877,-0.032151495486992414,0.8444767441860465,0.18406123636688868,0.889739663093415,-0.0036247234383091076,-0.0038496150384961236,0.0051304732419283905,0.003253090435914152,0.0,2026-03-11 12:53:48.010989
0.8027397260273973,0.4881311036399889,0.9402261712439418,-0.032024975946906474,0.8447024673439768,0.18407070432029882,0.8899082568807339,-0.003749540113817007,-0.003982175814309263,0.005282427931802669,0.003253090435914152,0.0,2026-03-11 12:53:48.035611
0.8030095759233926,0.48817930834059864,0.9403225806451613,-0.03189883344770073,0.8449275362318841,0.1840801412473041,0.8900763358778626,-0.0038737894407997464,-0.004114134041141249,0.005433587047384392,0.003253090435914152,0.0,2026-03-11 12:53:48.053697
0.8032786885245902,0.48822735779257515,0.9404186795491143,-0.03177306630645457,0.8451519536903039,0.184089547300202,0.8902439024390244,-0.003673723536737228,-0.0039008264462809805,0.005169883239501405,0.003253090435914152,0.0,2026-03-11 12:53:48.071618
0.8035470668485676,0.4882752527447061,0.9405144694533762,-0.03164767285024548,0.8453757225433526,0.18409892263029454,0.8904109589041095,-0.003797409374708849,-0.004032158317872625,0.005320253012443099,0.003253090435914152,0.0,2026-03-11 12:53:48.090694
0.8038147138964578,0.48832299394097145,0.9406099518459069,-0.03152265141607924,0.8455988455988456,0.18410826738789657,0.8905775075987842,-0.003920535548255111,-0.004162895927601884,0.005469839609483995,0.003253090435914152,0.0,2026-03-11 12:53:48.116955
0.8040816326530612,0.4883705821205821,0.9407051282051282,-0.031398000350815095,0.845821325648415,0.1841175817223437,0.8907435508345979,-0.004043105847428841,-0.004293043299815391,0.005618649133293463,0.003253090435914152,0.0,2026-03-11 12:53:48.141500
0.8043478260869565,0.488418018018018,0.9408,-0.03127371801109297,0.8460431654676259,0.18412686578200013,0.8909090909090909,-0.003844405580936683,-0.004081198678313136,0.005357142857142838,0.003253090435914152,0.0,2026-03-11 12:53:48.157050
0.8032564450474898,0.48825714285714283,0.9408,-0.03174449926141927,0.8448275862068966,0.1833030277982336,0.890234670704012,-0.003966423761645577,-0.0042107324716020855,0.005357142857142838,0.003837543971857982,0.0,2026-03-11 12:53:48.169682
0.8021680216802168,0.48750570515746233,0.939297124600639,-0.033613445378151384,0.8448275862068966,0.18315656111260184,0.8895612708018155,-0.001840702534800731,-0.0019540791402050672,0.0029145077720207357,0.003837543971857982,0.0,2026-03-11 12:53:48.182390
0.8024357239512855,0.4875541125541126,0.9393939393939394,-0.03348723155616076,0.8450502152080345,0.18316599998303057,0.8897280966767371,-0.001966666156506758,-0.0020878013907843496,0.003068475452196351,0.003837543971857982,0.0,2026-03-11 12:53:48.208369
0.8027027027027027,0.48760236578707916,0.9394904458598726,-0.03336138954778505,0.8452722063037249,0.18317540830930656,0.8898944193061841,-0.0017693175925077576,-0.0018779038707483764,0.0028091393526112896,0.003837543971857982,0.0,2026-03-11 12:53:48.221377
0.8029689608636977,0.48765046559164205,0.9395866454689984,-0.03323591771245213,0.8454935622317596,0.18318478623948847,0.8900602409638554,-0.0018947176185910575,-0.0020109999273132395,0.0029623133849510097,0.003837543971857982,0.0,2026-03-11 12:53:48.931025
0.8032345013477089,0.4876984126984127,0.9396825396825397,-0.03311081441922628,0.8457142857142858,0.18319413392067949,0.8902255639097744,-0.0020195578231292366,-0.002143501805054182,0.0031146998901321332,0.003837543971857982,0.0,2026-03-11 12:53:48.932328
0.8034993270524899,0.4877462078333711,0.9397781299524565,-0.032986078046736485,0.8459343794579173,0.1832034514990347,0.8903903903903905,-0.0018235472154963794,-0.0019350590955806712,0.0028575070640973754,0.003837543971857982,0.0,2026-03-11 12:53:48.939352
0.803763440860215,0.48779385171790235,0.939873417721519,-0.03286170698311361,0.8461538461538461,0.183212739119769,0.8905547226386806,-0.0016288610038610596,-0.001728110599078292,0.0026024310514456417,0.003837543971857982,0.0,2026-03-11 12:53:48.940679
0.8040268456375839,0.4878413450688332,0.9399684044233807,-0.03273769962590946,0.8463726884779517,0.1832219969271645,0.8907185628742514,-0.0014354858104858037,-0.0015226403061223692,0.002349445825782781,0.003837543971857982,0.0,2026-03-11 12:53:48.947286
0.8042895442359249,0.4878886885984678,0.9400630914826499,-0.03261405438203907,0.8465909090909091,0.1832312250645781,0.8908819133034379,-0.001559769933934696,-0.0016544702513521248,0.0025010508617065996,0.003837543971857982,0.0,2026-03-11 12:53:48.948724
0.8045515394912985,0.48793588301462315,0.9401574803149606,-0.03249076966770746,0.8468085106382979,0.1832404236744487,0.891044776119403,-0.0016835016835016203,-0.0017857142857142794,0.0026518804243008676,0.003837543971857982,0.0,2026-03-11 12:53:48.956291
0.8048128342245989,0.48798292902066487,0.940251572327044,-0.032367843908340965,0.8470254957507082,0.18324959289830478,0.8912071535022353,-0.001491424310216205,-0.0015816528272043495,0.0024009603841536054,0.003837543971857982,0.0,2026-03-11 12:53:48.957818
0.8050734312416555,0.4880298273155416,0.9403453689167975,-0.032245275538522244,0.8472418670438473,0.18325873287677158,0.8913690476190477,-0.0013006317354142816,-0.001379038613081196,0.002152080344332896,0.003837543971857982,0.0,2026-03-11 12:53:48.965466
0.804,0.4878717995026466,0.9403453689167975,-0.032709492497048756,0.846045197740113,0.18244605156475174,0.8907063197026022,-0.0011111111111110628,-0.0011778563015312216,0.002152080344332896,0.003138731952291307,0.0,2026-03-11 12:53:49.045313
0.8042609853528628,0.48791855078092494,0.9404388714733543,-0.032587243833771956,0.846262341325811,0.18245512203437564,0.89086859688196,-0.001234294161123417,-0.001308439040060172,0.0023021403683425312,0.003138731952291307,0.0,2026-03-11 12:53:49.046506
0.8045212765957447,0.48796515573282373,0.9405320813771518,-0.03246534912392194,0.8464788732394366,0.1824641636656362,0.8910303928836174,-0.001046032810071429,-0.0011086474501109667,0.002055275551516189,0.003138731952291307,0.0,2026-03-11 12:53:49.047701
0.8034528552456839,0.4878099003376987,0.9405320813771518,-0.03292181069958876,0.8452883263009845,0.18166211950309347,0.8903703703703704,-0.0008590182229335497,-0.0009102579064068639,0.002055275551516189,0.0024653312788905923,0.0,2026-03-11 12:53:49.052137
0.8037135278514589,0.48785635964912283,0.940625,-0.032800236931734235,0.8455056179775281,0.18167109281586952,0.8905325443786982,-0.0009816562152024089,-0.0010402111473373221,0.0022045719112814277,0.0024653312788905923,0.0,2026-03-11 12:53:49.053834
0.8039735099337748,0.4879026740016969,0.9407176287051482,-0.032679013714835184,0.8457223001402524,0.18168003768966332,0.8906942392909896,-0.001103752759381904,-0.0011695906432749315,0.002353110421504767,0.0024653312788905923,0.0,2026-03-11 12:53:49.058662
0.8029100529100529,0.4871700278734219,0.9392523364485982,-0.034494159135993026,0.8457223001402524,0.18153848719081514,0.8900369003690037,0.0009773317384835778,0.0010356287193755698,3.0748731614793634e-05,0.0024653312788905923,0.0,2026-03-11 12:53:49.063540
0.8018494055482166,0.4870174725721252,0.9392523364485982,-0.034944766488023825,0.8445378151260504,0.18074746605462724,0.8893805309734513,0.001163111905904235,0.0012322479282831367,3.0748731614793634e-05,0.001815980629539915,0.0,2026-03-11 12:53:49.065473
0.8021108179419525,0.48706471025762393,0.9393468118195957,-0.03482170486193268,0.8447552447552448,0.1807565561329088,0.8895434462444772,0.0010372465818010435,0.001098901098901095,0.0001226843332107208,0.001815980629539915,0.0,2026-03-11 12:53:49.070708
0.8023715415019763,0.487111801242236,0.9394409937888198,-0.034698996655518406,0.8449720670391061,0.18076561752615217,0.889705882352941,0.0012218045112781795,0.0012941762070681762,0.00012218963831867047,0.001815980629539915,0.0,2026-03-11 12:53:49.076301
0.8013157894736842,0.48696187620475473,0.9394409937888198,-0.035142156155288706,0.8437935843793585,0.17998476887559314,0.8890521675238794,0.001405152224824402,0.0014880952380952328,0.00012218963831867047,0.0011894142134998287,0.0,2026-03-11 12:53:49.081459
0.8002628120893561,0.486814513988427,0.9394409937888198,-0.035578076599401584,0.8426183844011143,0.1792139526189102,0.8883994126284875,0.001279838941616318,0.0013553849902533388,0.00012218963831867047,0.0017543859649122862,0.0,2026-03-11 12:53:49.140301
0.800524934383202,0.4868614589544822,0.9395348837209302,-0.035455667006382925,0.8428372739916551,0.17922290792614062,0.8885630498533724,0.0011550740754027178,0.001223255531242473,3.047046396353892e-05,0.0017543859649122862,0.0,2026-03-11 12:53:49.141354
0.799475753604194,0.486716594402838,0.9395348837209302,-0.03588446692399811,0.8416666666666667,0.17846187303212194,0.887912087912088,0.0010308540339323269,0.0010917030567686448,3.047046396353892e-05,0.0023008340523439363,0.0,2026-03-11 12:53:49.145493
0.7997382198952879,0.486763394028441,0.9396284829721362,-0.03576238746721498,0.841886269070735,0.17847076226123512,0.8880760790051208,0.0009071752562591628,0.0009607237956911208,0.0001823634300534005,0.0023008340523439363,0.0,2026-03-11 12:53:49.149995
0.7986928104575164,0.48603725146045634,0.9381761978361669,-0.03755306219505715,0.841886269070735,0.17833278716348597,0.8874269005847952,0.0029579472558802777,0.003132548309178751,0.0021727706362681953,0.0023008340523439363,0.0,2026-03-11 12:53:49.154912
0.7976501305483029,0.4853133500732371,0.9367283950617284,-0.03932141669146856,0.841886269070735,0.1781951315758843,0.8867786705624544,0.004999822196934733,0.0052949505905037775,0.004516129032258065,0.0023008340523439363,0.0,2026-03-11 12:53:49.156912
0.7979139504563233,0.48536209553158705,0.9368258859784283,-0.03919546157813342,0.8421052631578947,0.17820440425024295,0.886943836615609,0.005181971559411913,0.0054867934158479015,0.004759036144578288,0.0023008340523439363,0.0,2026-03-11 12:53:49.158888
0.7981770833333334,0.4854106910039114,0.936923076923077,-0.0390698648790192,0.8423236514522822,0.17821364791305178,0.8871085214857974,0.005050505050504972,0.005347593582887611,0.0045969413814860305,0.0023008340523439363,0.0,2026-03-11 12:53:49.167011
0.7984395318595578,0.4854591371813898,0.9370199692780338,-0.03894462506646271,0.8425414364640884,0.17822286270028848,0.8872727272727272,0.005231467772184306,0.005538140020898585,0.004837905236907636,0.0023008340523439363,0.0,2026-03-11 12:53:49.179556
0.7987012987012987,0.48550743475096186,0.9371165644171779,-0.038819740621464024,0.8427586206896551,0.17823204874708223,0.887436456063907,0.005100569153164813,0.005399568034557212,0.004676616915422871,0.0023008340523439363,0.0,2026-03-11 12:53:49.184965
0.7976653696498055,0.4853650048976646,0.9371165644171779,-0.03924516563844666,0.8415977961432507,0.17748159468237143,0.8867924528301887,0.0052803567922358186,0.005588831244015879,0.004676616915422871,0.0016958733747879373,0.0,2026-03-11 12:53:49.193491
0.7979274611398963,0.48541315454206185,0.9372128637059725,-0.039120606050148034,0.8418156808803301,0.1774907135651931,0.8869565217391304,0.00515002239140161,0.005450882806019575,0.004516129032258065,0.0016958733747879373,0.0,2026-03-11 12:53:49.316581
0.7981888745148771,0.48546115693984015,0.9373088685015291,-0.038996398476676526,0.842032967032967,0.17749980409519586,0.8871201157742402,0.005328646356433375,0.005638875767595586,0.0047551728569593665,0.0016958733747879373,0.0,2026-03-11 12:53:49.317741
0.7971576227390181,0.4853211009174312,0.9373088685015291,-0.03941493456504945,0.840877914951989,0.17675867432760115,0.8864786695589298,0.005506117908787522,0.0058255855007649515,0.0047551728569593665,0.0011114198388441077,0.0,2026-03-11 12:53:49.319000
0.7974193548387096,0.48536895674300257,0.9374045801526718,-0.03929105274396748,0.8410958904109589,0.17676769879823176,0.8866425992779783,0.005376344086021501,0.005688282138794132,0.004595479468265551,0.0011114198388441077,0.0,2026-03-11 12:53:49.326239
0.7976804123711341,0.48541666666666666,0.9375,-0.03916751961787796,0.841313269493844,0.1767766952966369,0.8868060562364816,0.005247127232451909,0.00555156806163859,0.004436574688898798,0.0011114198388441077,0.0,2026-03-11 12:53:49.327675
0.797940797940798,0.4854642313546423,0.9375951293759512,-0.03904433371662137,0.8415300546448088,0.17678566395270398,0.8869690424766018,0.0051184637701181535,0.00541543948374279,0.004278452691696355,0.0011114198388441077,0.0,2026-03-11 12:53:49.334960
0.7982005141388174,0.48551165146909825,0.9376899696048632,-0.038921493578294684,0.8417462482946794,0.1767946048955174,0.8871315600287564,0.00499035015164051,0.005279892651906315,0.004121107706765104,0.0011114198388441077,0.0,2026-03-11 12:53:49.336328
0.7984595635430038,0.4855589276681841,0.9377845220030349,-0.03879899774918233,0.8419618528610354,0.1768035182533646,0.8872936109117013,0.004862782859894055,0.005144923844939142,0.003964534020779675,0.0011114198388441077,0.0,2026-03-11 12:53:49.343735
0.7987179487179488,0.4856060606060606,0.9378787878787879,-0.03867684478371511,0.8421768707482993,0.17681240415374214,0.8874551971326166,0.005039113116091509,0.005330490405117239,0.004201680672268893,0.0011114198388441077,0.0,2026-03-11 12:53:49.345199
0.7989756722151088,0.4856530509329299,0.9379727685325264,-0.038555033244399343,0.842391304347826,0.17682126272336202,0.8876163206871869,0.0052143130501338675,0.005514798886921191,0.004436952646671322,0.0011114198388441077,0.0,2026-03-11 12:53:49.352694
0.7992327365728901,0.48569989929506546,0.9380664652567976,-0.038433561701767725,0.8426051560379919,0.17683009408815736,0.8877769835596855,0.005087288597926842,0.005380454381536226,0.0042811446021820965,0.0011114198388441077,0.0,2026-03-11 12:53:49.354263
0.7994891443167306,0.4857466063348416,0.9381598793363499,-0.03831242873432179,0.8428184281842819,0.1768388983732887,0.887937187723055,0.005261369043572772,0.005563542265669907,0.004514564041352975,0.0011114198388441077,0.0,2026-03-11 12:53:49.368804
0.7997448979591837,0.48579317269076305,0.9382530120481928,-0.03819163292847518,0.8430311231393776,0.17684767570314974,0.8880969351389879,0.005434340696571338,0.0057453972347589755,0.004746152739824483,0.0011114198388441077,0.0,2026-03-11 12:53:49.373923
0.8,0.48583959899749374,0.9383458646616541,-0.03807117287850049,0.8432432432432433,0.17685642620137332,0.8882562277580072,0.005606214116852359,0.005926031700699608,0.004975932151589202,0.0011114198388441077,0.0,2026-03-11 12:53:49.376129
0.8002544529262087,0.4858858858858859,0.9384384384384384,-0.03795104718647414,0.8434547908232118,0.17686514999083702,0.8884150675195451,0.005479729046607984,0.0057923310391997385,0.004820884146341409,0.0011114198388441077,0.0,2026-03-11 12:53:49.381391
0.7992376111817027,0.48574814483905393,0.9384384384384384,-0.03836261607321802,0.8423180592991913,0.17613278597548374,0.8877840909090909,0.005650514660431649,0.005971781380255559,0.004820884146341409,0.0005464480874316502,0.0,2026-03-11 12:53:49.386755
0.799492385786802,0.48579429293617654,0.9385307346326837,-0.03824279924615161,0.8425302826379543,0.17614144716489902,0.8879432624113475,0.005524565543874704,0.005838671277138441,0.00466659063260344,0.0005464480874316502,0.0,2026-03-11 12:53:49.392178
0.7997465145754119,0.4858403028653437,0.938622754491018,-0.03812331368042332,0.842741935483871,0.17615008199865484,0.8881019830028329,0.005399148981721891,0.005706124007438529,0.004513046116504826,0.0005464480874316502,0.0,2026-03-11 12:53:49.397626
0.8,0.48588617524614264,0.9387144992526159,-0.038004158004157663,0.8429530201342282,0.1761586905968983,0.8882602545968883,0.0052742616033755185,0.005574136008918651,0.004360245157384979,0.0005464480874316502,0.0,2026-03-11 12:53:49.403189
0.7989886219974716,0.48575069224925876,0.9387144992526159,-0.038409141573849975,0.8418230563002681,0.17543524322569717,0.8876325088339222,0.005149900066622304,0.005442703749339972,0.004360245157384979,0.0010752688172043223,0.0,2026-03-11 12:53:49.405760
0.797979797979798,0.4856174122279339,0.9387144992526159,-0.038807732034824335,0.8406961178045516,0.17472063641339838,0.8870056497175142,0.005026061057334386,0.0053118237261460255,0.004360245157384979,0.0015873015873015817,0.0,2026-03-11 12:53:49.411434
0.798234552332913,0.48566314767625285,0.9388059701492537,-0.038688868150039774,0.8409090909090909,0.17472914883329643,0.8871650211565585,0.005195769159398789,0.005490196078431375,0.004588236402521151,0.0015873015873015817,0.0,2026-03-11 12:53:49.417203
0.7984886649874056,0.48570874680430853,0.9388971684053651,-0.03857033076633755,0.8411214953271028,0.17473763546802093,0.8873239436619719,0.005072449391239964,0.0053598881900769335,0.004436173612285876,0.0015873015873015817,0.0,2026-03-11 12:53:49.428485
0.7987421383647799,0.4857542102206736,0.9389880952380952,-0.03845211854028898,0.8413333333333334,0.17474609643458436,0.8874824191279888,0.004949645605374697,0.005230125523012608,0.004284843654774773,0.0015873015873015817,0.0,2026-03-11 12:53:49.435917
0.7977386934673367,0.4850565964797835,0.937592867756315,-0.04015972988766926,0.8413333333333334,0.1746162219488357,0.8868587491215743,0.006915037242414823,0.007306889352818313,0.006538087398982317,0.0015873015873015817,0.0,2026-03-11 12:53:49.446436
0.7967377666248432,0.4843610528093411,0.9362017804154302,-0.041846878832870874,0.8413333333333334,0.17448663660857627,0.8862359550561797,0.003939023909875106,0.0041753653444676075,0.002888342277877154,0.0015873015873015817,0.0,2026-03-11 12:53:49.453969
0.7969924812030075,0.48826218053029574,0.9362017804154302,-0.031303848363009756,0.8413333333333334,0.19429377702578324,0.8862359550561797,0.0009816689681350077,0.0010438413361169019,0.002888342277877154,0.01743429612282077,0.0,2026-03-11 12:53:49.464669
0.7972465581977471,0.4883094384707288,0.9362962962962963,-0.031181288040534647,0.8415446071904128,0.19430358441154202,0.8863955119214587,0.0011677974947807979,0.0012415122868101314,0.0031277843777843817,0.01743429612282077,0.0,2026-03-11 12:53:49.481486
0.7975,0.48835655659476995,0.9363905325443787,-0.031059063136455598,0.8417553191489362,0.19431336228856272,0.8865546218487395,0.0010416666666667185,0.0011074197120709561,0.0029721396627871988,0.01743429612282077,0.0,2026-03-11 12:53:49.489553
0.797752808988764,0.4884035355219898,0.9364844903988183,-0.030937172275717597,0.8419654714475432,0.19432311078986234,0.8867132867132868,0.0009160602910602833,0.0009738846948149638,0.0028172396593448834,0.01743429612282077,0.0,2026-03-11 12:53:49.500695
0.7967581047381546,0.48771291274145967,0.9351032448377581,-0.032639777556597784,0.8419654714475432,0.1941797517804637,0.886093640810622,0.002865663900414983,0.003046552983829831,0.005049713880262874,0.01743429612282077,0.0,2026-03-11 12:53:49.511968
0.797011207970112,0.4877607012209606,0.93519882179676,-0.032516348892062084,0.8421750663129973,0.19418967508896984,0.8862526168876483,0.0027368012422360755,0.0029095561379254287,0.004890604890604888,0.01743429612282077,0.0,2026-03-11 12:53:49.523313
0.7972636815920398,0.48780834914611004,0.9352941176470588,-0.032393256656688824,0.8423841059602649,0.19419956870644306,0.8864111498257841,0.0029217700895880494,0.0031055900621117516,0.00512820512820511,0.01743429612282077,0.0,2026-03-11 12:53:49.538139
0.7975155279503106,0.4878558571360902,0.9353891336270191,-0.03227049947684341,0.8425925925925926,0.19420943276597827,0.8865692414752959,0.0027934399217321992,0.002969186141973612,0.004969852000730857,0.01743429612282077,0.0,2026-03-11 12:53:49.558808
0.7977667493796526,0.48790322580645157,0.9354838709677419,-0.03214807598636179,0.8428005284015853,0.19421926739987574,0.8867268936761641,0.0029772598942560125,0.0031639527589123473,0.005205631546855272,0.01743429612282077,0.0,2026-03-11 12:53:49.573342
0.7980173482032218,0.4879504557691399,0.9355783308931186,-0.03202598482649295,0.8430079155672823,0.19422907273964723,0.8868841082581541,0.0028494589229686174,0.0030281378653329583,0.005048028908136826,0.01743429612282077,0.0,2026-03-11 12:53:49.591311
0.7982673267326733,0.4879975476325221,0.935672514619883,-0.03190422464585677,0.8432147562582345,0.19423884891602167,0.887040887040887,0.003032140691328067,0.003221649484536071,0.005282008610397626,0.01743429612282077,0.0,2026-03-11 12:53:49.609369
0.7972805933250927,0.48731457499411346,0.9343065693430657,-0.0335758689995797,0.8432147562582345,0.19409701695193501,0.8864265927977839,0.004962478818687943,0.005272633744855981,0.00748921733167307,0.01743429612282077,0.0,2026-03-11 12:53:49.638784
0.7962962962962963,0.48715328467153285,0.9343065693430657,-0.034042553191489154,0.8421052631578947,0.19331906986565664,0.8858131487889273,0.005144032921810648,0.005464480874316835,0.00748921733167307,0.01664106502816176,0.0,2026-03-11 12:53:49.663283
0.7965474722564735,0.48720116618075804,0.934402332361516,-0.033919258257678254,0.8423127463863338,0.19332897686187825,0.8859709744298548,0.005324469768914208,0.0056550741009709915,0.0077214177206087475,0.01664106502816176,0.0,2026-03-11 12:53:49.675768
0.7967980295566502,0.48724890829694323,0.9344978165938864,-0.03379629629629637,0.84251968503937,0.19333885451133576,0.8861283643892338,0.005193492339282901,0.005515964085839653,0.007559724513953703,0.01664106502816176,0.0,2026-03-11 12:53:49.688381
0.7958179581795818,0.4865697674418605,0.9331395348837209,-0.03544630115545716,0.84251968503937,0.19319829552909842,0.8855172413793103,0.002305337549287634,0.00245601320610378,0.004002287021154904,0.01664106502816176,0.0,2026-03-11 12:53:49.701061
0.7960687960687961,0.4866182873730044,0.9332365747460087,-0.035321881177497835,0.8427260812581914,0.19320834089096764,0.8856749311294766,0.0021748969124006923,0.0023170470373942154,0.003841354723707613,0.01664106502816176,0.0,2026-03-11 12:53:49.724234
0.7963190184049079,0.4866666666666667,0.9333333333333333,-0.035197796311883564,0.8429319371727748,0.19321835661585923,0.8858321870701513,0.002044989775051187,0.002178649237472796,0.0036811779769525543,0.01664106502816176,0.0,2026-03-11 12:53:49.737292
0.7965686274509803,0.4867149059334298,0.9334298118668596,-0.03507404520654687,0.8431372549019608,0.19322834283477772,0.8859890109890111,0.0019156128709152398,0.0020408163265306367,0.0035217514725710553,0.01664106502816176,0.0,2026-03-11 12:53:49.761790
0.795593635250918,0.4860404624277457,0.9320809248554913,-0.03669961780729233,0.8431372549019608,0.19308867650439696,0.8853809196980096,-0.0009548773637895192,-0.0010204081632652073,8.83743537627435e-06,0.01664106502816176,0.0,2026-03-11 12:53:49.781021
0.7958435207823961,0.4860894660894661,0.9321789321789322,-0.03657444645106521,0.8433420365535248,0.19309882777261309,0.8855380397532556,-0.0010837272744258497,-0.0011581007148275813,0.00016751895609234957,0.01664106502816176,0.0,2026-03-11 12:53:49.804490
0.7948717948717948,0.48593073593073594,0.9321789321789322,-0.03703703703703689,0.8422425032594524,0.1923310361523016,0.884931506849315,-0.0008879340320897544,-0.0009486721906366569,0.00016751895609234957,0.015873015873015928,0.0,2026-03-11 12:53:49.842177
0.7951219512195122,0.4859795983715292,0.9322766570605188,-0.036912145480820786,0.8424479166666666,0.19234111739019685,0.8850889192886457,-0.0006933310222299038,-0.0007406035919272913,8.783641346354898e-05,0.015873015873015928,0.0,2026-03-11 12:53:49.867238
0.7953714981729598,0.4860283202009821,0.9323741007194245,-0.03678758813536306,0.8426527958387516,0.1923511690912504,0.8852459016393444,-0.0008216571527417393,-0.0008776792313378579,7.010533326323731e-05,0.015873015873015928,0.0,2026-03-11 12:53:49.886916
0.7944038929440389,0.48535851122058016,0.9310344827586207,-0.038390814907835184,0.8426527958387516,0.1922129361096224,0.884641638225256,-0.003658536585365857,-0.003919860627177751,0.003561981090070887,0.015873015873015928,0.0,2026-03-11 12:53:49.912750
0.7946537059538274,0.48540798433194415,0.9311334289813487,-0.038264868133263054,0.8428571428571429,0.19222314960818748,0.8847989093387866,-0.0037863421230560634,-0.0040567951318457585,0.003719188224022285,0.015873015873015928,0.0,2026-03-11 12:53:49.929693
0.7949029126213593,0.48545731568654205,0.9312320916905444,-0.0381392574921715,0.8430609597924773,0.19223333330139303,0.8849557522123894,-0.003913630229419707,-0.004193175245806868,0.0038756658585120674,0.015873015873015928,0.0,2026-03-11 12:53:49.957966
0.793939393939394,0.4847911983105116,0.9298998569384835,-0.039720665421226056,0.8430609597924773,0.19209577812578119,0.8843537414965985,-0.002020202020202033,-0.0021645021645022577,0.0017166042446941088,0.015873015873015928,0.0,2026-03-11 12:53:49.975228
0.7941888619854721,0.48484126984126985,0.93,-0.03959369817578757,0.8432642487046632,0.1921061214661363,0.8845108695652174,-0.0018187921511184646,-0.0019482854434311747,0.0014510779436153198,0.015873015873015928,0.0,2026-03-11 12:53:49.989474
0.7944377267230955,0.48489119851459367,0.9300998573466477,-0.03946706887883285,0.8434670116429496,0.1921164347417546,0.8846675712347354,-0.001949127765324965,-0.0020879006159306712,0.0016114577229326965,0.015873015873015928,0.0,2026-03-11 12:53:50.007042
0.7946859903381642,0.4849409849409849,0.9301994301994302,-0.039340776182882155,0.8436692506459949,0.19212671808357287,0.8848238482384824,-0.0020789388901384376,-0.0022269539567503216,0.0017710984249260653,0.015873015873015928,0.0,2026-03-11 12:53:50.024667
0.7937273823884198,0.484279392174129,0.9288762446657184,-0.04089904470992494,0.8436692506459949,0.1919900217175773,0.8842247799593772,-0.000200196556619181,-0.00021445003314224387,0.0003688454280321718,0.015873015873015928,0.0,2026-03-11 12:53:50.054160
0.7939759036144578,0.4843299062049062,0.9289772727272727,-0.040771430666568825,0.8438709677419355,0.19200046221084338,0.8843813387423934,-0.00033299226852501196,-0.0003567004559281717,0.00020539504313288326,0.015873015873015928,0.0,2026-03-11 12:53:50.080845
0.7930204572803851,0.4841736757337151,0.9289772727272727,-0.041232006527186275,0.8427835051546392,0.1912430609854629,0.8837837837837839,-0.00013279571190583095,-0.00014221992371843406,0.00020539504313288326,0.015128968253968256,0.0,2026-03-11 12:53:50.107255
0.7932692307692307,0.48422404646227735,0.9290780141843972,-0.04110466046822933,0.842985842985843,0.1912534302285553,0.883940620782726,6.61984629920509e-05,7.088131246413276e-05,0.00046894717096956917,0.015128968253968256,0.0,2026-03-11 12:53:50.128321
0.7935174069627852,0.4842742744975575,0.9291784702549575,-0.04097765119590798,0.8431876606683805,0.191263769537246,0.8840970350404314,0.000264001056004215,0.00028261651508143526,0.0007305470608222064,0.015128968253968256,0.0,2026-03-11 12:53:50.146395
0.7937649880095923,0.4843243604450434,0.9292786421499293,-0.04085097737595923,0.8433889602053916,0.19127407904101734,0.8842530282637954,0.00046062273801328324,0.0004929987771068456,0.0009902163241815032,0.015128968253968256,0.0,2026-03-11 12:53:51.890136
0.7940119760479042,0.48437430490680194,0.9293785310734464,-0.04072463768115936,0.8435897435897436,0.1912843588686056,0.8844086021505376,0.00032835820895515955,0.0003514376996804902,0.0008275139959637023,0.015128968253968256,0.0,2026-03-11 12:53:51.898242
0.7942583732057417,0.4844241084815033,0.9294781382228491,-0.04059863079127553,0.8437900128040973,0.19129460914800644,0.8845637583892617,0.00019662168200906827,0.00021044173633555374,0.0006655546007514612,0.015128968253968256,0.0,2026-03-11 12:53:51.906363
0.7945041816009558,0.48447377176444495,0.9295774647887324,-0.04047295539302078,0.8439897698209718,0.1913048300064804,0.8847184986595173,6.541000178394984e-05,7.000750989660798e-05,0.0005043330615538411,0.015128968253968256,0.0,2026-03-11 12:53:51.908575
0.7947494033412887,0.48452329534757527,0.929676511954993,-0.04034761018001307,0.8441890166028098,0.19131502157055788,0.8848728246318609,0.0002608613166382723,0.0002791382241734697,0.0007620929920943986,0.015128968253968256,0.0,2026-03-11 12:53:51.926835
0.7938021454112039,0.4843695059774965,0.929676511954993,-0.04080110715130831,0.8431122448979592,0.19056623192014346,0.8842809364548496,0.0004551526830364194,0.00048694112439129356,0.0007620929920943986,0.014407814407814357,0.0,2026-03-11 12:53:51.941752
0.7928571428571428,0.48371664325842695,0.9283707865168539,-0.04233226837060709,0.8431122448979592,0.190432360297074,0.8836898395721925,-0.0023102854852777854,-0.002478972996901252,0.002645039091508261,0.014407814407814357,0.0,2026-03-11 12:53:51.950368
0.7931034482758621,0.4837668741234222,0.9284712482468443,-0.04220557233206091,0.8433121019108281,0.19044266364090362,0.8838451268357811,-0.002440975449080729,-0.0026192054025055977,0.0028055278055277855,0.014407814407814357,0.0,2026-03-11 12:53:51.954622
0.7933491686460807,0.4838169642857143,0.9285714285714286,-0.04207920792079283,0.8435114503816794,0.19045293756876377,0.884,-0.0025711468019160577,-0.0027588813303098814,0.0029652886795743516,0.014407814407814357,0.0,2026-03-11 12:53:51.959600
0.7935943060498221,0.4838669143356643,0.9286713286713286,-0.041953173836449906,0.843710292249047,0.19046318220649305,0.8841544607190412,-0.002370417193426011,-0.002542947558770381,0.002697916149428159,0.014407814407814357,0.0,2026-03-11 12:53:51.968310
0.7938388625592417,0.4839167248603352,0.9287709497206704,-0.041827468785470334,0.8439086294416244,0.19047339767921315,0.8843085106382979,-0.002500073016151183,-0.0026820403559344452,0.0028569541235922147,0.014407814407814357,0.0,2026-03-11 12:53:51.975326
0.7940828402366864,0.48396639644351463,0.9288702928870293,-0.04170209148104062,0.844106463878327,0.1904835841113338,0.8844621513944223,-0.002629216365268694,-0.0028205833791965507,0.0030152740933582223,0.014407814407814357,0.0,2026-03-11 12:53:51.981670
0.793144208037825,0.4838149914047549,0.9288702928870293,-0.04215061029691302,0.8430379746835444,0.1897438392425562,0.8838752488387526,-0.002757850273166773,-0.002958579881656709,0.0030152740933582223,0.014903846153846101,0.0,2026-03-11 12:53:51.988355
0.7933884297520661,0.48386452462697843,0.9289693593314763,-0.04202549087151195,0.843236409608091,0.18975395731097017,0.8840291583830351,-0.0028859777483566385,-0.0030960330908003098,0.0031728809101072564,0.014903846153846101,0.0,2026-03-11 12:53:51.994893
0.7936320754716981,0.48391392006555184,0.9290681502086231,-0.041900696472703024,0.8434343434343434,0.18976404669731003,0.8841826604897418,-0.0030136017757068645,-0.0032329462087488103,0.0033297793816123855,0.014903846153846101,0.0,2026-03-11 12:53:52.003520
0.7926972909305064,0.4832687338501292,0.9277777777777778,-0.04340539634657299,0.8434343434343434,0.1896322203203738,0.8835978835978836,-0.005755229400208006,-0.0061923354306034906,0.006700715015321768,0.014903846153846101,0.0,2026-03-11 12:53:52.011226
0.7929411764705883,0.4833188186089518,0.9278779472954231,-0.043279356179477514,0.8436317780580076,0.1896424570687651,0.8837516512549538,-0.00588235294117645,-0.006329113924050667,0.0068569099062373295,0.014903846153846101,0.0,2026-03-11 12:53:52.016543
0.7931844888366627,0.4833687646288303,0.9279778393351801,-0.043153642568602435,0.8438287153652393,0.18965266491026464,0.8839050131926122,-0.0060089789340392885,-0.0064653570809283245,0.007012405938580435,0.014903846153846101,0.0,2026-03-11 12:53:52.022531
0.7934272300469484,0.483418572485445,0.9280774550484094,-0.043028254246483856,0.8440251572327044,0.1896628439671864,0.8840579710144928,-0.006135110294117618,-0.006601068037974667,0.007167207792207808,0.014903846153846101,0.0,2026-03-11 12:53:52.031296
0.7936694021101993,0.4834682427512955,0.9281767955801105,-0.042903189952206065,0.8442211055276382,0.18967299436115506,0.8842105263157894,-0.006260749914000607,-0.006736249907469016,0.007321320105284523,0.014903846153846101,0.0,2026-03-11 12:53:52.037222
0.7939110070257611,0.48351777599572304,0.9282758620689655,-0.04277844843136438,0.8444165621079046,0.1896831162131108,0.8843626806833114,-0.00605374629143729,-0.006512074086372666,0.007044640263387247,0.014903846153846101,0.0,2026-03-11 12:53:52.043519
0.7941520467836257,0.4835671727849318,0.928374655647383,-0.04265402843601921,0.8446115288220551,0.18969320964331401,0.8845144356955381,-0.005847953216374213,-0.0062893081761006275,0.006769958109879126,0.014903846153846101,0.0,2026-03-11 12:53:52.048927
0.794392523364486,0.48361643368201057,0.9284731774415406,-0.04252992872465629,0.8448060075093867,0.18970327477135032,0.8846657929226737,-0.005973103966141036,-0.006423904265472347,0.006923385479342126,0.014903846153846101,0.0,2026-03-11 12:53:52.055322
0.79463243873979,0.4836655592469546,0.9285714285714286,-0.04240614806214474,0.845,0.1897133117161351,0.8848167539267017,-0.005768510850699404,-0.006202505397460589,0.006650679456434827,0.014903846153846101,0.0,2026-03-11 12:53:52.327734
0.7948717948717948,0.4837145500366861,0.9286694101508917,-0.04228268521969656,0.8451935081148564,0.18972332059591812,0.8849673202614379,-0.005565107230114941,-0.00598249027237352,0.006379928315412231,0.014903846153846101,0.0,2026-03-11 12:53:52.332351
0.7951105937136205,0.4837634066050759,0.9287671232876712,-0.042159538974825835,0.8453865336658354,0.18973330152828857,0.8851174934725848,-0.005362882760954202,-0.005763845958034919,0.006111111111111067,0.014903846153846101,0.0,2026-03-11 12:53:52.382047
0.7941860465116279,0.4836143308746048,0.9287671232876712,-0.04260273972602718,0.8443337484433375,0.18900214928444917,0.8845401174168298,-0.005487547488391753,-0.00589783141275757,0.006111111111111067,0.01538461538461533,0.0,2026-03-11 12:53:52.386220
0.794425087108014,0.48366305377249286,0.9288645690834473,-0.04247983746844753,0.8445273631840796,0.1890120640312765,0.8846905537459283,-0.0056117290192113645,-0.006031297544012215,0.006263858093126351,0.01538461538461533,0.0,2026-03-11 12:53:52.387727
0.7946635730858469,0.4837116435477091,0.9289617486338798,-0.0423572492382524,0.84472049689441,0.18902195117070394,0.8848405985686403,-0.005735430157261856,-0.006164247365281428,0.0064159292035397275,0.01538461538461533,0.0,2026-03-11 12:53:52.395218
0.7949015063731171,0.4837601007450939,0.9290586630286494,-0.04223497383342097,0.8449131513647643,0.18903181081791998,0.8849902534113061,-0.005534374615668414,-0.005946874587022588,0.006149025288949006,0.01538461538461533,0.0,2026-03-11 12:53:52.396852
0.7939814814814815,0.4836133009799735,0.9290586630286494,-0.04267176504088237,0.8438661710037175,0.18830893317649747,0.8844155844155844,-0.005334477895640455,-0.005730847770239134,0.006149025288949006,0.014685314685314643,0.0,2026-03-11 12:53:52.404574
0.7942196531791907,0.4836616261413981,0.9291553133514986,-0.0425497338948856,0.844059405940594,0.18831872784641143,0.8845654993514915,-0.005457701423119299,-0.005863227225456402,0.0063004250037315135,0.014685314685314643,0.0,2026-03-11 12:53:52.406048
0.7944572748267898,0.48370981980578487,0.9292517006802721,-0.04242801303812642,0.8442521631644005,0.1883284953568343,0.8847150259067358,-0.005258953534815647,-0.0056485056485056084,0.00603541402470531,0.014685314685314643,0.0,2026-03-11 12:53:52.410140
0.7946943483275664,0.4837578825091271,0.9293478260869565,-0.042306601288649756,0.8444444444444444,0.1883382358206141,0.8848641655886157,-0.005381702212477579,-0.005780346820809301,0.006186146780391866,0.014685314685314643,0.0,2026-03-11 12:53:52.411735
0.7949308755760369,0.48380581478450907,0.9294436906377205,-0.04218549747048817,0.8446362515413071,0.1883479493499743,0.8850129198966409,-0.005503978779840879,-0.005911680911681039,0.006336216974514919,0.014685314685314643,0.0,2026-03-11 12:53:52.418084
0.7951668584579977,0.48385361716212577,0.9295392953929539,-0.04206470041364123,0.8448275862068966,0.18835763605651823,0.8851612903225806,-0.005625785955390872,-0.006042510840975401,0.006485628966032109,0.014685314685314643,0.0,2026-03-11 12:53:52.426915
0.7954022988505747,0.48390129016930244,0.9296346414073072,-0.04194420895401932,0.8450184501845018,0.18836729605123323,0.8853092783505155,-0.005428177023467096,-0.005829027019046196,0.006222490856115481,0.014685314685314643,0.0,2026-03-11 12:53:52.444874
0.7956371986222732,0.4839488343305137,0.9297297297297298,-0.04182402193342084,0.8452088452088452,0.18837692944449502,0.8854568854568855,-0.005231697285440151,-0.005616852913816084,0.005961205831480076,0.014685314685314643,0.0,2026-03-11 12:53:52.453300
0.7958715596330275,0.4839962501674032,0.9298245614035088,-0.041704138199487775,0.845398773006135,0.18838653634607172,0.8856041131105398,-0.005353037766830937,-0.005747126436781658,0.00610996394119645,0.014685314685314643,0.0,2026-03-11 12:53:52.455660
0.7961053837342497,0.48404353819880247,0.9299191374663073,-0.04158455660567064,0.8455882352941176,0.18839611686512825,0.8857509627727856,-0.0054739142310844535,-0.005876901781839194,0.006258072452180352,0.014685314685314643,0.0,2026-03-11 12:53:52.461140
0.7963386727688787,0.4840906989407498,0.9300134589502019,-0.041465276011193056,0.8457772337821298,0.18840567111023027,0.885897435897436,-0.005278554035724192,-0.005665970845685653,0.00599862100666515,0.014685314685314643,0.0,2026-03-11 12:53:52.466645
0.7954285714285714,0.4839461234144949,0.9300134589502019,-0.04189533483672231,0.8447432762836186,0.1876906564962478,0.8853299167200512,-0.005398969139427168,-0.0057952237551648356,0.00599862100666515,0.015151515151515138,0.0,2026-03-11 12:53:52.472226
0.795662100456621,0.4839931573802541,0.9301075268817204,-0.04177628956390014,0.8449328449328449,0.1877001484155425,0.8854766474728087,-0.005204718945177045,-0.005585552038726682,0.005740983906922792,0.015151515151515138,0.0,2026-03-11 12:53:52.477905
0.7958950969213227,0.48404006508033354,0.9302013422818792,-0.04165754288178865,0.8451219512195122,0.18770961437512745,0.8856230031948882,-0.005324675324675399,-0.005714285714285783,0.005888447064917646,0.015151515151515138,0.0,2026-03-11 12:53:52.483682
0.7961275626423691,0.4840868470225038,0.9302949061662198,-0.04153909366840291,0.8453105968331304,0.18771905448139015,0.8857689853222718,-0.0051315256980979385,-0.005505861919235855,0.005632605345661235,0.015151515151515138,0.0,2026-03-11 12:53:52.489473
0.7963594994311718,0.48413350371181696,0.9303882195448461,-0.04142094080737129,0.8454987834549879,0.1877284688401372,0.8859145952836202,-0.005251025969689405,-0.0056340795358673645,0.005779427359490885,0.015151515151515138,0.0,2026-03-11 12:53:52.495393
0.7965909090909091,0.4841800356506239,0.93048128342246,-0.041303083187899894,0.8456865127582017,0.18773785755659847,0.8860598345003183,-0.005370072729813824,-0.005761810558128522,0.005925612401460167,0.015151515151515138,0.0,2026-03-11 12:53:52.500967
0.7956867196367764,0.48403763419243295,0.93048128342246,-0.041726883359171324,0.8446601941747572,0.18703074446941656,0.8854961832061069,-0.005488668555240772,-0.005889057750759763,0.005925612401460167,0.015603799185888723,0.0,2026-03-11 12:53:52.507077
0.7959183673469388,0.4840840418804019,0.9305740987983978,-0.04160925874896622,0.8448484848484848,0.18704007238191364,0.8856416772554002,-0.005296610169491567,-0.005681818181818121,0.00567154736080977,0.015603799185888723,0.0,2026-03-11 12:53:52.513447
0.796149490373726,0.4841303258145363,0.9306666666666666,-0.04149192702872716,0.8450363196125908,0.18704937495666535,0.8857868020304568,-0.005105633802816922,-0.005475830815709903,0.005419240555734839,0.015603799185888723,0.0,2026-03-11 12:53:52.519325
0.7963800904977375,0.4841764864891923,0.9307589880159787,-0.04137488710585222,0.845223700120919,0.18705865229680482,0.8859315589353612,-0.005223781250832005,-0.005602544846058599,0.005564792762024595,0.015603799185888723,0.0,2026-03-11 12:53:52.526670
0.7966101694915254,0.4842225243960966,0.9308510638297872,-0.041258137893167755,0.8454106280193237,0.18706790450490607,0.8860759493670886,-0.00534148285942071,-0.005728780710254844,0.0057097162330820295,0.015603799185888723,0.0,2026-03-11 12:53:52.534660
0.7968397291196389,0.48426844002436364,0.9309428950863213,-0.04114167830889532,0.8455971049457177,0.1870771316829876,0.8862199747155499,-0.005458741147449708,-0.005854541109802547,0.005854015034005511,0.015603799185888723,0.0,2026-03-11 12:53:52.541056
0.7970687711386697,0.4843142338605133,0.9310344827586207,-0.04102550727661574,0.8457831325301205,0.1870863339325164,0.8863636363636364,-0.005575558614847043,-0.005979828725893421,0.005997693194925047,0.015603799185888723,0.0,2026-03-11 12:53:52.547532
0.7972972972972973,0.4843599063884878,0.9311258278145695,-0.040909623725238285,0.8459687123947052,0.18709551135441163,0.8865069356872636,-0.005691937742779429,-0.006104646219597276,0.006140754711377094,0.015603799185888723,0.0,2026-03-11 12:53:52.553864
0.7975253093363329,0.4844054580896686,0.9312169312169312,-0.04079402658896434,0.8461538461538461,0.18710466404904816,0.8866498740554155,-0.005502034277041212,-0.0058997716946587175,0.005890187953233705,0.015603799185888723,0.0,2026-03-11 12:53:52.560517
0.797752808988764,0.48445088944289394,0.9313077939233818,-0.04067871480726036,0.8463385354141657,0.18711379211626045,0.8867924528301887,-0.005313194696265011,-0.005696127647347282,0.005641343303393609,0.015603799185888723,0.0,2026-03-11 12:53:52.570219
0.7968574635241302,0.48431061337960135,0.9313077939233818,-0.04109615570833744,0.8453237410071942,0.18641429885616778,0.886235072281584,-0.005125410085213944,-0.005493703025468921,0.005641343303393609,0.014925373134328401,0.0,2026-03-11 12:53:52.577018
0.797085201793722,0.48435592486118223,0.9313984168865436,-0.04098106978903401,0.8455089820359282,0.18642336836321233,0.8863779033270559,-0.005241353336262633,-0.00561797752808979,0.005783792136691779,0.014925373134328401,0.0,2026-03-11 12:53:52.584529
0.7973124300111982,0.48440111694491966,0.9314888010540184,-0.04086626697663067,0.8456937799043063,0.18643241353221934,0.8865203761755485,-0.00505461487903347,-0.005416736542009026,0.005536651902261602,0.014925373134328401,0.0,2026-03-11 12:53:52.594602
0.7975391498881432,0.484446190102121,0.9315789473684211,-0.04075174622776182,0.8458781362007168,0.18644143446105618,0.886662492172824,-0.004868913857677848,-0.005216693418940599,0.0052911986318889825,0.014925373134328401,0.0,2026-03-11 12:53:52.608023
0.7977653631284917,0.4844911448016161,0.9316688567674113,-0.040637506504185676,0.8460620525059666,0.1864504312470659,0.8868042526579111,-0.004984423676012484,-0.005340453938584844,0.005433038709489191,0.014925373134328401,0.0,2026-03-11 12:53:52.620942
0.7979910714285714,0.48453598150977395,0.931758530183727,-0.04052354677274559,0.8462455303933254,0.18645940398707084,0.886945658963148,-0.004799751469179658,-0.00514157353226663,0.005189255189255171,0.014925373134328401,0.0,2026-03-11 12:53:52.635067
0.798216276477146,0.48458070069051856,0.9318479685452162,-0.040409866005344366,0.8464285714285714,0.1864683527773763,0.8870867124142233,-0.004616099550782349,-0.004943869933086376,0.004947124438649864,0.014925373134328401,0.0,2026-03-11 12:53:52.650468
0.7984409799554566,0.484625302805345,0.9319371727748691,-0.04029646317891481,0.8466111771700356,0.1864772777137737,0.8872274143302179,-0.004433459488684677,-0.004747332726821707,0.004706629706629717,0.014925373134328401,0.0,2026-03-11 12:53:52.669367
0.7986651835372637,0.4846697883133353,0.9320261437908497,-0.04018333727538249,0.8467933491686461,0.18648617889154417,0.8873677660236465,-0.004548538300234384,-0.004870558710870387,0.004847864922491785,0.014925373134328401,0.0,2026-03-11 12:53:53.708548
0.7988888888888889,0.48471415767117415,0.9321148825065274,-0.04007048728164338,0.8469750889679716,0.18649505640546185,0.8875077688004972,-0.004663188512858407,-0.004993325752706834,0.004988499137435265,0.014925373134328401,0.0,2026-03-11 12:53:53.725284
0.7991120976692564,0.48475841133316466,0.9322033898305084,-0.03995791218952233,0.8471563981042654,0.18650391034979732,0.8876474239602731,-0.004481551967585484,-0.004797896812356317,0.00474962389856004,0.014925373134328401,0.0,2026-03-11 12:53:53.727920
0.7993348115299335,0.48480254975124376,0.9322916666666666,-0.03984561099575758,0.8473372781065088,0.186512740818321,0.8877867327960322,-0.004595775971240612,-0.004920183686857538,0.0048896609406163805,0.014925373134328401,0.0,2026-03-11 12:53:53.736688
0.7984496124031008,0.48466435185185186,0.9322916666666666,-0.040256731609130625,0.8463356973995272,0.18582066889249516,0.8872366790582403,-0.004709576138147598,-0.005042016806722671,0.0048896609406163805,0.015364354697102733,0.0,2026-03-11 12:53:53.745516
0.7986725663716814,0.48470837547560564,0.9323797139141743,-0.04014464716964481,0.846517119244392,0.18582944329901352,0.8873762376237624,-0.004822954822954806,-0.00516339869281035,0.005029104605375756,0.015364354697102733,0.0,2026-03-11 12:53:53.754435
0.7988950276243094,0.4847522847522847,0.9324675324675324,-0.0400328345014838,0.8466981132075472,0.18583819450219194,0.8875154511742893,-0.004935914362901417,-0.00528433184734145,0.0051679586563307955,0.015364354697102733,0.0,2026-03-11 12:53:53.763414
0.7991169977924945,0.4847960801268194,0.9325551232166018,-0.03992129261739862,0.8468786808009423,0.18584692259397764,0.8876543209876544,-0.0050484570779774085,-0.00540481875406984,0.0053062268252142,0.015364354697102733,0.0,2026-03-11 12:53:53.772474
0.7993384785005513,0.48483976204183454,0.9326424870466321,-0.039810020534915315,0.8470588235294118,0.1858556276658322,0.8877928483353885,-0.004867815801445685,-0.00521041867310168,0.005068954775861556,0.015364354697102733,0.0,2026-03-11 12:53:53.781607
0.7995594713656388,0.48488333093766467,0.9327296248382924,-0.03969901727630738,0.8472385428907168,0.18586430980873517,0.8879310344827586,-0.004979943994550817,-0.005330438586542696,0.005206640762981274,0.015364354697102733,0.0,2026-03-11 12:53:53.790796
0.7997799779977998,0.4849267872523686,0.9328165374677002,-0.039588281868567235,0.8474178403755869,0.18587296911318724,0.8880688806888068,-0.004800289828819859,-0.005137152272947532,0.004970955817637734,0.015364354697102733,0.0,2026-03-11 12:53:53.800068
0.8,0.4849701314217443,0.9329032258064516,-0.03947781334337503,0.8475967174677609,0.1858816056692132,0.8882063882063883,-0.004912005785920881,-0.00525670794633637,0.005108063292206477,0.015364354697102733,0.0,2026-03-11 12:53:53.815437
0.8002195389681669,0.48501336387934324,0.9329896907216495,-0.0393676107370765,0.8477751756440282,0.18589021956636523,0.8883435582822087,-0.005023311776206962,-0.0053758248833091216,0.005244595892668014,0.015364354697102733,0.0,2026-03-11 12:53:53.824826
0.8004385964912281,0.485056485056485,0.9330759330759331,-0.03925767309065009,0.847953216374269,0.18589881089372579,0.8884803921568627,-0.0048446366522511,-0.005183619974857612,0.00501048218029343,0.015364354697102733,0.0,2026-03-11 12:53:53.834338
0.80065717415115,0.4850994953822717,0.9331619537275064,-0.03914799944967638,0.8481308411214953,0.18590737973991106,0.8886168910648714,-0.0046669325887515045,-0.004992532536803873,0.004777924040758608,0.015364354697102733,0.0,2026-03-11 12:53:53.843979
0.799781181619256,0.4849633298049297,0.9331619537275064,-0.03955300873845565,0.8471411901983664,0.18522263568309794,0.8880733944954129,-0.004490191690907808,-0.0048025528520143634,0.004777924040758608,0.014705882352941124,0.0,2026-03-11 12:53:53.856520
0.8,0.4850062297062599,0.9332477535301669,-0.039443544332085766,0.8473193473193473,0.1852311506575047,0.8882101405009164,-0.00431440614926859,-0.004613671315691903,0.004546906021353103,0.014705882352941124,0.0,2026-03-11 12:53:53.868154
0.8002183406113537,0.48504901960784313,0.9333333333333333,-0.03933434190620322,0.8474970896391153,0.18523964340873714,0.8883465527760831,-0.004425304425304422,-0.004732261957695494,0.004682867355704001,0.014705882352941124,0.0,2026-03-11 12:53:53.879816
0.8004362050163577,0.48509169993221357,0.9334186939820742,-0.03922540052143676,0.8476744186046512,0.18524811402370867,0.8884826325411334,-0.00453579722318298,-0.0048504189958893384,0.004818261001811153,0.014705882352941124,0.0,2026-03-11 12:53:53.891541
0.8006535947712419,0.4851342710997442,0.9335038363171355,-0.03911671924290256,0.8478513356562137,0.18525656258888007,0.8886183810103468,-0.004645886762675078,-0.004968144804016639,0.004953090507726299,0.014705882352941124,0.0,2026-03-11 12:53:53.904135
0.7997823721436343,0.48453816392457366,0.9323116219667944,-0.04052673681619601,0.8478513356562137,0.18513822558377463,0.8880778588807786,-0.0029340816226062216,-0.0031376017351569807,0.003008357312993093,0.014705882352941124,0.0,2026-03-11 12:53:53.922317
0.8,0.4845813325330132,0.9323979591836735,-0.04041695348608436,0.8480278422273781,0.18514679779756893,0.8882138517618469,-0.0030466830466830963,-0.003258013662637893,0.003146382347283705,0.014705882352941124,0.0,2026-03-11 12:53:53.932392
0.8002171552660152,0.484624391157737,0.932484076433121,-0.04030743164434242,0.8482039397450754,0.18515534777597223,0.8883495145631068,-0.0028718451359961428,-0.0030704741943936575,0.0029168891992933377,0.014705882352941124,0.0,2026-03-11 12:53:53.946567
0.8004338394793926,0.48466734021853014,0.9325699745547074,-0.04019817035783457,0.8483796296296297,0.18516387560541392,0.8884848484848485,-0.002984037843470122,-0.0031904266280329274,0.003054342701350854,0.014705882352941124,0.0,2026-03-11 12:53:53.958879
0.800650054171181,0.4847101801330443,0.9326556543837357,-0.04008916869786823,0.8485549132947977,0.18517238137187594,0.8886198547215497,-0.003095824055627139,-0.003309944451405311,0.0031912282137304127,0.014705882352941124,0.0,2026-03-11 12:53:53.974482
0.8008658008658008,0.484752911316811,0.932741116751269,-0.03998042574015163,0.848729792147806,0.1851808651608957,0.8887545344619104,-0.002921926133707342,-0.0031234382808595917,0.0029632448890821728,0.014705882352941124,0.0,2026-03-11 12:53:53.999576
0.8010810810810811,0.48479553418325505,0.9328263624841572,-0.03987194056478068,0.8489042675893888,0.18518932705756883,0.888888888888889,-0.003033308055766293,-0.0032425017147845736,0.003099565925122061,0.014705882352941124,0.0,2026-03-11 12:53:54.018328
0.8002159827213823,0.484205137751303,0.9316455696202531,-0.04125891977972535,0.8489042675893888,0.18507208150795132,0.8883524441762222,-0.005541307709835297,-0.005939390160254465,0.006151766097684641,0.014705882352941124,0.0,2026-03-11 12:53:54.036942
0.8004314994606256,0.48424834535584144,0.93173198482933,-0.041149365274987276,0.8490783410138248,0.18508066453152597,0.8884870403857744,-0.005652287531092481,-0.006058342669820416,0.00628752614180661,0.014705882352941124,0.0,2026-03-11 12:53:54.061505
0.8006465517241379,0.48429144385026734,0.9318181818181818,-0.041040069855438184,0.8492520138089759,0.18508922548428997,0.8886213124623721,-0.005762867425065821,-0.006176866521694135,0.006422728649813192,0.014705882352941124,0.0,2026-03-11 12:53:54.080513
0.8008611410118407,0.4843344336473555,0.9319041614123581,-0.04093103260309905,0.8494252873563218,0.1850977644512924,0.888755261575466,-0.005873049549636522,-0.00629496402877705,0.006557377049180357,0.014705882352941124,0.0,2026-03-11 12:53:54.109412
0.8010752688172043,0.48437731515780114,0.9319899244332494,-0.04082225260432383,0.8495981630309989,0.1851062815171456,0.888888888888889,-0.0056938406494057014,-0.00610170889076711,0.006321654344798033,0.014705882352941124,0.0,2026-03-11 12:53:54.122699
0.8012889366272825,0.48442008879023307,0.9320754716981132,-0.040713728949768706,0.8497706422018348,0.1851147767660284,0.8890221955608879,-0.005803627146958035,-0.006219359750608389,0.00645575203496529,0.014705882352941124,0.0,2026-03-11 12:53:54.139128
0.8004291845493562,0.48428591103153834,0.9320754716981132,-0.04111563547259535,0.8487972508591065,0.18443793802166344,0.8884892086330936,-0.005913020144519221,-0.006336588922779995,0.00645575203496529,0.015132139812446654,0.0,2026-03-11 12:53:54.152630
0.8006430868167203,0.484328577192532,0.9321608040201005,-0.041007306451032614,0.8489702517162472,0.184446380555444,0.8886227544910179,-0.005734767025089571,-0.006144393241167334,0.006221564983380334,0.015132139812446654,0.0,2026-03-11 12:53:54.167609
0.8008565310492506,0.48437113628662226,0.9322459222082811,-0.0408992318661692,0.8491428571428571,0.1844548015184802,0.8887559808612441,-0.005557462060550633,-0.005953292691643908,0.005988898626935413,0.015132139812446654,0.0,2026-03-11 12:53:54.192636
0.8,0.48423890313312606,0.9322459222082811,-0.04129568640529791,0.8481735159817352,0.18378527189893837,0.8882247459653317,-0.005381097705903004,-0.005763277940697309,0.005988898626935413,0.01449275362318836,0.0,2026-03-11 12:53:55.921897
0.8002136752136753,0.4842813555628201,0.9323308270676691,-0.04118780783781866,0.8483466362599772,0.18379364088560848,0.8883582089552239,-0.005205666495989081,-0.00557433976057764,0.005757738201600304,0.01449275362318836,0.0,2026-03-11 12:53:56.072657
0.80042689434365,0.48432370172861006,0.932415519399249,-0.04108018181277985,0.8485193621867881,0.18380198854399377,0.8884913536076327,-0.0053146681053658495,-0.005691061030675071,0.005891288554256691,0.01449275362318836,0.0,2026-03-11 12:53:56.077165
0.8006396588486141,0.48436594202898553,0.9325,-0.04097280744442157,0.8486916951080774,0.18381031495554864,0.8886241810601548,-0.005140162653815561,-0.0055031684909494505,0.005661619486504232,0.01449275362318836,0.0,2026-03-11 12:53:56.078606
0.8008519701810437,0.4844080768604462,0.9325842696629213,-0.040865683851118696,0.8488636363636364,0.18381862020131298,0.8887566924449732,-0.004966575652010197,-0.005316334500743203,0.005433427390248657,0.01449275362318836,0.0,2026-03-11 12:53:56.083182
0.801063829787234,0.4844501066175142,0.9326683291770573,-0.040758810155361466,0.8490351872871736,0.18382690436191515,0.8888888888888888,-0.0047938998680621125,-0.005130550139695655,0.005206698063840887,0.01449275362318836,0.0,2026-03-11 12:53:56.084709
0.8012752391073327,0.4844920316927464,0.9327521793275217,-0.04065218548372798,0.8492063492063492,0.18383516751757417,0.8890207715133531,-0.004902512185976704,-0.005246789727126666,0.005339704423207414,0.01449275362318836,0.0,2026-03-11 12:53:56.089340
0.8014861995753716,0.48453385247674674,0.9328358208955224,-0.040545808966861226,0.8493771234428086,0.18384340974810273,0.8891523414344991,-0.005010737294201872,-0.005362614913176689,0.0054721701063163986,0.01449275362318836,0.0,2026-03-11 12:53:56.090970
0.8016967126193001,0.4845755693581781,0.9329192546583851,-0.04043967973944846,0.8495475113122172,0.1838516311329093,0.8892835997631734,-0.00483896557194996,-0.005177828707240595,0.0052468895295981755,0.01449275362318836,0.0,2026-03-11 12:53:56.102696
0.801906779661017,0.48461718272377463,0.9330024813895782,-0.040333796940193775,0.8497175141242937,0.18385983175100118,0.8894145476049674,-0.00494680553744109,-0.0052932204910434155,0.005378817826568794,0.01449275362318836,0.0,2026-03-11 12:53:56.107950
0.8021164021164021,0.48465869295835357,0.9330855018587361,-0.04022815971179798,0.8498871331828443,0.18386801168098663,0.8895451860602481,-0.004775930795461902,-0.005109445515815381,0.00515497215798244,0.01449275362318836,0.0,2026-03-11 12:53:56.113305
0.8023255813953488,0.48470010044482714,0.9331683168316832,-0.04012276720093099,0.8500563697857948,0.18387617100107756,0.8896755162241887,-0.0048833876704895696,-0.005224406362562828,0.005286366332293291,0.01449275362318836,0.0,2026-03-11 12:53:56.118676
0.8025343189017952,0.4847414055642142,0.9332509270704573,-0.04001761855821435,0.8502252252252253,0.18388430978909207,0.8898055391868002,-0.004713402901124875,-0.005041634300924747,0.005063941906047198,0.01449275362318836,0.0,2026-03-11 12:53:56.121152
0.8027426160337553,0.4847826086956522,0.9333333333333333,-0.03991271293819555,0.8503937007874016,0.18389242812245685,0.8899352560329606,-0.004820478723404187,-0.005156166656788974,0.0051948051948051965,0.01449275362318836,0.0,2026-03-11 12:53:56.128984
0.8029504741833509,0.48482371021640847,0.9334155363748459,-0.03980804949932304,0.8505617977528089,0.1839005260782096,0.8900646678424455,-0.004651376991802514,-0.004974389282899949,0.004973788518092381,0.01449275362318836,0.0,2026-03-11 12:53:56.136594
0.8021052631578948,0.4846933796982143,0.9334155363748459,-0.04019848804295873,0.8496071829405163,0.1832378193243683,0.8895417156286721,-0.004758073784622452,-0.005088495575221286,0.004973788518092381,0.014906832298136607,0.0,2026-03-11 12:53:56.145061
0.8012618296529969,0.4845649110445658,0.9334155363748459,-0.04058380468826954,0.8486547085201793,0.18258222574019767,0.8890193775689958,-0.004589848227795845,-0.004907704753266406,0.004973788518092381,0.014285714285714235,0.0,2026-03-11 12:53:56.160191
0.8014705882352942,0.48460591133004927,0.9334975369458128,-0.04047927461139864,0.8488241881298992,0.18259024548990768,0.8891495601173022,-0.0046961680001464945,-0.005021387390738319,0.005104124132298882,0.014285714285714235,0.0,2026-03-11 12:53:56.169220
0.8016789087093389,0.4846468107538218,0.933579335793358,-0.040374984837720965,0.8489932885906041,0.18259824515990583,0.8892794376098418,-0.004802112746845055,-0.005134669031252592,0.005233935257112354,0.014285714285714235,0.0,2026-03-11 12:53:56.172045
0.8018867924528302,0.48468760968760966,0.9336609336609336,-0.04027093453953726,0.8491620111731844,0.18260622482553368,0.8894090111176126,-0.004634756572741039,-0.004954836446549038,0.005014313007381865,0.014285714285714235,0.0,2026-03-11 12:53:56.189248
0.8010471204188482,0.48456096328436754,0.9336609336609336,-0.040651059290441195,0.8482142857142857,0.1819575328114822,0.888888888888889,-0.004468263059328348,-0.004775994674984574,0.005014313007381865,0.013682092555332037,0.0,2026-03-11 12:53:56.205756
0.8002092050209205,0.4844361006332837,0.9336609336609336,-0.04102622576966902,0.8472686733556298,0.1813157052989648,0.8883693746347164,-0.0043026255536966485,-0.004598135550516469,0.005014313007381865,0.013095238095238049,0.0,2026-03-11 12:53:56.215777
0.800417972831766,0.4844767994469887,0.9337423312883436,-0.04092231821003345,0.8474387527839644,0.18132360878192955,0.8884997081144193,-0.004137837471170802,-0.004421250996593518,0.004796072029662257,0.013095238095238049,0.0,2026-03-11 12:53:56.232580
0.7995824634655533,0.48390465341066,0.9325980392156863,-0.042272036990865236,0.8474387527839644,0.1812124695690473,0.8879813302217037,-0.0024828457927049685,-0.0026529037237121855,0.0029173296961430006,0.013095238095238049,0.0,2026-03-11 12:53:56.248005
0.799791449426486,0.48394590308066265,0.9326805385556916,-0.04216710626110779,0.8476084538375973,0.18122048458618334,0.888111888111888,-0.0023189006159720638,-0.002477295466789764,0.002700457000415435,0.013095238095238049,0.0,2026-03-11 12:53:56.261780
0.8,0.48731929025686677,0.9326805385556916,-0.033218606006927894,0.8476084538375973,0.1978217611138089,0.888111888111888,-0.0006697261314551062,-0.0007154724519096156,0.002700457000415435,0.0005868544600939885,0.0,2026-03-11 12:53:56.273031
0.7991675338189386,0.48674919212816525,0.9315403422982885,-0.03458412588621805,0.8476084538375973,0.19770080618894892,0.8875946418171229,0.0009736617759231736,0.001040168727830526,0.0008292446962891997,0.0005868544600939885,0.0,2026-03-11 12:53:56.284506
0.7993762993762994,0.4867909867909868,0.9316239316239316,-0.03447776329132306,0.8477777777777777,0.19770967607123566,0.8877254217568353,0.0008599800233807242,0.0009187218282564746,0.0009655172413793878,0.0005868544600939885,0.0,2026-03-11 12:53:56.294757
0.7995846313603323,0.4868326795156064,0.9317073170731708,-0.03437164339419872,0.8479467258601554,0.19771852392320452,0.8878558977338757,0.0007466957594834955,0.0007976995681914234,0.001101245784293492,0.0005868544600939885,0.0,2026-03-11 12:53:56.307137
0.799792531120332,0.4868742706745143,0.9317904993909866,-0.03426576536511562,0.8481152993348116,0.19772734982685597,0.8879860708067324,0.0009098044812330119,0.0009717802633333328,0.0008857285429141326,0.0005868544600939885,0.0,2026-03-11 12:53:56.930877
0.8,0.4869157606383884,0.9318734793187348,-0.03416012837811578,0.8482834994462901,0.19773615386378388,0.8881159420289855,0.0007969156248887055,0.0008512014303988513,0.0010209163346612815,0.0005868544600939885,0.0,2026-03-11 12:53:56.949709
0.8002070393374742,0.4869571497761048,0.9319562575941677,-0.03405473161099893,0.8484513274336283,0.19774493611517802,0.8882455124493341,0.0006844201095072,0.0007310427327705815,0.0011555666003976173,0.0005868544600939885,0.0,2026-03-11 12:53:56.964500
0.8004136504653567,0.48699843845474916,0.9320388349514563,-0.03394957424530351,0.8486187845303867,0.19775369666182666,0.8883747831116252,0.0005723158828748742,0.0006113019784385054,0.001289682539682535,0.0005868544600939885,0.0,2026-03-11 12:53:56.973706
0.7995867768595041,0.48643356643356644,0.9309090909090909,-0.03529411764705849,0.8486187845303867,0.1976338095961476,0.8878612716763006,-0.00180993472729285,-0.0019381589859022164,0.004190772882361693,0.0005868544600939885,0.0,2026-03-11 12:53:56.981232
0.7997936016511867,0.4864753890177619,0.9309927360774818,-0.035187999735677086,0.8487858719646799,0.19764268841262825,0.8879907621247112,-0.0016420216287794664,-0.0017580340264649053,0.003968253968253954,0.0005868544600939885,0.0,2026-03-11 12:53:56.999893
0.8,0.48651711045906937,0.9310761789600968,-0.035082122308884786,0.8489525909592062,0.1976515453593549,0.8881199538638985,-0.001753736604624856,-0.0018776419082124907,0.004101838755304121,0.0005868544600939885,0.0,2026-03-11 12:53:57.006641
0.7991761071060762,0.485954866389649,0.9299516908212561,-0.03641080939061689,0.8489525909592062,0.19753215450257794,0.887608069164265,-0.004118319268635706,-0.004420478562801922,0.006976672899488112,0.0005868544600939885,0.0,2026-03-11 12:53:57.018514
0.7993827160493827,0.4859971150682852,0.9300361881785284,-0.03630399125204994,0.8491189427312775,0.19754112839125956,0.8877374784110537,-0.004229647017528482,-0.004539974380227685,0.007109729683427379,0.0005868544600939885,0.0,2026-03-11 12:53:57.026278
0.7995889003083247,0.4860392619428764,0.9301204819277108,-0.03619741462642011,0.8492849284928493,0.1975500802499384,0.8878665899942496,-0.004057034819599847,-0.004353891025911993,0.006880398184746062,0.0005868544600939885,0.0,2026-03-11 12:53:57.032963
0.7987679671457906,0.4854796226637382,0.9290012033694344,-0.03751046184280672,0.8492849284928493,0.1974311816052525,0.8873563218390804,-0.0024378735451400235,-0.0026162545362478085,0.00504054350208194,0.0005868544600939885,0.0,2026-03-11 12:53:57.273607
0.798974358974359,0.4855222902097902,0.9290865384615384,-0.03740296400846891,0.8494505494505494,0.19744024909683736,0.8874856486796785,-0.002551420945203331,-0.0027381102826571357,0.005176436278798491,0.0005868544600939885,0.0,2026-03-11 12:53:57.274992
0.7991803278688525,0.4855648553127545,0.929171668667467,-0.037295708661844056,0.849615806805708,0.1974492944028249,0.8876146788990826,-0.0026645768025078675,-0.0028595458368376736,0.0053117950956850235,0.0005868544600939885,0.0,2026-03-11 12:53:57.279480
0.7993858751279427,0.4856073183411313,0.9292565947242206,-0.037188694983372704,0.8497807017543859,0.19745831760456697,0.8877434135166093,-0.002777343138788968,-0.0029805633684565347,0.005446623093681935,0.0005868544600939885,0.0,2026-03-11 12:53:57.280941
0.7995910020449898,0.48564967966165573,0.9293413173652695,-0.03708192215717908,0.8499452354874042,0.19746731878301774,0.8878718535469107,-0.0028897219618869707,-0.003101165032268982,0.005580923389142511,0.0005868544600939885,0.0,2026-03-11 12:53:57.285527
0.7997957099080695,0.48569193963930807,0.9294258373205742,-0.03697538937106182,0.850109409190372,0.1974762980187367,0.888,-0.002717979346819388,-0.0029163183802358716,0.005353003161222336,0.0005868544600939885,0.0,2026-03-11 12:53:57.287145
0.8,0.4857340986373245,0.929510155316607,-0.03686909581646422,0.8502732240437159,0.19748525539189069,0.8881278538812786,-0.002829972650798651,-0.0030364841685597277,0.005486778846153895,0.0005868544600939885,0.0,2026-03-11 12:53:57.291808
0.800203873598369,0.48577615701720717,0.9295942720763724,-0.03676304068845828,0.8504366812227074,0.19749419098225623,0.8882554161915622,-0.002659093063947515,-0.002852611966175589,0.00526025690184051,0.0005868544600939885,0.0,2026-03-11 12:53:57.343729
0.8004073319755601,0.48581811513873496,0.929678188319428,-0.03665722318572007,0.8505997818974919,0.1975031048692222,0.8883826879271071,-0.002770702829214544,-0.0029723442750064777,0.005393511044140653,0.0005868544600939885,0.0,2026-03-11 12:53:57.344905
0.8006103763987793,0.4858599733599734,0.9297619047619048,-0.03655164251051767,0.8507625272331155,0.197511997131792,0.888509670079636,-0.002881931022634565,-0.003091667242610674,0.005526246687832748,0.0005868544600939885,0.0,2026-03-11 12:53:57.349161
0.8008130081300813,0.485901732037285,0.929845422116528,-0.0364462978686816,0.8509249183895539,0.19752086784858583,0.8886363636363636,-0.0029927795976469884,-0.003210582964591646,0.005658466853296851,0.0005868544600939885,0.0,2026-03-11 12:53:57.350449
0.8010152284263959,0.4859433915253393,0.9299287410926366,-0.0363411884695909,0.8510869565217392,0.1975297170978432,0.8887627695800228,-0.003103250494379872,-0.0033290935222727303,0.005790174537499415,0.0005868544600939885,0.0,2026-03-11 12:53:57.351781
0.8012170385395537,0.485984952177123,0.930011862396204,-0.03623631352615028,0.8512486427795874,0.1975385449574251,0.8888888888888888,-0.0032133456397634985,-0.003447200982819032,0.005921372714219664,0.0005868544600939885,0.0,2026-03-11 12:53:57.356284
0.8014184397163121,0.4860264143439499,0.9300947867298578,-0.036131672254775024,0.851409978308026,0.1975473515048163,0.8890147225368064,-0.0033230669476413954,-0.003564907399356443,0.006052064334272966,0.0005868544600939885,0.0,2026-03-11 12:53:57.357704
0.8016194331983806,0.4860677783754707,0.9301775147928995,-0.03602726387536489,0.8515709642470206,0.19755613681712764,0.8891402714932126,-0.0031530439000727606,-0.0033818938605618687,0.005826927845276497,0.0005868544600939885,0.0,2026-03-11 12:53:57.362250
0.8018200202224469,0.4861090446196829,0.9302600472813238,-0.035923087611291246,0.8517316017316018,0.19756490097109827,0.8892655367231638,-0.003262393271313946,-0.003499179879715708,0.005957115836736193,0.0005868544600939885,0.0,2026-03-11 12:53:57.366257
0.802020202020202,0.4861502134229407,0.9303423848878394,-0.03581914268937206,0.8518918918918919,0.19757364404309793,0.8893905191873589,-0.0033713725939213957,-0.003616068991867394,0.00608680310515175,0.0005868544600939885,0.0,2026-03-11 12:53:57.367845
0.8022199798183652,0.4861912851299644,0.9304245283018868,-0.03571542833985636,0.8520518358531317,0.1975823661091292,0.8895152198421646,-0.0034799837431417346,-0.003732563208369788,0.006215992533765369,0.0005868544600939885,0.0,2026-03-11 12:53:57.372527
0.8014112903225806,0.4860455974842767,0.9304245283018868,-0.03613844587716352,0.8511326860841424,0.19689512101432396,0.8890140845070423,-0.0033108108108108603,-0.0035504673574380252,0.006215992533765369,0.0011576307158016608,0.0,2026-03-11 12:53:57.383512
0.8006042296072508,0.4859019193233572,0.9304245283018868,-0.036556305356390116,0.8502155172413793,0.19621499766593684,0.8885135135135136,-0.0031424816337535244,-0.0033693452811101032,0.006215992533765369,0.0017129805862200476,0.0,2026-03-11 12:53:57.385901
0.8008048289738431,0.48594289427724296,0.9305064782096584,-0.036452683132339604,0.8503767491926802,0.1962236385854416,0.888638920134983,-0.003250726472183829,-0.0034854045864858296,0.006344686983725256,0.0017129805862200476,0.0,2026-03-11 12:53:57.396054
0.8010050251256281,0.4859837728194726,0.9305882352941176,-0.03634928984744924,0.8505376344086022,0.19623225879421746,0.8887640449438202,-0.0033586068498786537,-0.003601073119789744,0.006472889294297235,0.0017129805862200476,0.0,2026-03-11 12:53:57.405445
0.8002008032128514,0.4858420628525383,0.9305882352941176,-0.036761936644767484,0.849624060150376,0.19555907581949425,0.888265019651881,-0.0034661246044552785,-0.003716352851300897,0.006472889294297235,0.0011261261261260591,0.0,2026-03-11 12:53:57.417847
0.8004012036108324,0.4858828453229883,0.9306698002350177,-0.03665870722671868,0.8497854077253219,0.19556764589074369,0.8883903533370723,-0.0032986328859901937,-0.0035361344537814254,0.006249125588770221,0.0011261261261260591,0.0,2026-03-11 12:53:57.430334
0.8006012024048096,0.48592353205993954,0.9307511737089202,-0.03655570517437533,0.84994640943194,0.19557619547023908,0.888515406162465,-0.003405789842732654,-0.003651006711409499,0.006376838577546007,0.0011261261261260591,0.0,2026-03-11 12:53:57.436888
0.8008008008008008,0.48596412340008677,0.9308323563892146,-0.036452929737394724,0.8501070663811563,0.19558472463141338,0.8886401790710688,-0.0032391293486768724,-0.003471726402970221,0.0061544351377061934,0.0011261261261260591,0.0,2026-03-11 12:53:57.452600
0.801,0.48600461967854736,0.9309133489461359,-0.036350380168732356,0.8502673796791443,0.19559323344734897,0.8887646730016769,-0.0033459273206395412,-0.0035861933782386224,0.006281661600810562,0.0011261261261260591,0.0,2026-03-11 12:53:57.457778
0.8011988011988012,0.4860450212288713,0.9309941520467836,-0.03624805572462288,0.8504273504273504,0.1956017219907796,0.8888888888888888,-0.003452368108749604,-0.0037002775208141436,0.006408404313104632,0.0011261261261260591,0.0,2026-03-11 12:53:57.466425
0.8013972055888223,0.4860853283830495,0.9310747663551402,-0.036145955664564196,0.8505869797225186,0.19561019033409277,0.8890128276631344,-0.0032865326666445815,-0.0035219076852106568,0.00618734877290017,0.0011261261261260591,0.0,2026-03-11 12:53:57.474781
0.8015952143569293,0.48612554147152376,0.9311551925320887,-0.036044079251296414,0.8507462686567164,0.19561863854933165,0.8891364902506964,-0.003392618059802621,-0.003635590705995284,0.006313610488183574,0.0011261261261260591,0.0,2026-03-11 12:53:57.483607
0.8017928286852589,0.4861656608231951,0.9312354312354313,-0.03594242575078823,0.8509052183173589,0.19562706670819693,0.889259877573734,-0.0034983498349834274,-0.0037488947833774766,0.006439393939393967,0.0011261261261260591,0.0,2026-03-11 12:53:57.491822
0.8019900497512438,0.48620568676543285,0.9313154831199069,-0.035840994432215965,0.851063829787234,0.19563547488204927,0.8893829905503058,-0.0033333333333332993,-0.0035714285714285587,0.006219674082211801,0.0011261261261260591,0.0,2026-03-11 12:53:57.500756
0.8021868787276342,0.4862456196240841,0.9313953488372093,-0.03573978456794612,0.8512221041445271,0.195643863141911,0.8895058300943921,-0.003169129720853814,-0.0033948988566401272,0.00600127783862725,0.0011261261261260591,0.0,2026-03-11 12:53:57.509772
0.8023833167825224,0.4862854597234818,0.9314750290360047,-0.03563879543352028,0.851380042462845,0.1956522315584681,0.889628397115918,-0.0030057330057330356,-0.003219298245614066,0.0057841932841933286,0.0011261261261260591,0.0,2026-03-11 12:53:57.515888
0.8025793650793651,0.4863252073864539,0.931554524361949,-0.03553802630763832,0.8515376458112407,0.19566058020207236,0.8897506925207755,-0.0028431372549019285,-0.00304461942257217,0.005568408637270927,0.0011261261261260591,0.0,2026-03-11 12:53:57.522049
0.8017839444995044,0.48618542544628063,0.931554524361949,-0.03594492756599173,0.850635593220339,0.19499393233489726,0.8892580287929125,-0.0026813365933170408,-0.0028708551483420663,0.005568408637270927,0.0016666666666665941,0.0,2026-03-11 12:53:57.531399
0.801980198019802,0.486225080994159,0.9316338354577057,-0.035844315676118906,0.8507936507936508,0.19500223289749372,0.8893805309734514,-0.0027867165156686413,-0.002983683389812697,0.005693716536680937,0.0016666666666665941,0.0,2026-03-11 12:53:57.537704
0.8011869436201781,0.48608718799912315,0.9316338354577057,-0.03624625834382918,0.8498942917547568,0.19434232497145953,0.8888888888888888,-0.002891746338610557,-0.003096136786627568,0.005693716536680937,0.0010958904109589218,0.0,2026-03-11 12:53:57.544170
0.8013833992094862,0.48612675175175174,0.9317129629629629,-0.036145805741762724,0.8500527983104541,0.19435057794394936,0.8890115958034235,-0.0029964278039306125,-0.0032082172036849155,0.005818551576093123,0.0010958904109589218,0.0,2026-03-11 12:53:57.548870
0.8015794669299111,0.4861662240274957,0.9317919075144508,-0.036045570882669034,0.8502109704641351,0.19435881148519404,0.8891340319911749,-0.003100762641882193,-0.0033199264935335204,0.005942916427032929,0.0010958904109589218,0.0,2026-03-11 12:53:57.557472
0.8007889546351085,0.4860301819451449,0.9317919075144508,-0.036442573345612274,0.8493150684931506,0.1937055027073454,0.8886438809261301,-0.002939751251817113,-0.003146992201684018,0.005942916427032929,0.0016222062004326299,0.0,2026-03-11 12:53:57.574627
0.8009852216748768,0.48606956306089866,0.9318706697459584,-0.03634249898908234,0.8494736842105263,0.19371368927514887,0.8887665198237885,-0.002779523372166137,-0.0029749586092715496,0.005728420046659299,0.0016222062004326299,0.0,2026-03-11 12:53:57.586734
0.8001968503937008,0.48593533487297924,0.9318706697459584,-0.03673469387755054,0.8485804416403786,0.19306689718809472,0.8882773802971932,-0.0026200732977560426,-0.0028038186978585067,0.005728420046659299,0.0021348514499199833,0.0,2026-03-11 12:53:57.597792
0.80039331366765,0.48597462514417533,0.9319492502883506,-0.036634781953754386,0.8487394957983193,0.1930750372563321,0.8884002199010446,-0.0024613953786700726,-0.0026335655217377685,0.005515200430454614,0.0021348514499199833,0.0,2026-03-11 12:53:57.609843
0.8005893909626719,0.48601382488479267,0.9320276497695853,-0.03653508551938599,0.8488982161594963,0.1930831582266652,0.8885227896760022,-0.0025653853080663813,-0.0027448293581124883,0.005639097744360888,0.0021348514499199833,0.0,2026-03-11 12:53:57.622415
0.8007850834151129,0.4891926328318125,0.9320276497695853,-0.02816229354195691,0.8488982161594963,0.20786192482184668,0.8885227896760022,-0.0010188670198739702,-0.0010901349202279143,0.005639097744360888,0.015093015093015083,0.0,2026-03-11 12:53:57.643905
0.8009803921568628,0.48923174235438466,0.9321058688147296,-0.02806244041944642,0.8490566037735849,0.2078706468915066,0.8886450905101482,-0.0011248908018237636,-0.0012035748734540164,0.005762530152774059,0.015093015093015083,0.0,2026-03-11 12:53:57.662503
0.801175318315377,0.4892707619700084,0.9321839080459771,-0.02796280223186554,0.8492146596858638,0.2078793485457376,0.8887671232876713,-0.0012305658213329629,-0.001316641668939189,0.005885500267522659,0.015093015093015083,0.0,2026-03-11 12:53:57.679638
0.8013698630136986,0.48930969198835167,0.9322617680826636,-0.027863378285985323,0.8493723849372385,0.20788802985615712,0.888888888888889,-0.001335893796443166,-0.0014293371448990122,0.006008010680907838,0.015093015093015083,0.0,2026-03-11 12:53:57.705917
0.8005865102639296,0.48915719983080547,0.9322617680826636,-0.028292682926828933,0.8484848484848485,0.20720305919712909,0.888402625820569,-0.001177982437352676,-0.0012601672585632606,0.006008010680907838,0.015592515592515621,0.0,2026-03-11 12:53:57.723013
0.7998046875,0.4890067010347958,0.9322617680826636,-0.028717044006664708,0.8475991649269311,0.20652481495772965,0.8879168944778567,-0.0010208320968603246,-0.0010918693819510494,0.006008010680907838,0.01607937050975028,0.0,2026-03-11 12:53:57.762387
0.8,0.48904554176410625,0.9323394495412844,-0.028617723799313637,0.8477580813347236,0.20653341920131682,0.8880393227744402,-0.0011258147343472524,-0.0012041575122527792,0.00613006396588478,0.01607937050975028,0.0,2026-03-11 12:53:57.778759
0.8001949317738791,0.4890842935112189,0.9324169530355098,-0.028518616318985723,0.8479166666666667,0.2065420033757961,0.8881614839061648,-0.001230453729812897,-0.0013160780872998323,0.006251662676243663,0.01607937050975028,0.0,2026-03-11 12:53:57.791692
0.8003894839337877,0.48912295658156474,0.9324942791762014,-0.028419720882975612,0.8480749219562955,0.20655056755132367,0.888283378746594,-0.0013347507677770043,-0.0014276329088336315,0.006372809346786967,0.01607937050975028,0.0,2026-03-11 12:53:57.804565
0.8005836575875487,0.48916153127917833,0.9325714285714286,-0.028321036811492274,0.8482328482328483,0.2065591117977289,0.8884050081654873,-0.001438707521767335,-0.0015388237668387816,0.00649350649350644,0.01607937050975028,0.0,2026-03-11 12:53:57.820132
0.8007774538386784,0.48920001790670603,0.932648401826484,-0.02822256342765177,0.8483904465212876,0.20656763618451643,0.88852637302882,-0.001542325654409149,-0.0016496524396385492,0.006613756613756627,0.01607937050975028,0.0,2026-03-11 12:53:57.845299
0.8,0.4890514736405147,0.932648401826484,-0.02864179336022294,0.8475103734439834,0.2058958697349976,0.8880434782608695,-0.0016456068175140226,-0.0017601206939905634,0.006613756613756627,0.015358649789029566,0.0,2026-03-11 12:53:57.864713
0.8001939864209505,0.48908987249922253,0.9327251995438997,-0.02854347868198284,0.8476683937823835,0.20590434667405197,0.8881650380021715,-0.0017485526521671124,-0.0018702302851787422,0.006733562186427178,0.015358649789029566,0.0,2026-03-11 12:53:57.879626
0.8003875968992248,0.4891281838890039,0.9328018223234624,-0.028445373272959665,0.8478260869565217,0.2059128039556663,0.8882863340563991,-0.0015921578421578264,-0.0017026675124360846,0.00652160796853829,0.015358649789029566,0.0,2026-03-11 12:53:57.893623
0.8005808325266215,0.48916640810838763,0.9328782707622298,-0.028347476465698566,0.8479834539813857,0.20592124164815914,0.8884073672806068,-0.001694769978805577,-0.001812401828234167,0.006640971454224931,0.015358649789029566,0.0,2026-03-11 12:53:57.916318
0.8007736943907157,0.48920454545454545,0.9329545454545455,-0.02824978759558257,0.8481404958677686,0.20592965981953262,0.8885281385281386,-0.001797050037341319,-0.001921781016796853,0.006759895295397111,0.015358649789029566,0.0,2026-03-11 12:53:57.959892
0.8009661835748793,0.48924259622329996,0.9330306469920545,-0.028152306000809854,0.848297213622291,0.2059380585374746,0.8886486486486487,-0.001898999627190201,-0.0020308067992573786,0.0068783819165648685,0.015358649789029566,0.0,2026-03-11 12:53:57.986394
0.8011583011583011,0.4923217751089305,0.9330306469920545,-0.020045693091548557,0.848297213622291,0.219445711942413,0.8886486486486487,-0.00038771712158802707,-0.00041462807861347706,0.0068783819165648685,0.02781479013990673,0.0,2026-03-11 12:53:58.013193
0.8013500482160077,0.49235973959476265,0.9331065759637188,-0.0199480529401648,0.8484536082474227,0.2194546408818438,0.8887688984881209,-0.0004916078285643888,-0.0005257297086960211,0.006996433724444029,0.02781479013990673,0.0,2026-03-11 12:53:58.039363
0.8005780346820809,0.49219431362288507,0.9331065759637188,-0.020401766633423482,0.8475798146240988,0.2187501297832545,0.8882892606583918,-0.0005951644818203983,-0.0006364740988105133,0.006996433724444029,0.02696038139076118,0.0,2026-03-11 12:53:58.056288
0.8007699711260827,0.49223219211894187,0.9331823329558324,-0.0203042795538757,0.8477366255144033,0.21875900953822508,0.888409703504043,-0.0006983886899617486,-0.0007468629692135575,0.007114053108118412,0.02696038139076118,0.0,2026-03-11 12:53:58.090238
0.8009615384615385,0.49226998491704377,0.9332579185520362,-0.02020699852143883,0.8478931140801644,0.21876786884404653,0.8885298869143781,-0.0005427439749645657,-0.0005803185578467929,0.006903353057199246,0.02696038139076118,0.0,2026-03-11 12:53:58.108209
0.8011527377521613,0.49230769230769234,0.9333333333333333,-0.020109922883559322,0.8480492813141683,0.21877670777129787,0.8886498117267349,-0.00038784397152225036,-0.00041462603605202375,0.006693896074427053,0.02696038139076118,0.0,2026-03-11 12:53:58.126199
0.8013435700575816,0.4923453145800776,0.9334085778781038,-0.020013051990427678,0.8482051282051282,0.2187855263902333,0.8887694787748522,-0.00023368334757145615,-0.00024977888426636063,0.0064856711915535215,0.02696038139076118,0.0,2026-03-11 12:53:58.144334
0.8015340364333653,0.4923828520220854,0.9334836527621195,-0.019916385194983604,0.8483606557377049,0.2187943247707846,0.888888888888889,-0.00033657670889175595,-0.0003597592883306522,0.006602860522636811,0.02696038139076118,0.0,2026-03-11 12:53:58.165541
0.8017241379310345,0.4924203049203049,0.9335585585585585,-0.019819921852879875,0.8485158648925282,0.21880310298256253,0.8890080428954422,-0.000439140811455907,-0.00046938775510207975,0.006719622155431537,0.02696038139076118,0.0,2026-03-11 12:53:58.197617
0.8019138755980861,0.4924576735600358,0.9336332958380202,-0.01972366132248473,0.8486707566462167,0.21881186109485906,0.8891269416175682,-0.0005413772331810396,-0.0005786659711808362,0.006835958427086619,0.02696038139076118,0.0,2026-03-11 12:53:58.219272
0.8021032504780115,0.4924949582252953,0.9337078651685393,-0.019627602964860796,0.8488253319713994,0.21882059917664892,0.8892455858747993,-0.00038795070743946614,-0.00041460380947722086,0.0066289548045233015,0.02696038139076118,0.0,2026-03-11 12:53:58.237992
0.8022922636103151,0.49253215919882587,0.9337822671156004,-0.019531746143750778,0.8489795918367347,0.2188293172965915,0.8893639764831641,-0.00023525304880356313,-0.0002513744506251747,0.006423161729460225,0.02696038139076118,0.0,2026-03-11 12:53:58.256823
0.8015267175572519,0.49200873864551,0.9327354260089686,-0.020830211299266075,0.8489795918367347,0.21870662072552322,0.888888888888889,-0.0024529473221991394,-0.0026272684516954747,0.009134020509062313,0.02696038139076118,0.0,2026-03-11 12:53:58.284717
0.8007626310772163,0.4914864903666696,0.9316909294512878,-0.02211685944325636,0.8489795918367347,0.21858413030945992,0.8884143085958356,-0.004660156043474584,-0.005003162452765775,0.011829118481806233,0.02696038139076118,0.0,2026-03-11 12:53:58.320610
0.800952380952381,0.4915246945448288,0.9317673378076062,-0.022019168971973226,0.8491335372069317,0.21859309321291479,0.8885333333333333,-0.00476206635221188,-0.0051125737740751465,0.01194503171247363,0.02696038139076118,0.0,2026-03-11 12:53:58.339755
0.8011417697431018,0.4915628133505229,0.9318435754189944,-0.021921683019535464,0.8492871690427699,0.21860203572127795,0.88865210442195,-0.004863652105825844,-0.005221636651686179,0.012060524205461554,0.02696038139076118,0.0,2026-03-11 12:53:58.359043
0.8013307984790875,0.4916008470695971,0.9319196428571429,-0.02182440094435996,0.8494404883011191,0.21861095790410623,0.8887706226716339,-0.004964914852274016,-0.005330352747492162,0.012175598247388009,0.02696038139076118,0.0,2026-03-11 12:53:58.381398
0.8015194681861348,0.4916387959866221,0.9319955406911928,-0.021727322107549768,0.8495934959349594,0.21861985983064036,0.8888888888888888,-0.005065856129685908,-0.0054387237128352695,0.0122902561083309,0.02696038139076118,0.0,2026-03-11 12:53:58.407207
0.801707779886148,0.49167666038490093,0.9320712694877505,-0.021630445872869976,0.849746192893401,0.21862874156980702,0.8890069038767923,-0.004904162923030864,-0.0052642153907975775,0.012071179600073423,0.02696038139076118,0.0,2026-03-11 12:53:58.444354
0.8018957345971564,0.4917144405464762,0.932146829810901,-0.021533771606740044,0.8498985801217038,0.2186376031902201,0.8891246684350133,-0.004743230625583572,-0.005090588423921849,0.011853369430013916,0.02696038139076118,0.0,2026-03-11 12:53:58.464289
0.8020833333333334,0.49175213675213675,0.9322222222222222,-0.021437298678217934,0.8500506585612969,0.21864644476018308,0.8892421833598304,-0.004843851962338053,-0.005198578494933548,0.011967613363661034,0.02696038139076118,0.0,2026-03-11 12:54:01.093387
0.8022705771050141,0.4917897492814252,0.9322974472807991,-0.02134102645898901,0.8502024291497976,0.21865526634769042,0.8893594494441504,-0.004944154877140727,-0.0053062268252142,0.012081445607457164,0.02696038139076118,0.0,2026-03-11 12:54:01.192990
0.8024574669187146,0.4918272784126443,0.9323725055432373,-0.02124495432334854,0.8503538928210314,0.21866406802042926,0.8894764674775253,-0.004783978130385669,-0.00513343749003603,0.01186489082742681,0.02696038139076118,0.0,2026-03-11 12:54:01.197266
0.8026440037771483,0.491864724422864,0.9324473975636767,-0.021149081648188354,0.8505050505050505,0.21867284984578156,0.8895932382461701,-0.004883964132345375,-0.005240727255362954,0.011978313602720059,0.02696038139076118,0.0,2026-03-11 12:54:01.198504
0.8028301886792453,0.4919020875879283,0.9325221238938053,-0.021053407812989904,0.8506559031281534,0.21868161189082516,0.8897097625329815,-0.004983634721049679,-0.005347678567171776,0.012091329114906402,0.02696038139076118,0.0,2026-03-11 12:54:01.199788
0.8030160226201697,0.49193936818246214,0.932596685082873,-0.020957932199800036,0.8508064516129032,0.21869035422233624,0.889826041117554,-0.00482420821666818,-0.00517572087567153,0.01187601890257739,0.02696038139076118,0.0,2026-03-11 12:54:01.204191
0.803201506591337,0.49197656647987775,0.9326710816777042,-0.020862654193228133,0.850956696878147,0.21869907690679044,0.889942074776198,-0.004665526695952105,-0.005004625127487561,0.011661942559660021,0.02696038139076118,0.0,2026-03-11 12:54:01.205553
0.8033866415804327,0.4920136827523818,0.9327453142227122,-0.020767573180425,0.8511066398390342,0.21870778001036487,0.890057864281957,-0.00476488336154246,-0.00511120320486258,0.011774552998325971,0.02696038139076118,0.0,2026-03-11 12:54:01.209993
0.8035714285714286,0.4920507172709816,0.9328193832599119,-0.020672688551075413,0.8512562814070351,0.21871646359893954,0.8901734104046243,-0.0048639275847881525,-0.005217446131051018,0.01188676053739024,0.02696038139076118,0.0,2026-03-11 12:54:01.211525
0.8037558685446009,0.4920876703054921,0.9328932893289329,-0.02057799969738236,0.8514056224899599,0.21872512773809924,0.8902887139107611,-0.004705985838061366,-0.005047169811320806,0.011673907487861013,0.02696038139076118,0.0,2026-03-11 12:54:01.216079
0.8039399624765479,0.49212454212454215,0.932967032967033,-0.020483506014052178,0.8515546639919759,0.21873377249313514,0.8904037755637125,-0.004804719090433451,-0.0051530612244898855,0.011785714285714288,0.02696038139076118,0.0,2026-03-11 12:54:01.217680
0.8041237113402062,0.49216133299558107,0.9330406147091108,-0.020389206898287063,0.8517034068136272,0.21874239792904637,0.8905185961236248,-0.004647511956482053,-0.004983616312437045,0.01157407407407407,0.02696038139076118,0.0,2026-03-11 12:54:01.222365
0.8033707865168539,0.49199801436092483,0.9330406147091108,-0.020837316000764827,0.8508508508508509,0.21804465325525207,0.8900523560209423,-0.004745935700225967,-0.0050891579827858635,0.01157407407407407,0.02612788055826032,0.0,2026-03-11 12:54:01.234008
0.80355472404116,0.49203472455022906,0.9331140350877193,-0.02074315230439071,0.851,0.21805323198474283,0.8901673640167365,-0.004844051388433912,-0.0051943693192681994,0.011685482273717573,0.02612788055826032,0.0,2026-03-11 12:54:01.295745
0.8037383177570093,0.4920713543229083,0.9331872946330778,-0.020649181936280656,0.8511488511488512,0.21806179158544994,0.8902821316614421,-0.0049418604651162434,-0.005299251870324095,0.011796494002899727,0.02612788055826032,0.0,2026-03-11 12:54:01.297005
0.803921568627451,0.4921079039429121,0.9332603938730853,-0.020555404301660172,0.8512974051896207,0.21807033212130164,0.8903966597077243,-0.004785382830626461,-0.005130597014925353,0.01158605629246201,0.02612788055826032,0.0,2026-03-11 12:54:01.306302
0.8041044776119403,0.4921443736730361,0.9333333333333333,-0.020461818808191742,0.8514456630109671,0.21807885365594165,0.8905109489051095,-0.00462962962962965,-0.00496277915632759,0.011376810863669817,0.02612788055826032,0.0,2026-03-11 12:54:01.307574
0.804287045666356,0.49218076377492836,0.9334061135371179,-0.02036842486596109,0.851593625498008,0.21808735625273049,0.8906249999999999,-0.00472713352978571,-0.005067299466172237,0.011487428235021802,0.02612788055826032,0.0,2026-03-11 12:54:01.318343
0.8044692737430168,0.4922170745090957,0.9334787350054525,-0.020275221887468393,0.8517412935323383,0.21809583997474732,0.890738813735692,-0.00482433367947388,-0.005171494167574897,0.011597653346191672,0.02612788055826032,0.0,2026-03-11 12:54:01.319799
0.8046511627906977,0.49225330613490975,0.9335511982570807,-0.020182209287611688,0.8518886679920478,0.2181043048847913,0.8908523908523909,-0.0049212314958816394,-0.005275364779704361,0.011707488279976919,0.02612788055826032,0.0,2026-03-11 12:54:01.324399
0.8048327137546468,0.49228945891061315,0.9336235038084875,-0.02008938648368009,0.8520357497517378,0.2181127510453833,0.8909657320872275,-0.005017828387393619,-0.005378912812292969,0.011816935104455473,0.02612788055826032,0.0,2026-03-11 12:54:01.325863
0.8050139275766016,0.49232553309332594,0.933695652173913,-0.019996752895335545,0.8521825396825397,0.21812117851876733,0.8910788381742738,-0.005114125753660659,-0.0054821397657107696,0.011925995873115713,0.02612788055826032,0.0,2026-03-11 12:54:01.334497
0.8042671614100185,0.4921642817831591,0.933695652173913,-0.020439475644005597,0.8513379583746283,0.2174298259760965,0.8906168999481596,-0.005210124985666753,-0.005585047131037246,0.011925995873115713,0.025316455696202556,0.0,2026-03-11 12:54:01.342262
0.8044485634847081,0.4922002776288844,0.9337676438653637,-0.020346974171892223,0.8514851485148515,0.2174382081717236,0.8907301916105645,-0.005055091198993278,-0.005417956656346812,0.011717932621887361,0.025316455696202556,0.0,2026-03-11 12:54:01.350412
0.8046296296296296,0.4922361953925149,0.9338394793926247,-0.020254660721001367,0.8516320474777448,0.21744657186264504,0.8908432488360062,-0.005150793679123078,-0.005520528868961039,0.01182660937375668,0.025316455696202556,0.0,2026-03-11 12:54:01.367823
0.8048103607770583,0.49227203532783853,0.933911159263272,-0.020162534718650007,0.8517786561264822,0.2174549171100887,0.8909560723514213,-0.005246200781227728,-0.005622784500672218,0.011934904133527935,0.025316455696202556,0.0,2026-03-11 12:54:01.376697
0.8049907578558225,0.49230779768754457,0.933982683982684,-0.020070595594477658,0.8519249753208292,0.2174632439750127,0.8910686628807434,-0.0053413138706911445,-0.005724725014874421,0.012042818911686015,0.025316455696202556,0.0,2026-03-11 12:54:01.385644
0.8051708217913204,0.4923434827232296,0.9340540540540541,-0.01997884278043366,0.8520710059171598,0.21747155251810674,0.89118102114492,-0.00518699452543081,-0.005558408948239446,0.01183592784778853,0.025316455696202556,0.0,2026-03-11 12:54:01.391734
0.8053505535055351,0.4923790906854034,0.9341252699784017,-0.019887275710769568,0.8522167487684729,0.21747984279979346,0.8912931478619268,-0.005033384694401621,-0.005392912172573094,0.011630199093238702,0.025316455696202556,0.0,2026-03-11 12:54:01.397940
0.8055299539170507,0.4924146218234949,0.9341963322545846,-0.019795893822024208,0.8523622047244095,0.21748811488023018,0.8914050437467834,-0.004880479495624868,-0.005228228648875843,0.011425622880731234,0.025316455696202556,0.0,2026-03-11 12:54:01.407587
0.8057090239410681,0.49245007638585775,0.9342672413793104,-0.019704696553013306,0.8525073746312685,0.21749636881931003,0.8915167095115681,-0.0047282740918082045,-0.005064352397353478,0.011222189552092532,0.025316455696202556,0.0,2026-03-11 12:54:01.410925
0.8058877644894205,0.4924854546197763,0.9343379978471474,-0.01961368334481831,0.8526522593320236,0.21750460467666372,0.8916281458654339,-0.004823094525611693,-0.005165912518853677,0.011329726345038038,0.025316455696202556,0.0,2026-03-11 12:54:01.420362
0.8060661764705882,0.4925207567714714,0.9344086021505377,-0.019522853640772588,0.8527968596663396,0.21751282251166082,0.8917393535146229,-0.004917623652398895,-0.005267160627691947,0.011436887135211182,0.025316455696202556,0.0,2026-03-11 12:54:01.429338
0.8062442607897153,0.4925559830861059,0.9344790547798066,-0.019432206886455264,0.8529411764705882,0.21752102238341103,0.8918503331624807,-0.005011862812539514,-0.005368098159509227,0.01154367389121258,0.025316455696202556,0.0,2026-03-11 12:54:01.434133
0.8064220183486238,0.4925911338077905,0.9345493562231759,-0.019341742529673994,0.8530852105778648,0.2175292043507659,0.8919610855094725,-0.004860352410566704,-0.005204973975130089,0.01134137389588108,0.025316455696202556,0.0,2026-03-11 12:54:01.445197
0.8065994500458296,0.4926262091795895,0.9346195069667739,-0.01925146002045544,0.8532289628180039,0.2175373684723201,0.892071611253197,-0.004954302936219901,-0.005305586029497045,0.01144778857259321,0.025316455696202556,0.0,2026-03-11 12:54:01.451185
0.8067765567765568,0.49266120944352587,0.9346895074946466,-0.019161358811039572,0.8533724340175953,0.21754551480641282,0.8921819110884007,-0.0048034827866479946,-0.005143241325215708,0.011246612466124573,0.025316455696202556,0.0,2026-03-11 12:54:01.462779
0.8060384263494969,0.4925019864517258,0.9346895074946466,-0.019598525050381694,0.8525390625,0.21686033038066788,0.891726251276813,-0.004653348183210393,-0.004981686619495385,0.011246612466124573,0.025791139240506356,0.0,2026-03-11 12:54:01.466887
0.8062157221206582,0.49253691184878756,0.9347593582887701,-0.01950854982636587,0.8526829268292683,0.21686843338341594,0.8918367346938775,-0.0045038944623281285,-0.004820916159919086,0.011046550908722308,0.025791139240506356,0.0,2026-03-11 12:54:01.477082
0.806392694063927,0.49257176261893243,0.9348290598290598,-0.019418754775643962,0.8528265107212476,0.21687651877027853,0.891946992864424,-0.0045975576775052485,-0.004921172174222832,0.011152595447428637,0.025791139240506356,0.0,2026-03-11 12:54:01.483362
0.8056569343065694,0.49241452991452994,0.9348290598290598,-0.019851116625309587,0.8519961051606622,0.21619771735948787,0.891492613346918,-0.004690934898132326,-0.005021122063292083,0.011152595447428637,0.025000000000000022,0.0,2026-03-11 12:54:01.489193
0.804922515952598,0.4922592504114243,0.9348290598290598,-0.02027884498374527,0.8511673151750972,0.21552525004661324,0.8910386965376782,-0.004784027432111038,-0.005120767227089651,0.011152595447428637,0.02422839506172847,0.0,2026-03-11 12:54:01.498068
0.8051001821493625,0.49229402679358597,0.9348986125933831,-0.020189126527209625,0.8513119533527697,0.21553326760765715,0.891149542217701,-0.00487683657938065,-0.005220109057055611,0.011258271775931084,0.02422839506172847,0.0,2026-03-11 12:54:01.505321
0.805277525022748,0.49232872902567903,0.9349680170575693,-0.020099587077969206,0.8514563106796117,0.21554126777640945,0.891260162601626,-0.004969363631977641,-0.005319148936170137,0.011363581808667367,0.02422839506172847,0.0,2026-03-11 12:54:01.510822
0.8054545454545454,0.49236335734460474,0.9350372736954207,-0.020010226100822766,0.8516003879728419,0.21554925060941824,0.8913705583756345,-0.005061609874096318,-0.005417888239020563,0.011468527446826804,0.02422839506172847,0.0,2026-03-11 12:54:01.517331
0.8056312443233424,0.4923979119862561,0.9351063829787234,-0.01992104306269724,0.8517441860465116,0.2155572161629867,0.8914807302231237,-0.004912832414394441,-0.005257801276422169,0.011269571201896422,0.02422839506172847,0.0,2026-03-11 12:54:01.524810
0.8058076225045372,0.4924323931855235,0.9351753453772582,-0.01983203743264566,0.8518877057115198,0.21556516449317445,0.8915906788247214,-0.005004799122446224,-0.005356225695208883,0.011374154333533726,0.02422839506172847,0.0,2026-03-11 12:54:01.536525
0.8059836808703535,0.49246680117629993,0.935244161358811,-0.019743208681827752,0.8520309477756286,0.21557309565579874,0.8917004048582996,-0.005096487565117935,-0.005454352309399724,0.01147837683368269,0.02422839506172847,0.0,2026-03-11 12:54:01.544488
0.8061594202898551,0.4925011361914861,0.9353128313891834,-0.01965455628350214,0.8521739130434782,0.21558100970643584,0.8918099089989889,-0.005187899003431196,-0.005552182468563149,0.011582240564467883,0.02422839506172847,0.0,2026-03-11 12:54:01.554544
0.8063348416289593,0.4925353984629961,0.9353813559322034,-0.019566079713019543,0.8523166023166023,0.21558890670042233,0.8919191919191919,-0.005039793225263045,-0.0053928222193031505,0.011384380497195368,0.02422839506172847,0.0,2026-03-11 12:54:01.972331
0.8065099457504521,0.4925695882217621,0.9354497354497354,-0.01947777844780759,0.8524590163934426,0.21559678669285634,0.8920282542885973,-0.005130928912631227,-0.005490341807477428,0.011487887307943478,0.02422839506172847,0.0,2026-03-11 12:54:01.984720
0.8066847335140018,0.4926037056977401,0.9355179704016914,-0.019389651967365442,0.8526011560693642,0.21560464973859894,0.8921370967741936,-0.005221790094916967,-0.00558756766195212,0.011591039035292794,0.02422839506172847,0.0,2026-03-11 12:54:01.987031
0.805956678700361,0.49245034322553705,0.9355179704016914,-0.019812322339805677,0.8517805582290664,0.2149381731834565,0.8916876574307305,-0.005312378010489005,-0.005684501107842133,0.011591039035292794,0.023475609756097637,0.0,2026-03-11 12:54:01.992640
0.806131650135257,0.49248438864771144,0.9355860612460402,-0.019724321388400138,0.8519230769230769,0.21494599508312218,0.8917966784096627,-0.005164939375465694,-0.005525862849895757,0.011394266111247164,0.023475609756097637,0.0,2026-03-11 12:54:02.000246
0.8063063063063063,0.4925183622441006,0.9356540084388185,-0.019636494142377725,0.8520653218059558,0.21495380019716076,0.8919054801407743,-0.005255255255255276,-0.005622489959839383,0.011497064579256366,0.023475609756097637,0.0,2026-03-11 12:54:02.005807
0.8064806480648065,0.49255226424176196,0.9357218124341412,-0.019548840087927042,0.8522072936660269,0.21496158857956216,0.8920140632847815,-0.0053453003228115525,-0.005718827333321297,0.011599511599511558,0.023475609756097637,0.0,2026-03-11 12:54:02.010946
0.8066546762589928,0.4925860948667966,0.9357894736842105,-0.019461358713265632,0.8523489932885906,0.2149693602840848,0.8921224284997491,-0.0054350757943572026,-0.005814876271553304,0.011701608971233513,0.023475609756097637,0.0,2026-03-11 12:54:02.016716
0.8068283917340521,0.49261985434435485,0.935856992639327,-0.01937404950862072,0.8524904214559387,0.21497711536425715,0.8922305764411028,-0.005288299804884544,-0.005656955320128887,0.011505914254990923,0.023475609756097637,0.0,2026-03-11 12:54:02.021291
0.8070017953321365,0.49265354289864094,0.9359243697478992,-0.019286911966226488,0.8526315789473684,0.21498485387337865,0.8923385077616425,-0.005377806889370285,-0.0057527020811773966,0.011607663765139664,0.023475609756097637,0.0,2026-03-11 12:54:02.027779
0.8071748878923767,0.492687160752918,0.9359916054564533,-0.019199945580313373,0.8527724665391969,0.21499257586452117,0.8924462231115556,-0.005231689088191271,-0.005595523581135131,0.011413038418931043,0.023475609756097637,0.0,2026-03-11 12:54:02.036636
0.807347670250896,0.4927207081295132,0.9360587002096437,-0.019113149847094873,0.8529130850047756,0.21500028139053,0.8925537231384307,-0.00532092898735026,-0.005690969612369923,0.011514441842310652,0.023475609756097637,0.0,2026-03-11 12:54:02.039637
0.8075201432408237,0.49275418524982223,0.9361256544502617,-0.019026524264758923,0.8530534351145038,0.21500797050402534,0.892661008487269,-0.005409902895751606,-0.005786131154688734,0.011615500941671963,0.023475609756097637,0.0,2026-03-11 12:54:02.044991
0.8076923076923077,0.4927875923343148,0.9361924686192469,-0.01894006833346028,0.8531935176358436,0.21501564325740324,0.8927680798004988,-0.005498612000854108,-0.005881009478131638,0.011716217467815149,0.023475609756097637,0.0,2026-03-11 12:54:02.054421
0.8078641644325291,0.4928209296025388,0.9362591431556949,-0.01885378155530982,0.8533333333333334,0.21502329970283696,0.8928749377179871,-0.005587057483058877,-0.0059756058451900795,0.011816593159690414,0.023475609756097637,0.0,2026-03-11 12:54:02.060657
0.8080357142857143,0.49285419727312557,0.9363256784968684,-0.018767663434364187,0.8534728829686014,0.21503093989227798,0.8929815828770532,-0.0054415934528023735,-0.005819120271298273,0.011623028442071637,0.023475609756097637,0.0,2026-03-11 12:54:02.066996
0.808206958073149,0.4928873955637946,0.9363920750782064,-0.018681713476615937,0.8536121673003803,0.2150385638774574,0.8930880159124813,-0.005529776485505011,-0.005913421265599794,0.011723065026879809,0.023475609756097637,0.0,2026-03-11 12:54:02.073410
0.8083778966131907,0.492920524691358,0.9364583333333333,-0.018595931189987668,0.8537511870845205,0.21504617170988696,0.8931942374565326,-0.005384961848240777,-0.005757668038214536,0.011530552291421858,0.023475609756097637,0.0,2026-03-11 12:54:02.082026
0.8085485307212823,0.4929535848717257,0.9365244536940687,-0.018510316084317656,0.8538899430740038,0.21505376344086022,0.8933002481389578,-0.005472883597883671,-0.005851675064085571,0.011630251484712972,0.023475609756097637,0.0,2026-03-11 12:54:02.098239
0.8087188612099644,0.49298657631990966,0.9365904365904366,-0.01842486767135243,0.8540284360189574,0.21506133912145373,0.8934060485870104,-0.005328714014682823,-0.005696649029982348,0.011438782178715634,0.023475609756097637,0.0,2026-03-11 12:54:02.107801
0.8088888888888889,0.49301949925002886,0.936656282450675,-0.0183395854647411,0.8541666666666666,0.21506889880252816,0.8935116394254582,-0.005185185185185182,-0.005542359461599311,0.011248347841939732,0.023475609756097637,0.0,2026-03-11 12:54:02.117563
0.8090586145648313,0.49305235387531376,0.9367219917012448,-0.01825446898002104,0.8543046357615894,0.2150764425347295,0.8936170212765958,-0.005042292847170948,-0.005388801123398235,0.011058940105362236,0.023475609756097637,0.0,2026-03-11 12:54:02.255891
0.8092280390417036,0.493085140408111,0.9367875647668393,-0.018169517734609425,0.8544423440453687,0.2150839703684901,0.8937221947602569,-0.0049000327761390405,-0.005235968829349513,0.010870550689949132,0.023475609756097637,0.0,2026-03-11 12:54:02.260241
0.8085106382978723,0.4929336596840332,0.9367875647668393,-0.01858680111370403,0.8536355051935789,0.21442318856000045,0.8932806324110673,-0.0049876944022622105,-0.005329640354190257,0.010870550689949132,0.02274096385542168,0.0,2026-03-11 12:54:02.261548
0.8086802480070859,0.4929663783358102,0.9368530020703933,-0.018501967139170558,0.8537735849056604,0.21443067746718913,0.8933859822309971,-0.0048460624110140404,-0.005177514792899407,0.01068317140544972,0.02274096385542168,0.0,2026-03-11 12:54:02.265491
0.8088495575221238,0.49299902931715955,0.9369183040330921,-0.018417297405556064,0.8539114043355325,0.21443815062470095,0.893491124260355,-0.004933465066306653,-0.005270895459992708,0.010782534911221275,0.02274096385542168,0.0,2026-03-11 12:54:02.266862
0.8090185676392573,0.4930316128378036,0.9369834710743802,-0.018332791436360525,0.8540489642184558,0.21444560808218116,0.8935960591133004,-0.005020609896657424,-0.005364000667891,0.010881564422015488,0.02274096385542168,0.0,2026-03-11 12:54:02.271333
0.8091872791519434,0.4930641291065991,0.9370485036119711,-0.018248448756923694,0.8541862652869238,0.2144530498890666,0.8937007874015747,-0.004879601834886227,-0.005212562901266704,0.010695187165775333,0.02274096385542168,0.0,2026-03-11 12:54:02.275316
0.8084730803177406,0.4929144957084246,0.9370485036119711,-0.01866115339517752,0.8533834586466166,0.2137982298874876,0.8932611903590753,-0.004739213588771052,-0.005061836110072271,0.010695187165775333,0.023203926818384568,0.0,2026-03-11 12:54:02.277056
0.8077601410934744,0.4927666760484098,0.9370485036119711,-0.019069525858870652,0.8525821596244132,0.21314937185124525,0.8928220255653885,-0.004826101733318211,-0.005154639175257714,0.010695187165775333,0.022486772486772444,0.0,2026-03-11 12:54:02.278815
0.8079295154185022,0.49279912527335207,0.9371134020618557,-0.018985256568651243,0.8527204502814258,0.2131567529122406,0.8929273084479371,-0.004912734324499013,-0.0052471692902513745,0.010793884362774953,0.022486772486772444,0.0,2026-03-11 12:54:02.285840
0.8080985915492958,0.49283150766157974,0.937178166838311,-0.018901149538786022,0.8528584817244611,0.2131641185154377,0.8930323846908733,-0.0049991124880992555,-0.0053394276574769695,0.010892250915898516,0.022486772486772444,0.0,2026-03-11 12:54:02.287711
0.8082673702726473,0.49286382341937895,0.9372427983539094,-0.01881720430107485,0.852996254681648,0.21317146870935777,0.8931372549019608,-0.005085237343301907,-0.005431415472306078,0.010990288483894606,0.022486772486772444,0.0,2026-03-11 12:54:02.301366
0.8084358523725835,0.49289607275218783,0.9373072970195272,-0.018733420389122322,0.8531337698783911,0.21317880354231905,0.8932419196865818,-0.00517111000273518,-0.005523133923109214,0.011087998714434888,0.022486772486772444,0.0,2026-03-11 12:54:02.303648
0.8086040386303776,0.4929282558646008,0.9373716632443532,-0.018649797338322064,0.8532710280373832,0.21318612306243784,0.8933463796477495,-0.005256731572521045,-0.005614584191307781,0.011185383244206704,0.022486772486772444,0.0,2026-03-11 12:54:02.308992
0.8087719298245614,0.49296037296037293,0.9374358974358974,-0.018566334685848167,0.8534080298786181,0.2131934273176297,0.8934506353861191,-0.00511695906432752,-0.005464480874316946,0.01100000000000001,0.022486772486772444,0.0,2026-03-11 12:54:02.314334
0.8089395267309377,0.49299242424242423,0.9375,-0.018483031970650002,0.8535447761194029,0.21320071635561047,0.8935546875,-0.005202330644128561,-0.00555565052394047,0.011097060454797636,0.022486772486772444,0.0,2026-03-11 12:54:02.320460
0.809106830122592,0.4930244099128439,0.9375639713408394,-0.018399888733442688,0.8536812674743709,0.21320799022389716,0.8936585365853659,-0.005063169831813319,-0.00540623507742688,0.01091266329167706,0.022486772486772444,0.0,2026-03-11 12:54:02.326006
0.8083989501312336,0.4928783712125884,0.9375639713408394,-0.018803648396195038,0.8528864059590316,0.21256482740037516,0.8932228181374939,-0.004924616708634755,-0.005257516206421231,0.01091266329167706,0.022938443670150965,0.0,2026-03-11 12:54:02.334390
0.8085664335664335,0.49291029147263904,0.9376278118609407,-0.01872062196054246,0.8530232558139534,0.2125720642495679,0.893326838772528,-0.005009739391701795,-0.005348393103495219,0.01100940128649186,0.022938443670150965,0.0,2026-03-11 12:54:02.344998
0.8087336244541484,0.49294214652276114,0.9376915219611849,-0.01863775404501928,0.8531598513011153,0.21257928606898477,0.8934306569343066,-0.004871789985835595,-0.005200352566275601,0.010825982357658415,0.022938443670150965,0.0,2026-03-11 12:54:02.360889
0.8080279232111692,0.4927978567889757,0.9376915219611849,-0.01903722565781533,0.8523676880222841,0.2119418654854344,0.8929961089494163,-0.004956664859053772,-0.005290951558850399,0.010825982357658415,0.02223816355810615,0.0,2026-03-11 12:54:02.376160
0.8073234524847428,0.4926552847901162,0.9376915219611849,-0.019432547103416787,0.8515769944341373,0.21131014466003967,0.8925619834710743,-0.005041293002989278,-0.005381287182260719,0.010825982357658415,0.021554169030062353,0.0,2026-03-11 12:54:02.384988
0.8074912891986062,0.492687074829932,0.9377551020408164,-0.019349758128023777,0.8517145505097312,0.2113173084701925,0.8926663428848955,-0.004903943377148612,-0.005233907084659872,0.010643533899347912,0.021554169030062353,0.0,2026-03-11 12:54:02.400519
0.8076588337684943,0.49271880005824964,0.9378185524974516,-0.019267126669316296,0.8518518518518519,0.21132445743311978,0.8927704997573993,-0.004767189628209656,-0.005087209302325535,0.01046204822973551,0.021554169030062353,0.0,2026-03-11 12:54:02.424980
0.8069565217391305,0.49257791530198025,0.9378185524974516,-0.019658276685650962,0.851063829787234,0.21069830951627366,0.8923375363724538,-0.0046310278868418875,-0.004941189107900534,0.01046204822973551,0.021994956570467905,0.0,2026-03-11 12:54:02.446286
0.8071242397914856,0.4926095759167982,0.9378818737270875,-0.019575765314265733,0.8512014787430684,0.21070542253979319,0.8924418604651162,-0.004495454317143044,-0.0047958418175972906,0.010281517747858016,0.021994956570467905,0.0,2026-03-11 12:54:02.463677
0.8072916666666666,0.4926411721153094,0.9379450661241099,-0.019493410509699487,0.8513388734995383,0.21071252085185832,0.8925459825750243,-0.004579836806088977,-0.004885862767786131,0.010377934886968698,0.021994956570467905,0.0,2026-03-11 12:54:02.474599
0.8074588031222897,0.49267270409390485,0.9380081300813008,-0.019411211826740826,0.8514760147601476,0.2107196044980744,0.8926499032882012,-0.004444847605225011,-0.004741170778906678,0.010198352071662753,0.021994956570467905,0.0,2026-03-11 12:54:02.491616
0.8076256499133448,0.4927041720481783,0.9380710659898477,-0.019329168821867526,0.8516129032258064,0.21072667352385802,0.8927536231884058,-0.004528985507246341,-0.004830917874396157,0.010294449948723305,0.021994956570467905,0.0,2026-03-11 12:54:02.517552
0.8077922077922078,0.4927355761729299,0.9381338742393509,-0.019247281053234172,0.8517495395948435,0.2107337279744388,0.8928571428571429,-0.004612879884225762,-0.004920405209840828,0.010390230146851476,0.021994956570467905,0.0,2026-03-11 12:54:02.528769
0.8070934256055363,0.4925963488843813,0.9381338742393509,-0.019634211941904747,0.8509659613615456,0.21011300872338431,0.8924264351181862,-0.004478471282075236,-0.004776351252671951,0.010390230146851476,0.022425249169435224,0.0,2026-03-11 12:54:02.545588
0.8072601555747623,0.4926276893736218,0.9381965552178319,-0.019552443462695232,0.8511029411764706,0.21012002790761755,0.8925301204819277,-0.004344639540878159,-0.004632956581348324,0.01021158755570939,0.022425249169435224,0.0,2026-03-11 12:54:02.559446
0.8065630397236615,0.4921528935460824,0.937246963562753,-0.02074610420273899,0.8511029411764706,0.21001366494058576,0.8921001926782273,-0.006352708578015953,-0.006788821295042213,0.01264484388149234,0.022425249169435224,0.0,2026-03-11 12:54:02.576677
0.8067299396031061,0.4921846190447867,0.9373104145601617,-0.020663626356345145,0.8512396694214877,0.21002077371314112,0.8922040423484118,-0.006215443986789859,-0.006641159328350854,0.012461260330578483,0.022425249169435224,0.0,2026-03-11 12:54:02.610576
0.8060344827586207,0.49204702014557794,0.9373104145601617,-0.021046866442375984,0.8504587155963302,0.20940577744786693,0.8917748917748917,-0.00629909589447164,-0.006730540818750574,0.012461260330578483,0.021756978653530434,0.0,2026-03-11 12:54:02.628644
0.8062015503875969,0.4920786815523658,0.9373737373737374,-0.020964508072741965,0.8505957836846929,0.20941285084577815,0.8918789043728976,-0.0061624166533147395,-0.006583538520283927,0.012278630460448636,0.021756978653530434,0.0,2026-03-11 12:54:03.185075
0.806368330464716,0.4921102790612589,0.9374369323915237,-0.02088230470671869,0.8507326007326007,0.2094199097302267,0.8919827172347575,-0.006245827141349469,-0.006672649041669532,0.01237409455231242,0.021756978653530434,0.0,2026-03-11 12:54:03.193459
0.8065348237317282,0.4921418128654971,0.9375,-0.020800255907123935,0.8508691674290942,0.20942695414584775,0.8920863309352518,-0.006109729513984807,-0.006526301980847471,0.012192410950939703,0.021756978653530434,0.0,2026-03-11 12:54:03.194619
0.8067010309278351,0.4921732831575414,0.9375629405840886,-0.020718361238424715,0.8510054844606947,0.2094339841370934,0.8921897460469573,-0.006192899625973358,-0.006615142782289807,0.012287560498843386,0.021756978653530434,0.0,2026-03-11 12:54:03.199890
0.8068669527896996,0.4922046901290786,0.937625754527163,-0.020636620266718232,0.8511415525114155,0.20944099974823405,0.8922929631402585,-0.006057379907854377,-0.006469446568252657,0.01210681583081108,0.021756978653530434,0.0,2026-03-11 12:54:03.201186
0.8061749571183533,0.49206869121706986,0.937625754527163,-0.021015761821365896,0.8503649635036497,0.20883127210876662,0.8918660287081339,-0.006140310681391203,-0.006558018891009709,0.01210681583081108,0.02110389610389607,0.0,2026-03-11 12:54:03.208600
0.8063410454155956,0.492100035059016,0.9376884422110553,-0.02093413952480071,0.8505013673655424,0.208838253001679,0.8919694072657743,-0.00622300314810742,-0.0066463366955977765,0.012201652386780948,0.02110389610389607,0.0,2026-03-11 12:54:03.209957
0.8065068493150684,0.4921313159615205,0.9377510040160643,-0.02085267000804452,0.8506375227686703,0.208845219644092,0.89207258834766,-0.006305458333714098,-0.006734401077504115,0.012296177492648996,0.02110389610389607,0.0,2026-03-11 12:54:03.217732
0.806672369546621,0.4921625341139698,0.9378134403209629,-0.02077135284253732,0.8507734303912647,0.20885217207960843,0.892175572519084,-0.0063876772580439,-0.006822213125938115,0.012390392680137308,0.02110389610389607,0.0,2026-03-11 12:54:03.219280
0.8068376068376069,0.4921936897049914,0.9378757515030061,-0.02069018760132698,0.850909090909091,0.2088591103516531,0.892278360343184,-0.006252731776018705,-0.00667712533547693,0.012210579685651535,0.02110389610389607,0.0,2026-03-11 12:54:03.228849
0.8061485909479078,0.49205926303474,0.9378757515030061,-0.021065327868537154,0.8501362397820164,0.20825459646335753,0.8918532634587899,-0.006118356887997778,-0.006532692568900655,0.012210579685651535,0.02152406417112296,0.0,2026-03-11 12:54:03.230537
0.8063139931740614,0.49209035625220593,0.9379379379379379,-0.020984280977527192,0.8502722323049002,0.20826150057417603,0.891956211327939,-0.006200340565047702,-0.006620228187962818,0.01230448647645399,0.02152406417112296,0.0,2026-03-11 12:54:03.247060
0.8064791133844842,0.49212138728323696,0.938,-0.020903385106146144,0.8504079782411604,0.2082683906485874,0.8920589633856395,-0.0060665326596766045,-0.00647643351506022,0.012125597970371826,0.02152406417112296,0.0,2026-03-11 12:54:03.253992
0.8066439522998297,0.492152356314206,0.938061938061938,-0.020822639832682937,0.8505434782608695,0.20827526672936442,0.8921615201900237,-0.0061482820976491714,-0.006563706563706528,0.012219197876237042,0.02152406417112296,0.0,2026-03-11 12:54:03.264891
0.8068085106382978,0.492183263530742,0.93812375249501,-0.020742044736993197,0.8506787330316742,0.20828212885910632,0.8922638822971048,-0.006015037593984918,-0.006420545746388395,0.012041226747109057,0.02152406417112296,0.0,2026-03-11 12:54:03.280457
0.8061224489795918,0.4917156046311931,0.9371884346959123,-0.021914947137336268,0.8506787330316742,0.20817827339074,0.8918406072106262,-0.004670020271792197,-0.004984853099104125,0.010503199899611015,0.02152406417112296,0.0,2026-03-11 12:54:03.289972
0.806287170773152,0.4917468852912051,0.9372509960159362,-0.021833662069438556,0.8508137432188065,0.20818522166803324,0.8919431279620853,-0.0047533363322836975,-0.005073785972662392,0.010598847406664946,0.02152406417112296,0.0,2026-03-11 12:54:03.302618
0.8064516129032258,0.49177810370114744,0.9373134328358209,-0.0217525279039512,0.8509485094850948,0.20819215588670653,0.8920454545454545,-0.0046206516794752295,-0.004931457846256038,0.010421786615793405,0.02152406417112296,0.0,2026-03-11 12:54:03.315192
0.806615776081425,0.4918092600466565,0.937375745526839,-0.021671544221047195,0.8510830324909747,0.20819907608939597,0.892147587511826,-0.004488523356447893,-0.004789766534732953,0.010245629196303896,0.02152406417112296,0.0,2026-03-11 12:54:03.335355
0.8067796610169492,0.49184035451263125,0.9374379344587885,-0.02159071060245911,0.8512173128944995,0.20820598231856544,0.892249527410208,-0.004571602386895357,-0.004878421339036043,0.010340965654554446,0.02152406417112296,0.0,2026-03-11 12:54:03.350827
0.8069432684165961,0.491871387283237,0.9375,-0.021510026631461156,0.8513513513513513,0.20821287461650723,0.8923512747875354,-0.004654445397369922,-0.004966824283099358,0.010435992578849751,0.02152406417112296,0.0,2026-03-11 12:54:03.360887
0.8071065989847716,0.49190235854190895,0.9375619425173439,-0.021429491892875012,0.8514851485148515,0.20821975302534335,0.8924528301886793,-0.004522869912514271,-0.004825740665584499,0.010260731634777476,0.02152406417112296,0.0,2026-03-11 12:54:03.370047
0.8072696534234995,0.49193326847135577,0.9376237623762376,-0.021349105973054637,0.8516187050359713,0.2082266175870259,0.8925541941564562,-0.004605477907356326,-0.004913880445795327,0.010355450530144639,0.02152406417112296,0.0,2026-03-11 12:54:03.386297
0.8065878378378378,0.4918003869352452,0.9376237623762376,-0.02172045279833577,0.8508535489667565,0.20762740305667002,0.8921337729627885,-0.00468785188521581,-0.005001770538243688,0.010355450530144639,0.020885657633840093,0.0,2026-03-11 12:54:03.408060
0.8059071729957806,0.49166902404526164,0.9376237623762376,-0.02208805220130472,0.8500897666068222,0.20703333201629842,0.8917137476459511,-0.004769992839092629,-0.0050894120024247425,0.010355450530144639,0.02026143790849677,0.0,2026-03-11 12:54:03.421591
0.8052276559865092,0.4912053129857284,0.9366963402571711,-0.023246259458732738,0.8500897666068222,0.20693091631276872,0.8912941176470588,-0.003439472377845587,-0.00366979418886193,0.008831739914523573,0.02026143790849677,0.0,2026-03-11 12:54:03.432297
0.8045492839090144,0.490742518351214,0.9357707509881423,-0.024394961796849298,0.8500897666068222,0.2068286524486964,0.8908748824082784,-0.0021127051478008196,-0.002254180938948247,0.00731295243497887,0.02026143790849677,0.0,2026-03-11 12:54:03.451027
0.8047138047138047,0.4907742208433225,0.9358341559723593,-0.024313014263734858,0.8502242152466367,0.2068356593706894,0.8909774436090224,-0.001981679038664863,-0.0021140852105132613,0.007138581140368916,0.02026143790849677,0.0,2026-03-11 12:54:03.461903
0.8048780487804879,0.4908058608058608,0.9358974358974359,-0.024231217650247446,0.850358422939068,0.20684265223566142,0.8910798122065727,-0.002067099885324497,-0.0022052134634085174,0.007237596201080776,0.02026143790849677,0.0,2026-03-11 12:54:03.486506
0.8050420168067227,0.4908374384236453,0.9359605911330049,-0.024149571539859305,0.8504923903312444,0.20684963108588306,0.8911819887429644,-0.002152280448308619,-0.002296085378039603,0.007336292372708164,0.02026143790849677,0.0,2026-03-11 12:54:03.503728
0.8052057094878253,0.49354847738468427,0.9359605911330049,-0.016967118387056456,0.8504923903312444,0.21877298996330238,0.8911819887429644,-0.0008327273580258643,-0.000888366157003162,0.007336292372708164,0.030639948287007113,0.0,2026-03-11 12:54:04.226952
0.8053691275167785,0.49357999284180387,0.9360236220472441,-0.016885332705771434,0.8506261180679785,0.21878035631480736,0.8912839737582006,-0.000702247191011196,-0.0007490636704119424,0.007162803970729104,0.030639948287007113,0.0,2026-03-11 12:54:04.235213
0.8055322715842415,0.4936114463216233,0.9360865290068829,-0.016803697254244757,0.8507596067917784,0.21878770793259258,0.8913857677902621,-0.0007889200561009835,-0.0008415147265077305,0.007261182791322485,0.030639948287007113,0.0,2026-03-11 12:54:04.253134
0.8056951423785594,0.49364283800678693,0.9361493123772102,-0.01672221161892788,0.8508928571428571,0.21879504486083043,0.8914873713751169,-0.000658982426163357,-0.0007028171773493241,0.00708857059339385,0.030639948287007113,0.0,2026-03-11 12:54:04.262406
0.8058577405857741,0.49367416807922204,0.9362119725220804,-0.016640875387785508,0.8510258697591436,0.21880236714351695,0.8915887850467289,-0.0007454125101183928,-0.0007949964908358087,0.007186633591128033,0.030639948287007113,0.0,2026-03-11 12:54:04.271221
0.8060200668896321,0.4937054367201426,0.9362745098039216,-0.016559688150297572,0.8511586452762924,0.2188096748244726,0.8916900093370681,-0.0008316008316008316,-0.0008869179600887733,0.007284382284382329,0.030639948287007113,0.0,2026-03-11 12:54:04.280193
0.8061821219715957,0.4937366441100525,0.9363369245837414,-0.016478649497441152,0.8512911843276937,0.21881696794734315,0.8917910447761194,-0.0009175484035819359,-0.0009785826654609142,0.007381818181818267,0.030639948287007113,0.0,2026-03-11 12:54:04.289199
0.8063439065108514,0.49376779042874935,0.9363992172211351,-0.01639775902169286,0.8514234875444839,0.21882424655560048,0.8918918918918919,-0.0007881499339345011,-0.0008404607702576783,0.007210075566750684,0.030639948287007113,0.0,2026-03-11 12:54:04.297239
0.8056713928273561,0.49362333742412684,0.9363992172211351,-0.01679326522367416,0.8506666666666667,0.21820522340154633,0.8914764788076386,-0.0008738577637342759,-0.0009318571728316183,0.007210075566750684,0.029923273657288973,0.0,2026-03-11 12:54:04.308004
0.805,0.49348050748697203,0.9363992172211351,-0.017184919001941284,0.849911190053286,0.21759142408887275,0.8910614525139664,-0.0007449951055553683,-0.0007943325297643522,0.007210075566750684,0.030333670374115274,0.0,2026-03-11 12:54:04.322727
0.8051623646960866,0.4935115929135501,0.9364613880742912,-0.0171041012203779,0.8500443655723159,0.217598647300775,0.8911627906976743,-0.0006166649376995181,-0.0006574137221289078,0.0070391959798995485,0.030333670374115274,0.0,2026-03-11 12:54:04.332024
0.8053244592346089,0.4935426176264045,0.9365234375,-0.0170234307202787,0.850177304964539,0.2176058561657761,0.8912639405204461,-0.0007021340270264576,-0.000748530548636106,0.00713632058053848,0.030333670374115274,0.0,2026-03-11 12:54:04.341470
0.8054862842892768,0.4935735818032338,0.9365853658536586,-0.016942907099403232,0.8503100088573959,0.21761305072658968,0.8913649025069638,-0.0005743330557390625,-0.0006122011693043827,0.006966297532969845,0.030333670374115274,0.0,2026-03-11 12:54:04.347345
0.8056478405315615,0.49360448562104386,0.9366471734892787,-0.016862529956977713,0.8504424778761062,0.2176202310257599,0.8914656771799628,-0.0004470580143747238,-0.00047646972584680647,0.006797124600638971,0.030333670374115274,0.0,2026-03-11 12:54:04.362679
0.8058091286307054,0.49363532925615133,0.9367088607594937,-0.016782298893681085,0.8505747126436781,0.21762739710566228,0.891566265060241,-0.0003203056631185808,-0.0003413322930825302,0.006628795423581635,0.030333670374115274,0.0,2026-03-11 12:54:04.371705
0.8059701492537313,0.4936661128841866,0.9367704280155642,-0.01670221351164327,0.8507067137809188,0.2176345490085048,0.8916666666666667,-0.00019407278871186318,-0.0002067849801121735,0.00646130370511655,0.030333670374115274,0.0,2026-03-11 12:54:04.380832
0.8061309030654515,0.4936968366800974,0.9368318756073858,-0.016622273414441047,0.8508384819064431,0.2176416867763282,0.8917668825161886,-6.835620417999788e-05,-7.282392994345521e-05,0.006294643211060769,0.030333670374115274,0.0,2026-03-11 12:54:04.389913
0.8062913907284768,0.4937275008181521,0.9368932038834952,-0.01654247820708308,0.8509700176366843,0.2176488104510073,0.8918669131238447,-0.0001535875491692762,-0.00016362595107577427,0.00639145800436125,0.030333670374115274,0.0,2026-03-11 12:54:04.399076
0.8064516129032258,0.4937581054719428,0.9369544131910766,-0.0164628274960127,0.8511013215859031,0.21765592007425166,0.8919667590027701,-2.8384093553879275e-05,-3.0235230090047693e-05,0.006225622562256228,0.030333670374115274,0.0,2026-03-11 12:54:04.408393
0.8066115702479338,0.493788650814389,0.937015503875969,-0.016383320889093327,0.8512323943661971,0.21766301568760626,0.8920664206642067,-0.00011337868480720825,-0.00012077294685974849,0.006322129028189405,0.030333670374115274,0.0,2026-03-11 12:54:04.417724
0.8067712634186622,0.49381913701774044,0.9370764762826719,-0.016303957995610425,0.851363236587511,0.21767009733245252,0.8921658986175116,-0.00019813750743014058,-0.00021105951878430673,0.006418328637315174,0.030333670374115274,0.0,2026-03-11 12:54:04.425455
0.806930693069307,0.4938495642535805,0.937137330754352,-0.01622473842625793,0.851493848857645,0.2176771650500089,0.8922651933701659,-0.0002826615410707056,-0.0003010959894014231,0.006514222850856455,0.030333670374115274,0.0,2026-03-11 12:54:04.435961
0.8070898598516076,0.49387993269282965,0.9371980676328503,-0.01614566179313405,0.8516242317822651,0.21768421888133177,0.8923643054277829,-0.00015796807916457212,-0.000168247997548443,0.006349206349206327,0.030333670374115274,0.0,2026-03-11 12:54:04.451566
0.8072487644151565,0.4939102425057481,0.9372586872586872,-0.016066727709740568,0.8517543859649123,0.21769125886731647,0.8924632352941176,-3.378150124999646e-05,-3.5975105227237236e-05,0.006185002736726841,0.030333670374115274,0.0,2026-03-11 12:54:04.460663
0.8074074074074075,0.4939404938619397,0.9373191899710704,-0.015987935790963623,0.8518843120070114,0.21769828504869765,0.8925619834710744,-0.00011807172013633682,-0.00012573871495047406,0.006280593006643631,0.030333670374115274,0.0,2026-03-11 12:54:04.476200
0.8075657894736842,0.4939706869303544,0.9373795761078998,-0.015909285653080432,0.852014010507881,0.2177052974660503,0.8926605504587155,5.611058273680136e-06,5.974625764459951e-06,0.006117196291522853,0.030333670374115274,0.0,2026-03-11 12:54:04.485070
0.8077239112571898,0.4940008218792919,0.9374398460057748,-0.015830776913747093,0.8521434820647419,0.21771229615979062,0.8927589367552704,-7.844631470421692e-05,-8.352922926380124e-05,0.006212484060585388,0.030333670374115274,0.0,2026-03-11 12:54:04.499017
0.8078817733990148,0.4940308988764045,0.9375,-0.015752409191993243,0.8522727272727273,0.2177192811701766,0.8928571428571429,-0.00016227180527383922,-0.00017278617710592137,0.006307470762447087,0.030333670374115274,0.0,2026-03-11 12:54:04.512034
0.8072190319934373,0.4938896648044693,0.9375,-0.016139616551087563,0.851528384279476,0.21711027499494331,0.8924485125858124,-3.9089766857514086e-05,-4.161712247330307e-05,0.006307470762447087,0.03073463268365817,0.0,2026-03-11 12:54:04.546324
0.8073770491803278,0.49391968401676517,0.9375600384245918,-0.016061353519889656,0.8516579406631762,0.21711722686170978,0.8925468678555099,-0.0001226843332107208,-0.0001306165099268508,0.00640215782171627,0.03073463268365817,0.0,2026-03-11 12:54:04.565007
0.8075348075348076,0.49394964561061133,0.9376199616122841,-0.01598323070876404,0.8517872711421098,0.21712416516321795,0.8926450433988122,0.0,0.0,0.006239562070885163,0.03073463268365817,0.0,2026-03-11 12:54:04.588582
0.8076923076923077,0.49397954975173675,0.9376797698945349,-0.01590524774121394,0.8519163763066202,0.2171310899391448,0.8927430397078959,-8.336459505642324e-05,-8.87429560278985e-05,0.006333950903195884,0.03073463268365817,0.0,2026-03-11 12:54:05.179578
0.8078495502861816,0.4940093966052356,0.9377394636015326,-0.015827404242083464,0.8520452567449956,0.21713800122901264,0.8928408572731418,3.882504326224723e-05,4.132450956673139e-05,0.006172150241610996,0.03073463268365817,0.0,2026-03-11 12:54:05.185836
0.8080065359477124,0.49403918633556976,0.937799043062201,-0.015749699837559042,0.8521739130434782,0.21714489907218998,0.8929384965831435,-4.431052818143488e-05,-4.716313729180577e-05,0.006266242253694432,0.03073463268365817,0.0,2026-03-11 12:54:05.187125
0.8081632653061225,0.4940689191065725,0.9378585086042065,-0.0156721341551624,0.8523023457862728,0.2171517835078921,0.8930359581247155,7.738740133111932e-05,8.235875473572296e-05,0.006105230863629352,0.03073463268365817,0.0,2026-03-11 12:54:05.194422
0.8075040783034257,0.49392925430210327,0.9378585086042065,-0.01605540026126917,0.8515625,0.21654774399704638,0.8926296633303002,0.00019859658413878822,0.00021132713440408235,0.006105230863629352,0.031126482213438722,0.0,2026-03-11 12:54:05.195889
0.8076609616951915,0.4939589302769819,0.9379178605539638,-0.015977938235479567,0.8516912402428447,0.21655459595145563,0.8927272727272728,0.0001156890938238675,0.00012310506137669375,0.006199027453382855,0.031126482213438722,0.0,2026-03-11 12:54:05.203335
0.8078175895765473,0.4939885496183206,0.9379770992366412,-0.015900614150704703,0.8518197573656846,0.21656143461344188,0.8928247048138056,0.00023641246828365325,0.0002515348010097007,0.006038799573731879,0.031126482213438722,0.0,2026-03-11 12:54:05.204770
0.8079739625711961,0.4940181124880839,0.9380362249761678,-0.015823427638813815,0.8519480519480519,0.21656826002165783,0.8929219600725954,0.00035665294924547286,0.00037941803111218864,0.005879349499321784,0.031126482213438722,0.0,2026-03-11 12:54:05.212520
0.808130081300813,0.49404761904761907,0.9380952380952381,-0.015746378332983455,0.8520761245674741,0.21657507221460626,0.8930190389845875,0.0002739726027396472,0.00029146021568049463,0.005972852055878497,0.031126482213438722,0.0,2026-03-11 12:54:05.220611
0.8082859463850528,0.4940770694576594,0.9381541389153187,-0.015669465867694833,0.8522039757994814,0.21658187123064096,0.8931159420289855,0.00019151846785225857,0.00020374305090664624,0.006066061959676072,0.031126482213438722,0.0,2026-03-11 12:54:05.225057
0.8084415584415584,0.494106463878327,0.938212927756654,-0.015592689878724445,0.8523316062176166,0.21658865710796746,0.8932126696832579,0.00010928961748624122,0.00011626555051724718,0.006158980582524287,0.031126482213438722,0.0,2026-03-11 12:54:05.236033
0.8077858880778589,0.49396834233136566,0.938212927756654,-0.015972074944285493,0.8515962036238136,0.2159895172130142,0.8928086838534599,2.7285129604259772e-05,2.902673362159547e-05,0.006158980582524287,0.030425219941349058,0.0,2026-03-11 12:54:05.245999
0.8079416531604539,0.49399768092217444,0.9382716049382716,-0.01589540158815053,0.8517241379310345,0.21599627125444934,0.8929055580659738,0.0001470456086462013,0.00015641157098034153,0.006000302663438317,0.030425219941349058,0.0,2026-03-11 12:54:05.248783
0.8080971659919028,0.494026963842033,0.9383301707779886,-0.015818863943193748,0.8518518518518519,0.21600301226928006,0.8930022573363432,0.00026632895430556136,0.0002832566420791771,0.005842391304347827,0.030425219941349058,0.0,2026-03-11 12:54:05.254039
0.808252427184466,0.4940561912492472,0.9383886255924171,-0.01574246164942144,0.8519793459552496,0.21600974029516673,0.8930987821380245,0.00038513801230810607,0.0004095653703826141,0.005685240963855476,0.030425219941349058,0.0,2026-03-11 12:54:05.259416
0.8084074373484236,0.49408536330152353,0.9384469696969697,-0.015666194348114382,0.8521066208082545,0.21601645536962466,0.893195132942767,0.00030335696989725047,0.00032259736967932273,0.005777869669003621,0.030425219941349058,0.0,2026-03-11 12:54:05.263458
0.808562197092084,0.4941144801559715,0.9385052034058656,-0.015590061681816291,0.852233676975945,0.21602315753002485,0.8932913102206212,0.0004216945633839231,0.0004483840927119731,0.005621474858994335,0.030425219941349058,0.0,2026-03-11 12:54:05.269964
0.8087167070217918,0.4941435419691067,0.9385633270321361,-0.015514063294334733,0.8523605150214593,0.21602984681359447,0.893387314439946,0.0005395634931339988,0.0005736411874371905,0.005465830143997152,0.030425219941349058,0.0,2026-03-11 12:54:05.275609
0.8088709677419355,0.4941725488968536,0.9386213408876298,-0.015438198830732984,0.8524871355060034,0.2160365232574179,0.8934831460674156,0.00045800498417181146,0.00048693161475110713,0.005558170286200981,0.030425219941349058,0.0,2026-03-11 12:54:05.281280
0.8090249798549557,0.4942015010945481,0.9386792452830188,-0.015362467937321211,0.8526135389888603,0.216043186898437,0.8935788055680286,0.0005754080288241648,0.0006116732407248637,0.005403270282758665,0.030425219941349058,0.0,2026-03-11 12:54:05.283986
0.8091787439613527,0.49423039871694063,0.9387370405278039,-0.015286870261655903,0.8527397260273972,0.21604983777345213,0.8936742934051144,0.0006923479450952064,0.000735891841013192,0.005249109658807871,0.030425219941349058,0.0,2026-03-11 12:54:05.289802
0.8085277554304103,0.4940937949891767,0.9387370405278039,-0.015662336235545794,0.8520102651839179,0.21545547670848983,0.8932735426008969,0.0006110110625161536,0.0006494394312278606,0.005249109658807871,0.029738878143133474,0.0,2026-03-11 12:54:05.295040
0.8078778135048231,0.4939586841983282,0.9387370405278039,-0.016034228224615713,0.8512820512820513,0.2148659941353997,0.8928731510533393,0.0007274905854159908,0.0007731489903584077,0.005249109658807871,0.030121922065503237,0.0,2026-03-11 12:54:05.306635
0.8080321285140563,0.4939875273995863,0.9387947269303202,-0.01595869994980944,0.8514090520922288,0.21487259590739563,0.8929690998656514,0.0006463744270771565,0.0006869418597389432,0.005341162584395209,0.030121922065503237,0.0,2026-03-11 12:54:05.316806
0.8081861958266453,0.49401631633329735,0.9388523047977423,-0.015883304109327374,0.8515358361774744,0.21487918505611647,0.8930648769574944,0.0005654780957258243,0.0006009683527797849,0.005432929631331684,0.030121922065503237,0.0,2026-03-11 12:54:05.326950
0.8083400160384924,0.4940450511524713,0.9389097744360902,-0.01580804035515264,0.8516624040920716,0.21488576161774242,0.8931604827894501,0.000484800698965393,0.0005152275210762447,0.005524412129285339,0.030121922065503237,0.0,2026-03-11 12:54:05.337039
0.8084935897435898,0.49407373200954363,0.9389671361502347,-0.01573290834048404,0.8517887563884157,0.21489232562831548,0.8932559178204555,0.00040434134922318066,0.00042971842135020033,0.005615611399691134,0.030121922065503237,0.0,2026-03-11 12:54:05.344976
0.8078462770216173,0.4936333159044075,0.9380863039399625,-0.01685256044940256,0.8517887563884157,0.21479150820516002,0.8928571428571429,0.0016736268290350464,0.001778666169769516,0.00416093370171855,0.030121922065503237,0.0,2026-03-11 12:54:05.363468
0.808,0.49366232888287986,0.9381443298969072,-0.01677681748856099,0.8519148936170213,0.2147981511387721,0.8929527207850134,0.0015917821593055548,0.0016916848052870304,0.004253955626270622,0.030121922065503237,0.0,2026-03-11 12:54:05.372725
0.8081534772182254,0.49369128752993185,0.9382022471910112,-0.016701206875533618,0.8520408163265306,0.21480478142757456,0.893048128342246,0.0015101577982429282,0.0016049375763753648,0.004346690888497484,0.030121922065503237,0.0,2026-03-11 12:54:05.380897
0.8075079872204473,0.49355764533463603,0.9382022471910112,-0.017069586204107347,0.8513169073916738,0.21422027753752906,0.8926503340757238,0.0014287528575056552,0.001518423538939051,0.004346690888497484,0.029450029568302782,0.0,2026-03-11 12:54:05.392314
0.8076616121308858,0.4935865498027413,0.9382600561272217,-0.016994075985006442,0.8514431239388794,0.21422687721027509,0.892745883400089,0.0013475664535221865,0.001432141753952454,0.0044391408114557995,0.029450029568302782,0.0,2026-03-11 12:54:05.406417
0.8078149920255183,0.49361540024380335,0.9383177570093458,-0.01691869738143793,0.8515691263782866,0.21423346434444443,0.8928412627834593,0.0012665977074581836,0.0013460912874241338,0.004531306710073402,0.029450029568302782,0.0,2026-03-11 12:54:05.426201
0.8071713147410359,0.49348320282899727,0.9383177570093458,-0.01728353709596423,0.8508474576271187,0.2136536704143782,0.8924444444444445,0.001185845745185432,0.0012602712103644276,0.004531306710073402,0.028792134831460703,0.0,2026-03-11 12:54:05.444731
0.8073248407643312,0.4935119993943523,0.938375350140056,-0.017208259429069134,0.8509737510584251,0.21366022725232756,0.8925399644760214,0.0011053096972504228,0.0011746805987514763,0.004623189891210466,0.028792134831460703,0.0,2026-03-11 12:54:05.462821
0.807478122513922,0.49354074223477207,0.9384328358208955,-0.017133112649213012,0.8510998307952623,0.2136667716567219,0.8926353149955635,0.0010249886988425994,0.0010893185334980293,0.00471479165372235,0.028792134831460703,0.0,2026-03-11 12:54:05.481184
0.8076311605723371,0.49356943150046595,0.9384902143522833,-0.017058096415327448,0.8512256973795436,0.21367330366290307,0.8927304964539007,0.0009448818897638267,0.0010041841004184704,0.0048061132885200974,0.028792134831460703,0.0,2026-03-11 12:54:05.493491
0.806989674344718,0.4934386555632384,0.9384902143522833,-0.017419412768249695,0.8505067567567568,0.2130981389489302,0.8923349579087284,0.0008649884143976383,0.0009192763901966217,0.0048061132885200974,0.02814780493455349,0.0,2026-03-11 12:54:06.382613
0.8071428571428572,0.49346729140385653,0.9385474860335196,-0.017344497607655187,0.850632911392405,0.2131046410425638,0.8924302788844621,0.0009810102574433488,0.0010424514009157448,0.004652686762778524,0.02814780493455349,0.0,2026-03-11 12:54:06.401485
0.8072957969865187,0.4934958739684921,0.9386046511627907,-0.017269712271056375,0.8507588532883642,0.21311113084145114,0.8925254312251216,0.0009013292647244153,0.000957779949362636,0.004743729552889819,0.02814780493455349,0.0,2026-03-11 12:54:06.409823
0.8074484944532488,0.4935244034056841,0.9386617100371747,-0.0171950564212785,0.8508845829823083,0.2131176083804404,0.892620415377817,0.0010168961201502125,0.0010804521276596146,0.004591031894253916,0.02814780493455349,0.0,2026-03-11 12:54:06.418264
0.8076009501187649,0.4935528798634199,0.9387186629526463,-0.01712052972231334,0.851010101010101,0.21312407369424802,0.8927152317880794,0.0009374267635340328,0.0009960159362548682,0.004681797114883257,0.02814780493455349,0.0,2026-03-11 12:54:06.420726
0.807753164556962,0.4935813034891376,0.9387755102040817,-0.01704613183931348,0.8511354079058032,0.2131305268174595,0.8928098808998677,0.0008581682009674019,0.0009118037135278367,0.004772286033471018,0.02814780493455349,0.0,2026-03-11 12:54:06.429330
0.8071146245059289,0.4934519262250355,0.9387755102040817,-0.01740391588107301,0.8504201680672269,0.21255989519957727,0.8924162257495591,0.0009732827399336896,0.0010339864451270886,0.004772286033471018,0.02852233676975946,0.0,2026-03-11 12:54:06.436521
0.806477093206951,0.4933239253148068,0.9387755102040817,-0.017758352528891137,0.8497061293031066,0.21199382256953203,0.8920229175848392,0.0008942341338240567,0.0009500075725240587,0.004772286033471018,0.027891156462585,0.0,2026-03-11 12:54:06.445254
0.8066298342541437,0.493352296255398,0.9388322520852641,-0.01768402831280405,0.8498322147651006,0.21200022918453312,0.8921180096873622,0.0008153946510111032,0.0008662508662509172,0.004862499909753182,0.027891156462585,0.0,2026-03-11 12:54:06.455038
0.805993690851735,0.4932256498521559,0.9388322520852641,-0.01803513031899345,0.8491198658843252,0.2114386381869357,0.891725352112676,0.0007367634627365449,0.0007827154458593943,0.004862499909753182,0.027272727272727226,0.0,2026-03-11 12:54:06.466496
0.806146572104019,0.49573191551631623,0.9388322520852641,-0.011338823483675275,0.8491198658843252,0.22228860473258916,0.891725352112676,-0.001101696664465024,-0.0011726999837964325,0.004862499909753182,0.01665001665001664,0.0,2026-03-11 12:54:06.481563
0.805511811023622,0.49529727095516574,0.937962962962963,-0.012458444953684932,0.8491198658843252,0.22218566950839286,0.8913330400351958,-0.0029329893057905565,-0.0031281154134523703,0.007080194183148758,0.01665001665001664,0.0,2026-03-11 12:54:06.499679
0.8056648308418568,0.49532596523686645,0.9380203515263644,-0.012383222024076677,0.8492462311557789,0.22219246653655503,0.8914285714285715,-0.0028116310029864255,-0.002998295301939846,0.006923336710570771,0.01665001665001664,0.0,2026-03-11 12:54:06.516449
0.8058176100628931,0.49535460647922946,0.9380776340110906,-0.01230812852006004,0.8493723849372385,0.22219925079355077,0.891523935002196,-0.0028900547211071492,-0.0030819255739606977,0.007013276796636436,0.01665001665001664,0.0,2026-03-11 12:54:06.527216
0.8059701492537313,0.49538319482917825,0.938134810710988,-0.012233164107896466,0.8494983277591973,0.2222060223153501,0.8916191311978938,-0.0029682717891142962,-0.003165335476358333,0.007102944336986883,0.01665001665001664,0.0,2026-03-11 12:54:06.544144
0.8061224489795918,0.49541173043309383,0.9381918819188192,-0.012158328454991957,0.849624060150376,0.22221278113778803,0.8917141604559403,-0.0030462830227319104,-0.00324852587901292,0.0071923405685918596,0.01665001665001664,0.0,2026-03-11 12:54:06.570466
0.8062745098039216,0.4954402134368179,0.9382488479262673,-0.012083621229893923,0.8497495826377296,0.222219527296565,0.8918090232150679,-0.0031240892333965764,-0.0033314976472320623,0.007281466720947316,0.01665001665001664,0.0,2026-03-11 12:54:06.578630
0.8064263322884012,0.4954686439856547,0.9383057090239411,-0.012009042102289142,0.8498748957464554,0.22222626082724795,0.8919037199124726,-0.003201691228285175,-0.0034142516417812185,0.007370324016131247,0.01665001665001664,0.0,2026-03-11 12:54:06.589879
0.8065779169929522,0.4954970222243742,0.9383624655013799,-0.01193459074299286,0.85,0.2222329817652707,0.8919982509838216,-0.0032790898103431942,-0.0034967887189136793,0.007458913668859868,0.01665001665001664,0.0,2026-03-11 12:54:06.601225
0.8059467918622848,0.4953592432218942,0.9383624655013799,-0.012309559551567022,0.8492922564529559,0.2216504565647457,0.8916083916083917,-0.003158202801918919,-0.003367441910948843,0.007458913668859868,0.017127799736495364,0.0,2026-03-11 12:54:06.612726
0.8060985144644254,0.4953875692947336,0.9384191176470589,-0.0122352070156179,0.8494176372712147,0.22165714736115733,0.8917030567685589,-0.003037784347790784,-0.003238629593925735,0.007302796090020491,0.017127799736495364,0.0,2026-03-11 12:54:06.632133
0.80625,0.4954158433454007,0.938475665748393,-0.012160981551274262,0.8495428096425602,0.22166382566820306,0.8917975567190226,-0.003114980315759519,-0.0033209294275453605,0.007391119307703198,0.017127799736495364,0.0,2026-03-11 12:54:06.643999
0.8064012490241999,0.49544406551707576,0.9385321100917431,-0.012086882833057698,0.8496677740863787,0.22167049152082927,0.8918918918918918,-0.0031919744642042724,-0.003403014098201318,0.0074791772904980736,0.017127799736495364,0.0,2026-03-11 12:54:06.656038
0.8065522620904836,0.49791188837920486,0.9385321100917431,-0.005528356547371038,0.8496677740863787,0.23188373985111474,0.8918918918918918,-0.0019632845548201994,-0.0020930884923289206,0.0074791772904980736,0.026521739130434763,0.0,2026-03-11 12:54:06.668247
0.8067030397505845,0.49794005881454323,0.9385884509624198,-0.005454120294004421,0.8497925311203319,0.23189069983447372,0.8919860627177701,-0.0020415794952649557,-0.002176559957761892,0.007566971231365405,0.026521739130434763,0.0,2026-03-11 12:54:06.680464
0.8068535825545171,0.49796817765567764,0.9386446886446886,-0.005380010608472282,0.8499170812603648,0.23189764686229275,0.8920800696257615,-0.0019216268765493982,-0.0020484146292290006,0.007411588323485319,0.026521739130434763,0.0,2026-03-11 12:54:06.703449
0.8070038910505837,0.5004104272238987,0.9386446886446886,0.0010845511024183826,0.8499170812603648,0.24158089285243486,0.8920800696257615,-0.0006976345905868042,-0.000743664089347229,0.007411588323485319,0.03572965992251398,0.0,2026-03-11 12:54:07.215785
0.807153965785381,0.5004384946124418,0.938700823421775,0.0011587921001694557,0.8500414250207126,0.2415881165053179,0.8921739130434783,-0.000578145109395134,-0.0006162122770918543,0.007256934912825197,0.03572965992251398,0.0,2026-03-11 12:54:07.217062
0.8065268065268065,0.5002782467624338,0.938700823421775,0.000735892534744185,0.8493377483443708,0.24096466226208121,0.8917861799217731,-0.0004591160886320278,-0.0004892838809036348,0.007256934912825197,0.03619716810390716,0.0,2026-03-11 12:54:07.221463
0.8066770186335404,0.5003062628394805,0.9387568555758684,0.000810039505003204,0.8494623655913979,0.2409718538865434,0.8918801563178462,-0.0003405448717949122,-0.00036287568306025975,0.007103005874112056,0.03619716810390716,0.0,2026-03-11 12:54:07.222742
0.8068269976726145,0.5003342277456103,0.9388127853881278,0.0008840604523022803,0.8495867768595041,0.2409790321615839,0.8919739696312363,-0.0004201260378113858,-0.00044767528619238384,0.007190536958869065,0.03619716810390716,0.0,2026-03-11 12:54:07.228242
0.8069767441860465,0.5003621416208894,0.9388686131386861,0.0009579556976583843,0.8497109826589595,0.24098619712434735,0.8920676202860859,-0.0004995004995005381,-0.0005322546306152365,0.007277806366242756,0.03619716810390716,0.0,2026-03-11 12:54:07.233349
0.8063516653756778,0.49993421609074423,0.9380127620783957,-0.00017353901838871802,0.8497109826589595,0.24087633334060055,0.891681109185442,0.0007183478000598598,0.0007654525738343132,0.005872277954489857,0.03619716810390716,0.0,2026-03-11 12:54:07.235588
0.8065015479876161,0.49996244343041707,0.9380692167577414,-9.908102350685671e-05,0.8498349834983498,0.24088358185155226,0.8917748917748918,0.0006377042646472653,0.0006795209377389311,0.005961251862891204,0.03619716810390716,0.0,2026-03-11 12:54:07.240858
0.8066511987625676,0.49999061940095496,0.9381255686988171,-2.4749259069108722e-05,0.8499587798845837,0.24089081695388542,0.8918685121107266,0.0005572693800378614,0.00059381163446659,0.006049960967993706,0.03619716810390716,0.0,2026-03-11 12:54:07.246239
0.8068006182380216,0.5000187441424555,0.9381818181818182,4.945659565592795e-05,0.8500823723228995,0.24089803868478116,0.891961970613656,0.0004770423375074495,0.0005083238022620673,0.006138406450198475,0.03619716810390716,0.0,2026-03-11 12:54:07.253027
0.806949806949807,0.5000468177945073,0.9382379654859219,0.00012353686031061817,0.8502057613168724,0.24090524708128322,0.892055267702936,0.0005951583865255738,0.0006341053566049082,0.005985196706058793,0.03619716810390716,0.0,2026-03-11 12:54:07.277001
0.8070987654320988,0.5000748404961926,0.9382940108892922,0.00019749185346110246,0.850328947368421,0.24091244218029878,0.8921484037963762,0.0005151383815242827,0.0005488488686588022,0.006073379738761431,0.03619716810390716,0.0,2026-03-11 12:54:07.286195
0.8072474942174248,0.5001028123860886,0.9383499546690843,0.00027132189259293596,0.8504519309778144,0.24091962401859865,0.8922413793103449,0.00043532461364936825,0.00046381211392909627,0.006161301488404325,0.03619716810390716,0.0,2026-03-11 12:54:07.295387
0.8073959938366718,0.500130733602271,0.9384057971014492,0.0003450272941228877,0.8505747126436781,0.24092679263281838,0.8923341946597759,0.0003557162866183461,0.00037899424402487725,0.006248963114527495,0.03619716810390716,0.0,2026-03-11 12:54:07.302674
0.806774441878368,0.4997061155945328,0.9375565610859729,-0.0007734877853383894,0.8505747126436781,0.2408177513090015,0.8919500645716746,0.001561659651944769,0.0016638541485956004,0.004859260895374029,0.03619716810390716,0.0,2026-03-11 12:54:07.322181
0.8061538461538461,0.4992822654312932,0.9367088607594937,-0.0018838842267513934,0.8505747126436781,0.24070885790469596,0.891566265060241,0.0027645068853960897,0.0029454153114343296,0.0034736580927963168,0.03619716810390716,0.0,2026-03-11 12:54:07.462520
0.8063028439661799,0.49931085221505134,0.9367660343270099,-0.0018089592373029685,0.8506972928630024,0.24071620382332806,0.8916595012897679,0.0028821703825023803,0.0030703937544208637,0.0033211626131980365,0.03619716810390716,0.0,2026-03-11 12:54:07.467317
0.8064516129032258,0.4993393873981168,0.9368231046931408,-0.0017341605197605764,0.8508196721311475,0.24072353625861778,0.8917525773195875,0.00279988211022697,0.0029827315541601784,0.0034123951649724926,0.03619716810390716,0.0,2026-03-11 12:54:07.468960
0.8066001534919417,0.4993678711200766,0.9368800721370604,-0.0016594877551765338,0.8509418509418509,0.24073085524766405,0.8918454935622318,0.0027178045633606818,0.002895293840967872,0.0035033593857123346,0.03619716810390716,0.0,2026-03-11 12:54:07.473284
0.8067484662576687,0.49939630352001485,0.9369369369369369,-0.0015849406256852822,0.851063829787234,0.24073816082742971,0.8919382504288164,0.002635936933494065,0.0028080797536406132,0.003594056457492556,0.03619716810390716,0.0,2026-03-11 12:54:07.478415
0.8068965517241379,0.4994246847365149,0.936993699369937,-0.0015105188144868768,0.8511856091578087,0.24074545303474232,0.892030848329049,0.0025542784163473664,0.0027210884353741083,0.0036844875554553624,0.03619716810390716,0.0,2026-03-11 12:54:07.480289
0.8070444104134763,0.4994530149076615,0.9370503597122302,-0.0014362220058424776,0.8513071895424836,0.24075273190629456,0.8921232876712328,0.002671491957441652,0.002845601412916454,0.0035327013571575527,0.03619716810390716,0.0,2026-03-11 12:54:07.485234
0.8071920428462127,0.49948129417104326,0.9371069182389937,-0.0013620498850767024,0.8514285714285714,0.240759997478645,0.8922155688622755,0.002590041752838834,0.002758842844673537,0.0036228676495625445,0.03619716810390716,0.0,2026-03-11 12:54:07.490221
0.8073394495412844,0.49950952266375465,0.9371633752244165,-0.0012880021385695535,0.8515497553017944,0.24076724978821865,0.8923076923076924,0.0025087990646807112,0.0026723053173686173,0.0037127702978376753,0.03619716810390716,0.0,2026-03-11 12:54:07.492270
0.8074866310160428,0.49953770052239843,0.9372197309417041,-0.0012140784537499913,0.8516707416462918,0.24077448887130756,0.8923996584116141,0.0024277631009199663,0.002585987987334337,0.0038024104566287686,0.03619716810390716,0.0,2026-03-11 12:54:07.507189
0.8076335877862595,0.4995658278830876,0.9372759856630825,-0.0011402785190940752,0.8517915309446255,0.24078171476407162,0.8924914675767919,0.0023469330735348404,0.0024998900151909087,0.0038917892738491444,0.03619716810390716,0.0,2026-03-11 12:54:07.509799
0.8077803203661327,0.4995939048814479,0.937332139659803,-0.0010666020241195736,0.8519121236777868,0.24078892750253875,0.8925831202046035,0.0024636992347013553,0.0026239398353323784,0.0037407074198589907,0.03619716810390716,0.0,2026-03-11 12:54:07.518512
0.8071646341463414,0.49943530059913227,0.937332139659803,-0.0014844136566054434,0.8512195121951219,0.24017072641189777,0.8922028121005539,0.00238307435966989,0.002538071065989911,0.0037407074198589907,0.03542061986084766,0.0,2026-03-11 12:54:07.527878
0.8073115003808073,0.49946332737030413,0.9373881932021467,-0.001410824156444421,0.851340373679935,0.24017790754767235,0.8922945934440187,0.0024993956973652365,0.002661628278127326,0.0035903250188964453,0.03542061986084766,0.0,2026-03-11 12:54:07.540801
0.806697108066971,0.4993063414990325,0.9373881932021467,-0.0018250147081774778,0.8506493506493507,0.23956442530041722,0.8919148936170214,0.002418975194640516,0.0025759877833393396,0.0035903250188964453,0.03465915022444932,0.0,2026-03-11 12:54:07.565869
0.8068441064638783,0.4993343181776732,0.9374441465594281,-0.0017515130793648863,0.8507704785077048,0.23957157507782745,0.8920068027210886,0.0023387582881253532,0.0024905640999306478,0.0036794436357754368,0.03465915022444932,0.0,2026-03-11 12:54:07.581274
0.8069908814589666,0.49936224489795916,0.9375,-0.0016781339150864704,0.8508914100486223,0.23957871187497748,0.8920985556499575,0.002454637339365684,0.0026136421872597904,0.003529755841745863,0.03465915022444932,0.0,2026-03-11 12:54:07.591136
0.806378132118451,0.49894409146352564,0.936663693131133,-0.0027709184937906813,0.8508914100486223,0.23947182866114805,0.8917197452229301,0.003638845760047693,0.0038745604651519994,0.002165127020785196,0.03465915022444932,0.0,2026-03-11 12:54:07.602958
0.8065250379362671,0.49897231619920696,0.9367201426024956,-0.0026970100183177467,0.8510121457489879,0.23947904462060496,0.8918116249469665,0.0035574374927987984,0.0037878787878788955,0.0022558381964020713,0.03465915022444932,0.0,2026-03-11 12:54:07.613000
0.8066717210007581,0.4990004906682174,0.9367764915405165,-0.0026232244794539665,0.8511326860841424,0.23948624751199926,0.8919033488766426,0.0034762345427433727,0.0037014157276984427,0.0023462864410750406,0.03465915022444932,0.0,2026-03-11 12:54:07.636634
0.8068181818181818,0.49902861500472073,0.9368327402135231,-0.0025495615707215495,0.85125303152789,0.23949343737080792,0.8919949174078781,0.003591673825288244,0.0038238628402563757,0.002197288452547963,0.03465915022444932,0.0,2026-03-11 12:54:07.648083
0.8069644208932627,0.4990566893424036,0.9368888888888889,-0.0024760209866578047,0.851373182552504,0.23950061423237953,0.8920863309352519,0.00370667583782347,0.003945816214457221,0.0020489755122439224,0.03465915022444932,0.0,2026-03-11 12:54:07.664629
0.8071104387291982,0.49908471381447783,0.9369449378330373,-0.002402602422822119,0.8514931396287329,0.2395077781319349,0.8921775898520086,0.003625677429203944,0.0038595921020557755,0.00213916196749675,0.03465915022444932,0.0,2026-03-11 12:54:07.671819
0.8072562358276644,0.4991126885536823,0.9370008873114463,-0.002329305575775727,0.8516129032258064,0.23951492910456773,0.8922686945500633,0.0035448827901658486,0.0037735849056603765,0.0022290877682547006,0.03465915022444932,0.0,2026-03-11 12:54:07.688087
0.8074018126888217,0.4991406136922854,0.9370567375886525,-0.0022561301430862493,0.8517324738114423,0.239522067185245,0.8923596454200086,0.0034642911527333897,0.0036877938077484185,0.0023187540428920572,0.03465915022444932,0.0,2026-03-11 12:54:07.712685
0.8075471698113208,0.4991684893620867,0.937112488928255,-0.0021830758233252635,0.8518518518518519,0.23952919240880768,0.8924504428511176,0.0033839017527851345,0.0036022179949003474,0.0024081619132797494,0.03465915022444932,0.0,2026-03-11 12:54:07.723556
0.8076923076923077,0.49919631569441936,0.9371681415929204,-0.002110142316058856,0.8519710378117458,0.23953630480997143,0.8925410872313527,0.0033037138300296975,0.0035168566577735705,0.0024973124948317604,0.03465915022444932,0.0,2026-03-11 12:54:07.740486
0.8078372268274303,0.4992240928201519,0.9372236958443855,-0.0020373293218473912,0.8520900321543409,0.23954340442332675,0.8926315789473683,0.003418281052347316,0.0036383715828807173,0.002349679889116163,0.03465915022444932,0.0,2026-03-11 12:54:07.757658
0.8072289156626506,0.4990687007140709,0.9372236958443855,-0.0024473813020068113,0.8514056224899599,0.23893465272911946,0.8922558922558922,0.0035324159455242254,0.003759398496240629,0.002349679889116163,0.03511671142325967,0.0,2026-03-11 12:54:07.774516
0.8073739653875094,0.4990964287636096,0.9372791519434629,-0.002374653082630167,0.8515248796147673,0.23894172157929416,0.8923465096719934,0.00345242874347651,0.003674271554302333,0.0024385742908361596,0.03511671142325967,0.0,2026-03-11 12:54:07.785705
0.8075187969924812,0.4991241078669002,0.9373345101500441,-0.002302044757402109,0.8516439454691259,0.2389487777427921,0.8924369747899159,0.003372641509433949,0.003589357429718887,0.002527213615363344,0.03511671142325967,0.0,2026-03-11 12:54:07.801434
0.8076634109691961,0.49915173815343017,0.937389770723104,-0.002229556030095697,0.8517628205128205,0.23895582125374565,0.892527287993283,0.0034863465160075435,0.0037099198396793875,0.002380256673747305,0.03511671142325967,0.0,2026-03-11 12:54:07.810050
0.8078078078078078,0.49917931975223057,0.9374449339207048,-0.0021571866054588074,0.8518815052041633,0.2389628521461646,0.8926174496644296,0.0034067585010263413,0.003625227984058066,0.002468642017401823,0.03511671142325967,0.0,2026-03-11 12:54:07.828243
0.8079519879969993,0.49920685279187815,0.9375,-0.0020849361892066793,0.852,0.2389698704539373,0.892707460184409,0.003327368959897825,0.003540747330071592,0.002556774470230505,0.03511671142325967,0.0,2026-03-11 12:54:07.838362
0.808095952023988,0.49923433740049733,0.9375549692172384,-0.0020128044880265783,0.8521183053557154,0.2389768762108305,0.8927973199329983,0.0032481771511259083,0.0034564770886730267,0.0026446551160510534,0.03511671142325967,0.0,2026-03-11 12:54:07.851173
0.8082397003745319,0.49926177370576214,0.937609841827768,-0.0019407912095644332,0.8522364217252396,0.23898386945049038,0.8928870292887029,0.003169182336903109,0.003372416474740625,0.002732285032496895,0.03511671142325967,0.0,2026-03-11 12:54:07.861357
0.8083832335329342,0.49928916183489835,0.9376646180860404,-0.0018688960624293981,0.8523543495610535,0.23899085020644287,0.8929765886287625,0.0030903837830883463,0.0032885647070539648,0.0028196652910611464,0.03511671142325967,0.0,2026-03-11 12:54:07.877375
0.8085265519820494,0.4993165019146852,0.9377192982456141,-0.0017971187561832726,0.8524720893141946,0.23899781851209426,0.8930659983291562,0.0030117807591837353,0.0032049210082696344,0.0029067969571402452,0.03511671142325967,0.0,2026-03-11 12:54:07.886974
0.8086696562032885,0.49934379407145746,0.9377738825591586,-0.001725459001339154,0.852589641434263,0.23900477440073178,0.8931552587646077,0.0029333725383123843,0.003121484604897584,0.002993681090077027,0.03511671142325967,0.0,2026-03-11 12:54:07.903463
0.8088125466766244,0.4993710384311076,0.9378283712784589,-0.0016539165093600464,0.8527070063694268,0.239011717905524,0.8932443703085905,0.002855158397195634,0.0030382547272763682,0.0030803187432040247,0.03511671142325967,0.0,2026-03-11 12:54:07.917032
0.808955223880597,0.49939823511908726,0.9378827646544182,-0.001582490992648675,0.8528241845664281,0.23901864905952144,0.8933333333333334,0.002968435941338443,0.00315841584158405,0.002934032837850986,0.03511671142325967,0.0,2026-03-11 12:54:07.942563
0.8090976882923192,0.4994253842604096,0.9379370629370629,-0.001511182164549486,0.8529411764705882,0.23902556789565715,0.893422148209825,0.002890415160273996,0.0030754017305315573,0.0030204250585328385,0.03511671142325967,0.0,2026-03-11 12:54:07.956260
0.8092399403874814,0.4994524859796511,0.9379912663755459,-0.001439989739344181,0.8530579825258141,0.23903247444674702,0.8935108153078203,0.0028125870231133776,0.0029925925925926578,0.003106572888208592,0.03511671142325967,0.0,2026-03-11 12:54:07.974060
0.8093819806403574,0.4994795404009532,0.9380453752181501,-0.0013689134322442849,0.8531746031746031,0.23903936874549067,0.8935993349958437,0.002925439510805372,0.0031122939306572617,0.002960953433449487,0.03511671142325967,0.0,2026-03-11 12:54:07.984924
0.8095238095238095,0.4995065476480246,0.9380993897122929,-0.0012979529593912405,0.8532910388580491,0.23904625082447142,0.893687707641196,0.0030378693300041615,0.0032315183709605844,0.002815995885302791,0.03511671142325967,0.0,2026-03-11 12:54:08.001726
0.8096654275092937,0.49953350784414297,0.9381533101045296,-0.0012271080378482796,0.8534072900158478,0.23905312071615753,0.8937759336099584,0.0031498788508134146,0.0033502687578234047,0.0026716957410026776,0.03511671142325967,0.0,2026-03-11 12:54:08.018778
0.8098068350668648,0.49956042111215665,0.938207136640557,-0.001156378385602759,0.8535233570863024,0.23905997845290197,0.8938640132669983,0.003072242644940437,0.003267693469270694,0.002757600215227307,0.03511671142325967,0.0,2026-03-11 12:54:08.035904
0.8099480326651819,0.49958728757448684,0.9382608695652174,-0.0010857637215561714,0.8536392405063291,0.2390668240669434,0.8939519469759735,0.0029947976612494376,0.003185321568128119,0.0028432623637136833,0.03511671142325967,0.0,2026-03-11 12:54:08.046043
0.8100890207715133,0.4996141073531292,0.9383145091225021,-0.0010152637655269703,0.8537549407114624,0.23907365759040652,0.8940397350993378,0.0029175431941235175,0.003103152303888801,0.0029286832103733174,0.03511671142325967,0.0,2026-03-11 12:54:08.064296
0.810229799851742,0.49964088056965594,0.9383680555555556,-0.0009448782382369546,0.8538704581358609,0.2390804790553027,0.8941273779983457,0.002840478541413116,0.003021184929733578,0.003013863773357439,0.03511671142325967,0.0,2026-03-11 12:54:08.078134
0.8103703703703704,0.49966760734521726,0.9384215091066782,-0.000874606861319853,0.8539857932123125,0.2390872884935302,0.8942148760330578,0.0027636030044148052,0.0029394187025088003,0.0030988050650971877,0.03511671142325967,0.0,2026-03-11 12:54:08.097510
0.8097705403404886,0.49951378485636944,0.9384215091066782,-0.0012804134235776233,0.8533123028391167,0.23848276846546002,0.8938455183808345,0.0026869158878504162,0.002857852882703682,0.0030988050650971877,0.03436988543371522,0.0,2026-03-11 12:54:08.114946
0.8099112426035503,0.4995404653116958,0.938474870017331,-0.0012102211823284167,0.8534278959810875,0.23848954872181552,0.8939331407346265,0.002798507462686617,0.0029761904761905766,0.0029551578626264563,0.03436988543371522,0.0,2026-03-11 12:54:08.131527
0.8100517368810052,0.49956709956709955,0.9385281385281385,-0.0011401425178144318,0.8535433070866142,0.2384963170452106,0.8940206185567011,0.002909683426443155,0.0030940594059405413,0.0028121591802571233,0.03436988543371522,0.0,2026-03-11 12:54:08.150172
0.810192023633678,0.4995936877424767,0.9385813148788927,-0.001070177154593948,0.8536585365853658,0.23850307346712793,0.8941079522043676,0.002833184038438241,0.003012712531963002,0.0028968622075039585,0.03436988543371522,0.0,2026-03-11 12:54:08.168218
0.8103321033210332,0.4996202299573086,0.9386343993085566,-0.0010003248181164597,0.8537735849056604,0.23850981801893958,0.8941951420337587,0.002756871690501872,0.0029315645500980203,0.0029813279713690743,0.03436988543371522,0.0,2026-03-11 12:54:08.179973
0.81047197640118,0.4996467263306642,0.9386873920552677,-0.0009305852347140411,0.8538884524744698,0.23851655073190736,0.8942821883998355,0.002867634360713023,0.003048986731351011,0.0028389734272087352,0.03436988543371522,0.0,2026-03-11 12:54:08.196854
0.810611643330877,0.4996731769812012,0.9387402933563417,-0.0008609581316061447,0.8540031397174255,0.23852327163718334,0.8943690916563913,0.0027915083677165775,0.0029680464463073264,0.0029232029232029166,0.03436988543371522,0.0,2026-03-11 12:54:08.220605
0.8107511045655376,0.49969958202716824,0.9387931034482758,-0.0007914432368873459,0.8541176470588235,0.2385299807658105,0.8944558521560574,0.002715568047873873,0.00288730357659317,0.0030071971412753973,0.03436988543371522,0.0,2026-03-11 12:54:08.238765
0.8108903605592347,0.4997259415864067,0.9388458225667528,-0.0007220402795332322,0.85423197492163,0.23853667814872295,0.8945424702503078,0.0028259197248744483,0.00300428152210519,0.00286548239281903,0.03436988543371522,0.0,2026-03-11 12:54:08.255899
0.8110294117647059,0.4997522557763522,0.9388984509466437,-0.0006527489893845111,0.8543461237274863,0.23854336381674657,0.8946289462894629,0.0029358626919603337,0.0031207989245247703,0.0027244031365082355,0.03436988543371522,0.0,2026-03-11 12:54:08.275135
0.8111682586333578,0.4997785247140363,0.938950988822012,-0.0005835690971557468,0.8544600938967136,0.2385500378005994,0.8947152806226957,0.00286010736680653,0.0030402716103848926,0.0028081630610853336,0.03436988543371522,0.0,2026-03-11 12:54:08.294266
0.8105726872246696,0.49962624817985024,0.938950988822012,-0.000985614584817361,0.8537920250195465,0.23794991096861245,0.8943488943488943,0.002784536361178702,0.002959940226449853,0.0028081630610853336,0.03363728470111449,0.0,2026-03-11 12:54:08.318712
0.8107116654438739,0.49965247198190266,0.9390034364261168,-0.0009165120171225638,0.85390625,0.2379565565382993,0.8944353518821605,0.002894072884763288,0.0030760185278132512,0.002667715031872131,0.03363728470111449,0.0,2026-03-11 12:54:08.340136
0.8108504398826979,0.49967865076455237,0.9390557939914163,-0.0008475202921387994,0.8540202966432474,0.23796319051417048,0.8945216680294358,0.002818685526779774,0.002995891689563601,0.002751241641896107,0.03363728470111449,0.0,2026-03-11 12:54:08.363724
0.810989010989011,0.49970478464362983,0.9391080617495712,-0.0007786391433832218,0.8541341653666147,0.23796981292654695,0.8946078431372548,0.0027434811478205257,0.002915959333931073,0.002834535910863023,0.03363728470111449,0.0,2026-03-11 12:54:08.383269
0.8111273792093704,0.4997308737345683,0.9391602399314481,-0.0007098683052315169,0.8542478565861262,0.23797642380564407,0.8946938775510204,0.002852613477591137,0.003031600989910621,0.0026947148817803024,0.03363728470111449,0.0,2026-03-11 12:54:08.398565
0.811265544989027,0.49975691815240586,0.9392123287671232,-0.0006412075129099769,0.8543613707165109,0.23798302318157194,0.8947797716150081,0.0027775914122777356,0.0029518716577540127,0.002777777777777768,0.03363728470111449,0.0,2026-03-11 12:54:08.422787
0.8114035087719298,0.4997829180117869,0.9392643284858854,-0.000572656502486325,0.8544747081712062,0.23798961108433597,0.8948655256723717,0.0027027509984542952,0.0028723353748278946,0.0028606102635229114,0.03363728470111449,0.0,2026-03-11 12:54:08.440951
0.8115412710007305,0.4998088734269639,0.9393162393162393,-0.0005042150108775789,0.854587869362364,0.23799618754383728,0.8949511400651466,0.0028114813675259587,0.002987542823026601,0.0027214120452601076,0.03363728470111449,0.0,2026-03-11 12:54:08.459840
0.8116788321167884,0.49983478451179897,0.9393680614859095,-0.000435882775837255,0.8547008547008547,0.2380027525898731,0.8950366151342555,0.002736821946238921,0.002908208056375261,0.0028040150781361017,0.03363728470111449,0.0,2026-03-11 12:54:08.484925
0.811816192560175,0.49986065137976576,0.939419795221843,-0.00036765953595725313,0.8548136645962733,0.23800930625213737,0.8951219512195122,0.002662342861718403,0.0028290649195951145,0.0028863896102295783,0.03363728470111449,0.0,2026-03-11 12:54:08.503926
0.8119533527696793,0.4998864741439508,0.9394714407502132,-0.0002995450306608547,0.8549262994569433,0.2380158485602209,0.8952071486596264,0.002770673486786057,0.0029438405797101996,0.002747810050714561,0.03363728470111449,0.0,2026-03-11 12:54:08.525286
0.8120903131828113,0.4999122529170555,0.9395229982964225,-0.00023153900020334326,0.8550387596899225,0.2380223795436122,0.8952922077922078,0.0028786065682755435,0.0030581687713648886,0.002609845034700853,0.03363728470111449,0.0,2026-03-11 12:54:08.543865
0.8122270742358079,0.4999379878113974,0.9395744680851064,-0.0001636411856643178,0.855151045701007,0.23802889923169762,0.8953771289537713,0.0029861442904921542,0.0031720521062426066,0.002472490483359624,0.03363728470111449,0.0,2026-03-11 12:54:08.569068
0.8123636363636364,0.49996367893891225,0.939625850340136,-9.585132895059489e-05,0.8552631578947368,0.23803540765376194,0.8954619124797407,0.002911844890131965,0.0030931270622802653,0.002554637461497089,0.03363728470111449,0.0,2026-03-11 12:54:09.015878
0.8125,0.4999893264111552,0.9396771452846219,-2.8169172784285954e-05,0.8553750966744006,0.2380419048389888,0.8955465587044534,0.0028377245244715077,0.003014392199146787,0.0026365578272810053,0.03363728470111449,0.0,2026-03-11 12:54:09.017130
0.8126361655773421,0.5000149303393027,0.9397283531409168,3.940553929320343e-05,0.8554868624420402,0.23804839081646098,0.8956310679611651,0.002763782547176019,0.002935846830268707,0.0027182525171262073,0.03363728470111449,0.0,2026-03-11 12:54:09.024432
0.8120464441219158,0.49986417657045845,0.9397283531409168,-0.0003587705382120489,0.8548262548262548,0.2374525240726133,0.8952689041649818,0.0028709270784521568,0.0030493147804142584,0.0027182525171262073,0.034085213032581385,0.0,2026-03-11 12:54:09.025744
0.8121827411167513,0.4998897370653096,0.9397794741306191,-0.0002912700213124638,0.8549382716049383,0.2374589826640322,0.8953535353535353,0.0029776805712929955,0.0031623429323034413,0.0025815043876452615,0.034085213032581385,0.0,2026-03-11 12:54:09.032288
0.8123188405797102,0.4999152542372881,0.9398305084745763,-0.00022387642021634539,0.8550501156515035,0.23746543013347135,0.8954380298748486,0.0029039163391352263,0.0030840041741203583,0.0026629743328140387,0.034085213032581385,0.0,2026-03-11 12:54:09.033678
0.8117306299782766,0.49976600050594483,0.9398305084745763,-0.0006186635752069181,0.8543913713405239,0.2368739835609525,0.8950766747376917,0.0030102809303628186,0.0031966039279868186,0.0026629743328140387,0.03452380952380951,0.0,2026-03-11 12:54:09.042386
0.8118668596237337,0.49979147446510036,0.9398814563928873,-0.0005513446683863005,0.8545034642032333,0.23688040390627346,0.8951612903225807,0.0031162587412586484,0.0033087689337688575,0.002526828618000465,0.03452380952380951,0.0,2026-03-11 12:54:09.043829
0.812002892263196,0.49981690532111017,0.939932318104907,-0.00048413215138253554,0.8546153846153847,0.23688681321449664,0.895245769540693,0.003221851877704851,0.0034205017044611763,0.0023912813458892845,0.03452380952380951,0.0,2026-03-11 12:54:09.054135
0.8121387283236994,0.49984229318328055,0.9399830938292477,-0.00041702577219356307,0.8547271329746349,0.23689321151406517,0.895330112721417,0.0033270624303232132,0.003531804733727717,0.002256328579357536,0.03452380952380951,0.0,2026-03-11 12:54:09.059272
0.8115523465703971,0.4996945172116536,0.9399830938292477,-0.0008084320570995808,0.8540706605222734,0.2363061146721355,0.8949698189134809,0.0032534753031646657,0.0034536891679748383,0.002256328579357536,0.0338050314465409,0.0,2026-03-11 12:54:09.066726
0.8116883116883117,0.4997198621889216,0.9400337837837838,-0.0007414005831614625,0.8541826554105909,0.23631248616158296,0.8950542822677925,0.0031800646439369418,0.003375760929717697,0.0023375747059957153,0.0338050314465409,0.0,2026-03-11 12:54:09.082956
0.8118240807498197,0.4997451643898567,0.940084388185654,-0.0006744747251654455,0.8542944785276073,0.23631884672611206,0.8951386098834874,0.0032848946882276797,0.003486654054875027,0.0022032125423809834,0.0338050314465409,0.0,2026-03-11 12:54:09.094170
0.8119596541786743,0.49977042392266213,0.9401349072512648,-0.0006076542336928581,0.8544061302681992,0.23632519639380437,0.895222802087515,0.003389346284704997,0.00359712230215814,0.0020694371131052547,0.0338050314465409,0.0,2026-03-11 12:54:09.099948
0.8120950323974082,0.49979564089517625,0.9401853411962932,-0.0005409388601098116,0.8545176110260337,0.23633153519264513,0.8953068592057762,0.0034934214790329765,0.0037071681087252895,0.001936244583303437,0.0338050314465409,0.0,2026-03-11 12:54:09.108866
0.8122302158273381,0.4998208154148748,0.9402356902356902,-0.00047432835656194467,0.854628921193573,0.2363378631505241,0.8953907815631262,0.00342018665371957,0.0036294523763180653,0.002017267812474799,0.0338050314465409,0.0,2026-03-11 12:54:09.117282
0.8123652048885693,0.4998459475888716,0.9402859545836838,-0.0004078224759785941,0.8547400611620795,0.2363441802952355,0.8954745694833799,0.0035238874768448447,0.003739086712072015,0.0018846543806285698,0.0338050314465409,0.0,2026-03-11 12:54:09.125706
0.8125,0.4998710375239205,0.9403361344537815,-0.00034142097205858043,0.8548510313216195,0.23635048665447847,0.8955582232893158,0.0034508278544628235,0.003661565433361269,0.0019654556283501545,0.0338050314465409,0.0,2026-03-11 12:54:09.134234
0.8126346015793252,0.4998960853264167,0.9403862300587741,-0.00027512359927725624,0.8549618320610687,0.2363567822558579,0.895641743302679,0.0033779428070447315,0.0035842293906810374,0.002046035805626567,0.0338050314465409,0.0,2026-03-11 12:54:09.136796
0.8127690100430416,0.4999210911023988,0.9404362416107382,-0.00020893011287753335,0.855072463768116,0.23636306712688435,0.895725129844187,0.003305231709620382,0.0035070779208948855,0.0021263958184841725,0.0338050314465409,0.0,2026-03-11 12:54:09.144612
0.8129032258064516,0.4999460549575494,0.9404861693210393,-0.00014284026886975083,0.8551829268292683,0.23636934129497456,0.895808383233533,0.003408560177905029,0.003616320036367804,0.00199435771606038,0.0338050314465409,0.0,2026-03-11 12:54:09.154433
0.8130372492836676,0.49997097699719717,0.940536013400335,-7.685382402616755e-05,0.8552932216298553,0.23637560478745215,0.8958915037893898,0.003511518293256688,0.003725146782580291,0.0018628912071534387,0.0338050314465409,0.0,2026-03-11 12:54:09.165667
0.8131710808876164,0.49999585732631835,0.9405857740585774,-1.097053588313108e-05,0.8554033485540334,0.2363818576315476,0.895974491829414,0.003614108043258235,0.003833560524063251,0.001731992588133946,0.0338050314465409,0.0,2026-03-11 12:54:09.174617
0.8133047210300429,0.500020696049538,0.9406354515050167,5.480983726926222e-05,0.8555133079847909,0.23638809985439893,0.8960573476702508,0.00354157027383728,0.003756618184203142,0.001812133337654953,0.0338050314465409,0.0,2026-03-11 12:54:09.183646
0.8134381701215153,0.5000454932711316,0.9406850459482038,0.0001204875363850788,0.8556231003039514,0.23639433148305197,0.8961400716275368,0.0034692052133912243,0.0036798590403903653,0.0018920557200110544,0.0338050314465409,0.0,2026-03-11 12:54:09.195239
0.8135714285714286,0.5000702490950264,0.9407345575959933,0.00018606280166822082,0.8557327258921792,0.23640055254446074,0.8962226640159047,0.0035714285714285587,0.0037878787878787845,0.0017617213191768455,0.0338050314465409,0.0,2026-03-11 12:54:09.203023
0.8129907209136331,0.4999239290443021,0.9407345575959933,-0.0002016414705665472,0.855083459787557,0.23581756632395995,0.8958664546899842,0.003673287496816946,0.0038954901431271782,0.0017617213191768455,0.03423458471114571,0.0,2026-03-11 12:54:09.213374
0.8131241084165478,0.4999486435740786,0.9407839866555463,-0.00013613814209562666,0.8551933282789992,0.23582376152925236,0.8959491660047656,0.003601094529261273,0.0038189301151523303,0.0018414262256626346,0.03423458471114571,0.0,2026-03-11 12:54:09.222582
0.8132573057733429,0.4999733169129721,0.9408333333333333,-7.073675046247921e-05,0.8553030303030303,0.23582994624686243,0.8960317460317461,0.0035290730414385685,0.0037425519399755247,0.00192091454272858,0.03423458471114571,0.0,2026-03-11 12:54:09.232058
0.8133903133903134,0.49999794916387413,0.9408825978351374,-5.437057899111464e-06,0.8554125662376987,0.23583612050340547,0.8961141950832673,0.0034572224231006476,0.0036663549704337717,0.002000187152014221,0.03423458471114571,0.0,2026-03-11 12:54:09.241615
0.8135231316725978,0.5000225404293337,0.9409317803660566,5.976117262254293e-05,0.8555219364599093,0.23584228432540671,0.8961965134706816,0.003385542066891456,0.0035903385624311834,0.002079244930380253,0.03423458471114571,0.0,2026-03-11 12:54:09.251050
0.813655761024182,0.500047090811559,0.940980881130507,0.00012485817739588372,0.8556311413454271,0.2358484377393019,0.8962787015043547,0.0033140313683300837,0.0035145020749209888,0.0021580887499416113,0.03423458471114571,0.0,2026-03-11 12:54:09.266595
0.8130774697938877,0.4999022052711359,0.940980881130507,-0.00025949803349196993,0.8549848942598187,0.23526966769451738,0.8959240205777602,0.003242689725793668,0.0034388448698869922,0.0021580887499416113,0.033529241738125104,0.0,2026-03-11 12:54:09.276234
0.8132102272727273,0.4999267148719953,0.9410299003322259,-0.00019447265498404942,0.8550943396226415,0.23527579565170467,0.8960063266113089,0.0033441861639029735,0.0035460992907800915,0.0020283149271755896,0.033529241738125104,0.0,2026-03-11 12:54:09.286027
0.8133427963094393,0.4999511837930193,0.9410788381742738,-0.00012954801238277886,0.8552036199095022,0.23528191327880207,0.8960885025681549,0.003273012978609824,0.0034706288565635734,0.0021069456553327592,0.033529241738125104,0.0,2026-03-11 12:54:09.310610
0.8134751773049645,0.4999756121354014,0.9411276948590381,-6.472387178185304e-05,0.8553127354935945,0.2352880206019145,0.8961705487564152,0.0032020076546027676,0.0033953364186543045,0.0021853641548038594,0.033529241738125104,0.0,2026-03-11 12:54:09.327599
0.813607370659107,0.5022711645026898,0.9411276948590381,0.006015980114587892,0.8553127354935945,0.24429749989403413,0.8961705487564152,0.004309025900263608,0.004569193501788971,0.0021853641548038594,0.04209621993127155,0.0,2026-03-11 12:54:09.345644
0.8137393767705382,0.5022955523672884,0.9411764705882353,0.006080914706606308,0.8554216867469879,0.2443038304028364,0.8962524654832347,0.004236968808875807,0.004492785793562604,0.002263571283656507,0.04209621993127155,0.0,2026-03-11 12:54:09.363993
0.8131634819532909,0.50214163335237,0.9411764705882353,0.005677547299566655,0.8547780285929271,0.24371013856436785,0.8958990536277603,0.0043381046912548404,0.004599534729145871,0.002263571283656507,0.04251700680272108,0.0,2026-03-11 12:54:09.382260
0.8125884016973126,0.5019892014776925,0.9411764705882353,0.0052774370981536305,0.8541353383458646,0.24312075405327915,0.8955459203783995,0.004438881935753036,0.004705882352941226,0.002263571283656507,0.04292929292929293,0.0,2026-03-11 12:54:09.415304
0.8127208480565371,0.5020135489650318,0.9412251655629139,0.005342330943342958,0.8542449286250939,0.24312704331262996,0.8956282000787712,0.004539302446642357,0.004811830923739047,0.0021343544300869155,0.04292929292929293,0.0,2026-03-11 12:54:09.433416
0.8121468926553672,0.5016242912456096,0.9404466501240695,0.004298380573223085,0.8542449286250939,0.24302647369371994,0.8952755905511811,0.005642502833730245,0.005981264729939206,0.0008664560215805306,0.04292929292929293,0.0,2026-03-11 12:54:09.455773
0.8115737473535639,0.5012356769273766,0.9396694214876034,0.003261525329511861,0.8542449286250939,0.24292602877366437,0.8949232585596222,0.003975784049528142,0.004221939534771013,0.0028791201823731294,0.04292929292929293,0.0,2026-03-11 12:54:09.476767
0.811706629055007,0.5012605863322124,0.9397192402972749,0.0033274541290442216,0.8543543543543544,0.24293246833895793,0.8950058985450255,0.0039026858441579826,0.004144315549331035,0.0029587161244273297,0.04292929292929293,0.0,2026-03-11 12:54:09.501587
0.8118393234672304,0.5012854546324198,0.9397689768976898,0.0033932813030194543,0.854463615903976,0.24293889710763533,0.8950884086444008,0.0040055145688947524,0.004253046368096092,0.002826027019575461,0.04292929292929293,0.0,2026-03-11 12:54:09.532948
0.8119718309859155,0.501310281929659,0.9398186314921682,0.0034590070862334306,0.8545727136431784,0.24294531510683298,0.8951707891637221,0.003932587754393091,0.004175612840338738,0.0029054092812481613,0.04292929292929293,0.0,2026-03-11 12:54:09.552251
0.8121041520056298,0.5013350683252553,0.9398682042833608,0.0035246317127551477,0.854681647940075,0.24295172236359655,0.8952530404080031,0.0040350544061555915,0.004283945612516549,0.002773286014796539,0.04292929292929293,0.0,2026-03-11 12:54:09.589622
0.8115330520393812,0.5009482912864556,0.9390946502057613,0.0024970553592470446,0.854681647940075,0.2428517216504227,0.8949019607843138,0.002379691649651683,0.002530924390003353,0.004769384549478728,0.04292929292929293,0.0,2026-03-11 12:54:09.617209
0.8109627547434997,0.5007973251028807,0.9390946502057613,0.0021011853709529313,0.8540419161676647,0.24226724012515616,0.8945511564092512,0.002484523148433837,0.0026421234974016716,0.004769384549478728,0.043333333333333335,0.0,2026-03-11 12:54:09.645308
0.8110955056179775,0.5008223684210527,0.9391447368421053,0.00216729879548184,0.8541510845175767,0.24227370070362897,0.8946337641989816,0.0024117671227248394,0.0025647523506588943,0.004848553990074667,0.043333333333333335,0.0,2026-03-11 12:54:09.684074
0.8105263157894737,0.5006728468899522,0.9391447368421053,0.0017746228926349044,0.8535127055306427,0.241693403581224,0.8942834768989821,0.002516231435871985,0.002675545902947718,0.004848553990074667,0.04372937293729373,0.0,2026-03-11 12:54:12.182327
0.8106591865357644,0.5006978490523013,0.9391947411668036,0.0018406657506543267,0.8536221060492906,0.2416998379220054,0.8943661971830985,0.0024436455996968975,0.0025983643155064184,0.00492751146429693,0.04372937293729373,0.0,2026-03-11 12:54:12.220255
0.810791871058164,0.5007228101601967,0.9392446633825944,0.0019066073269678073,0.8537313432835821,0.24170626152650312,0.8944487881157154,0.002371229356596949,0.0025213630588768465,0.005006257822277815,0.04372937293729373,0.0,2026-03-11 12:54:12.236451
0.8109243697478992,0.5007477303146748,0.9392945036915504,0.0019724478543807567,0.8538404175988069,0.2417126744215732,0.8945312500000001,0.0024753284099078288,0.002631761803842503,0.004870738104158834,0.04372937293729373,0.0,2026-03-11 12:54:12.244977
0.8110566829951015,0.5007726096164405,0.9393442622950819,0.0020381875649857386,0.8539493293591655,0.2417190766339823,0.8946135831381733,0.002579064115737828,0.002741750905969953,0.004735792622133639,0.04372937293729373,0.0,2026-03-11 12:54:12.271237
0.8111888111888111,0.5007974481658692,0.9393939393939394,0.002103826690169179,0.8540580789277736,0.24172546819040777,0.8946957878315134,0.0025068168720383532,0.0026649463222225833,0.004814328709465743,0.04372937293729373,0.0,2026-03-11 12:54:12.281330
0.8113207547169812,0.5008222460630075,0.939443535188216,0.002169365460602305,0.8541666666666666,0.24173184911743825,0.8947778643803584,0.0024347380368322513,0.00258832077013893,0.004892655367231713,0.04372937293729373,0.0,2026-03-11 12:54:12.296983
0.8114525139664804,0.5008470034075749,0.9394930498773508,0.002234804106258451,0.8542750929368029,0.241738219441574,0.8948598130841121,0.002362827021964331,0.0025118736244630346,0.004970773432034226,0.04372937293729373,0.0,2026-03-11 12:54:12.306587
0.8115840893230984,0.5030798582720087,0.9394930498773508,0.008111281449161373,0.8542750929368029,0.2502655988980974,0.8948598130841121,0.0007240410005961984,0.0007710566499855576,0.004970773432034226,0.03431372549019607,0.0,2026-03-11 12:54:12.324468
0.8117154811715481,0.5031045751633987,0.9395424836601307,0.008176815960161832,0.8543833580980683,0.2502721829875267,0.8949416342412452,0.0008300855393025275,0.000883887379812931,0.004836398544013298,0.03431372549019607,0.0,2026-03-11 12:54:12.350402
0.8118466898954704,0.5031292517006803,0.9395918367346939,0.008242250492743344,0.8544914625092799,0.25027875615463835,0.8950233281493003,0.0007583417593528541,0.000807493540051607,0.0049143088480051444,0.03431372549019607,0.0,2026-03-11 12:54:12.361590
0.8119777158774373,0.5031538879825993,0.9396411092985318,0.00830758527552048,0.8545994065281899,0.2502853184265951,0.8951048951048951,0.0006867646316215392,0.0007312771540414209,0.004992012218918651,0.03431372549019607,0.0,2026-03-11 12:54:12.377909
0.8114126652748782,0.5027709861450693,0.9388753056234719,0.007280458240606724,0.8545994065281899,0.2501833068803049,0.894757281553398,0.0017754463835367718,0.0018905216120993495,0.0037432495331453097,0.03431372549019607,0.0,2026-03-11 12:54:12.397300
0.8115438108484005,0.5027958740499457,0.9389250814332247,0.007346235945611236,0.85470719051149,0.2501899387043405,0.8948389600310438,0.0017028565670814677,0.0018132269001330803,0.0038222981392549427,0.03431372549019607,0.0,2026-03-11 12:54:12.411720
0.8116747741487144,0.5028207214537564,0.9389747762408462,0.0074119135310688105,0.8548148148148148,0.25019655956079095,0.8949205118262893,0.001630434782608714,0.0017361111111111605,0.003901137622067896,0.03431372549019607,0.0,2026-03-11 12:54:12.439692
0.8118055555555556,0.5028455284552845,0.9390243902439024,0.007477491225393626,0.8549222797927462,0.2502031694768477,0.8950019372336304,0.0015581804473485672,0.0016591736244915278,0.0039797688103424544,0.03431372549019607,0.0,2026-03-11 12:54:12.460759
0.8119361554476058,0.5028702951529922,0.9390739236393176,0.007542969256300582,0.8550295857988166,0.2502097684796123,0.8950832365466512,0.0014860929812230417,0.001582413822598605,0.004058192528463178,0.03431372549019607,0.0,2026-03-11 12:54:12.483776
0.8120665742024965,0.5028950216450216,0.9391233766233766,0.007608347850819278,0.8551367331855136,0.25021635659609687,0.895164410058027,0.0014141718068301223,0.0015058310906062022,0.004136409596470325,0.03431372549019607,0.0,2026-03-11 12:54:13.403563
0.8121968121968122,0.502919708029197,0.9391727493917275,0.007673627235286469,0.8552437223042836,0.2502229338532245,0.8952454580595283,0.0013424163494289987,0.0014294248165216406,0.004214420830087939,0.03431372549019607,0.0,2026-03-11 12:54:13.423910
0.8123268698060941,0.5029443544030254,0.9392220421393841,0.007738807635353713,0.855350553505535,0.25022950027782953,0.8953263808420239,0.0012708260369239666,0.001353194391168988,0.004292227040752605,0.03431372549019607,0.0,2026-03-11 12:54:13.440989
0.8124567474048443,0.5029689608636977,0.9392712550607287,0.007803889275986884,0.855457227138643,0.2502360558966578,0.8954071786954844,0.0011994002998501063,0.0012771392081737387,0.004369829035641204,0.03431372549019607,0.0,2026-03-11 12:54:13.452787
0.8125864453665284,0.5029935275080907,0.9393203883495146,0.007868872381473867,0.8555637435519529,0.25024260073636734,0.8954878519089857,0.0013050766283525528,0.001389508572885556,0.004236021130270107,0.03431372549019607,0.0,2026-03-11 12:54:13.462275
0.8127159640635798,0.5030180544327675,0.9393694421988682,0.007933757175421245,0.8556701030927835,0.2502491348235285,0.8955684007707129,0.001410386661088836,0.001501463290494942,0.004102776626605853,0.03431372549019607,0.0,2026-03-11 12:54:13.471794
0.8128453038674033,0.5030425417339796,0.9394184168012925,0.007998543880759717,0.8557763061074319,0.25025565818462425,0.895648825567963,0.0015153322992482732,0.0016130056518701696,0.003970091973797385,0.03431372549019607,0.0,2026-03-11 12:54:13.487417
0.8129744651483782,0.5030669895076675,0.9394673123486683,0.00806323271974901,0.8558823529411764,0.25026217084605074,0.8957291265871489,0.0014440705707554624,0.0015371506259607148,0.004047490555855404,0.03431372549019607,0.0,2026-03-11 12:54:13.498600
0.8131034482758621,0.5030913978494624,0.9395161290322581,0.008127823913976368,0.8559882439382807,0.2502686728341175,0.8958093041138024,0.0013729722865940541,0.0014614695794684662,0.004124686523824139,0.03431372549019607,0.0,2026-03-11 12:54:13.514368
0.8132322536181944,0.5031157668546871,0.9395648670427075,0.008192317684358599,0.856093979441997,0.25027516417504786,0.8958893584325778,0.0013020368850996666,0.0013859619145260016,0.004201680672268893,0.03431372549019607,0.0,2026-03-11 12:54:13.521165
0.8126721763085399,0.5029577889715907,0.9395648670427075,0.007783098266012326,0.855465884079237,0.2496813907070227,0.8955453149001537,0.0014066200167369702,0.001497119466343233,0.004201680672268893,0.03478964401294504,0.0,2026-03-11 12:54:13.721817
0.8128011011699932,0.5029821187352611,0.9396135265700483,0.007847528003575214,0.8555718475073314,0.249687856051559,0.8956254796623176,0.0013358469388158323,0.0014217929734823276,0.004278473791605397,0.03478964401294504,0.0,2026-03-11 12:54:13.723237
0.81292984869326,0.5030064093520873,0.9396621078037007,0.007911860767304942,0.8556776556776556,0.24969431082628477,0.8957055214723926,0.001265235627929906,0.0013466386554621401,0.004355066668127461,0.03478964401294504,0.0,2026-03-11 12:54:13.727691
0.8123711340206186,0.5028499218263787,0.9396621078037007,0.007505890524937713,0.8550512445095169,0.24910471304756268,0.8953622077424301,0.001194785530082565,0.0012716559226430002,0.004355066668127461,0.03402511801906116,0.0,2026-03-11 12:54:13.729245
0.8125,0.5028741733907662,0.9397106109324759,0.0075701587935685264,0.8551572787125091,0.24911114206176013,0.8954423592493297,0.0012990080302315299,0.0013824305642831103,0.0042229383451001246,0.03402511801906116,0.0,2026-03-11 12:54:13.733762
0.8119423472889499,0.5027191552314961,0.9397106109324759,0.007167371300671201,0.85453216374269,0.24852568615941453,0.8950995405819295,0.0012287185939527934,0.0013076271275094253,0.0042229383451001246,0.03327449249779346,0.0,2026-03-11 12:54:13.735418
0.8120713305898491,0.5027433678375474,0.9397590361445783,0.0072315743957529904,0.8546384222059897,0.24853208959568696,0.8951798010711552,0.0011585892702852263,0.0012329940858081256,0.004299331761006275,0.03327449249779346,0.0,2026-03-11 12:54:13.746986
0.8122001370801919,0.5027675415790623,0.9398073836276083,0.007295681195121019,0.8547445255474453,0.24853848258898703,0.8952599388379204,0.0010886195127692844,0.0011585308576260722,0.004375526494426296,0.03327449249779346,0.0,2026-03-11 12:54:13.752192
0.8116438356164384,0.5026139721876359,0.9398073836276083,0.006896074085800274,0.8541210795040116,0.24795710522530442,0.8949178448605273,0.0011924832435544763,0.001268924477115685,0.004375526494426296,0.03374125874125866,0.0,2026-03-11 12:54:13.757454
0.811772758384668,0.5026381071581141,0.9398556535685646,0.006960115276908894,0.8542274052478134,0.24796347287114148,0.8949980908743795,0.0011226725082147393,0.001194638694638761,0.00445152331944787,0.03374125874125866,0.0,2026-03-11 12:54:13.759706
0.8119015047879617,0.5026622034507549,0.9399038461538461,0.007024060618334535,0.8543335761107065,0.24796983014929522,0.8950782144219764,0.001053020253545478,0.001120521551849718,0.004527323006142447,0.03374125874125866,0.0,2026-03-11 12:54:13.765137
0.8120300751879699,0.5026862611584595,0.9399519615692554,0.0070879103251013445,0.8544395924308588,0.24797617708507202,0.895158215783454,0.0009835259404966656,0.0010465724751438366,0.0046029263205917825,0.03374125874125866,0.0,2026-03-11 12:54:13.770584
0.8121584699453552,0.5027102803738317,0.94,0.007151664611590228,0.8545454545454545,0.24798251370369592,0.8952380952380952,0.000914189032460544,0.0009727908935156515,0.004678334024913133,0.03374125874125866,0.0,2026-03-11 12:54:13.778135
0.8122866894197952,0.5027342611891795,0.9400479616306955,0.007215323691544595,0.8546511627906976,0.24798884003030905,0.8953178530643319,0.0008450089952570794,0.0008991762385427426,0.004753546877285353,0.03374125874125866,0.0,2026-03-11 12:54:13.787990
0.8124147339699863,0.5027582036965155,0.9400958466453674,0.007278887778067494,0.8547567175018156,0.24799515608997175,0.895397489539749,0.0007759852971207515,0.0008257279443720789,0.00482856563197398,0.03374125874125866,0.0,2026-03-11 12:54:13.794972
0.8118609406952966,0.5026060628575674,0.9400958466453674,0.006882545413517055,0.8541364296081277,0.2474177509850274,0.8950570342205323,0.0008794921078688622,0.0009357667399993996,0.00482856563197398,0.03419913419913412,0.0,2026-03-11 12:54:13.802085
0.8119891008174387,0.5026299671486107,0.9401436552274541,0.006946044382135437,0.8542422044960116,0.24742404212093483,0.8951367781155015,0.0008106242194347857,0.0008624923139141094,0.004903391039356775,0.03419913419913412,0.0,2026-03-11 12:54:13.812265
0.8121170864533697,0.502653833314788,0.9401913875598086,0.00700944879575649,0.8543478260869565,0.2474303230635574,0.8952164009111617,0.0007419116137254989,0.0007893831063769952,0.004978023845948365,0.03419913419913412,0.0,2026-03-11 12:54:13.824824
0.8122448979591836,0.5026776614472344,0.9402390438247012,0.007072758865422071,0.8544532947139754,0.2474365938376548,0.8952959028831563,0.0006733537661373079,0.000716438559217436,0.005052464794425338,0.03419913419913412,0.0,2026-03-11 12:54:13.841325
0.8116927260367097,0.5025269293197581,0.9402390438247012,0.0066795544688409494,0.85383502170767,0.24686315947738446,0.8949563898369359,0.0007765054934866233,0.0008260998224501881,0.005052464794425338,0.03464837049742708,0.0,2026-03-11 12:54:13.851854
0.8118206521739131,0.5025507195093183,0.9402866242038217,0.006742799236075849,0.853940708604483,0.24686940559862428,0.8950359984842744,0.0007081018817758356,0.0007533273669257934,0.005126714623650663,0.03464837049742708,0.0,2026-03-11 12:54:13.866789
0.811948404616429,0.5025744718465482,0.9403341288782816,0.00680595009456769,0.8540462427745664,0.24687564162406955,0.895115486558122,0.0006398519860465468,0.0006807184450093873,0.005200774068698566,0.03464837049742708,0.0,2026-03-11 12:54:13.878515
0.8120759837177748,0.5025981864217158,0.9403815580286169,0.0068690072533211,0.8541516245487365,0.2468818675781837,0.8951948543321983,0.0005717552887363198,0.000608272506082641,0.005274643860878281,0.03464837049742708,0.0,2026-03-11 12:54:13.901271
0.8122033898305084,0.5026218633248022,0.9404289118347895,0.006931970920722443,0.8542568542568543,0.24688808348535107,0.8952741020793952,0.0006745537567455218,0.0007175580946072735,0.00514306837602263,0.03464837049742708,0.0,2026-03-11 12:54:13.912504
0.8123306233062331,0.5026455026455027,0.9404761904761905,0.006994841304538311,0.8543619322278299,0.24689428936987742,0.8953532300717794,0.0006066097426131734,0.0006452824948744995,0.005216749242902496,0.03464837049742708,0.0,2026-03-11 12:54:13.920683
0.8124576844955992,0.5026691044732282,0.9405233941316415,0.007057618611920986,0.8544668587896254,0.24690048525599018,0.8954322385805965,0.0007090567628683653,0.0007541785568691006,0.00508572313376654,0.03464837049742708,0.0,2026-03-11 12:54:13.931951
0.8125845737483085,0.5026926688971063,0.9405705229793978,0.007120303049410469,0.8545716342692584,0.24690667116783863,0.8955111278762732,0.000641264918980422,0.0006820726865518489,0.0051592157991985355,0.03464837049742708,0.0,2026-03-11 12:54:13.943370
0.8127112914131169,0.5027161960059823,0.9406175771971497,0.007182894822935943,0.8546762589928057,0.2469128471294943,0.8955898982284206,0.0007433622907023762,0.000790581310982974,0.005028735632183867,0.03464837049742708,0.0,2026-03-11 12:54:13.961211
0.8128378378378378,0.5027396858884201,0.9406645569620253,0.007245394137816669,0.8547807332854062,0.2469190131649515,0.8956685499058381,0.0008451118008511171,0.0008986967882239627,0.004898798002246241,0.03464837049742708,0.0,2026-03-11 12:54:13.972838
0.812964213369345,0.5027631386327038,0.9407114624505929,0.007307801198769933,0.8548850574712644,0.24692516929812725,0.895747083176515,0.0009465152242307262,0.0010064212510807469,0.004769399532598806,0.03464837049742708,0.0,2026-03-11 12:54:13.985736
0.8130904183535762,0.5027865543268387,0.9407582938388626,0.007370116209902654,0.8549892318736539,0.24693131555286182,0.8958254983076344,0.0010475743235920376,0.0011137568169597989,0.004640536874419898,0.03464837049742708,0.0,2026-03-11 12:54:13.997711
0.813216453135536,0.5028099330585518,0.9408050513022889,0.0074323393747264006,0.8550932568149211,0.24693745195291902,0.8959037955655769,0.0009799341393101901,0.0010418433358370116,0.004713842058562512,0.03464837049742708,0.0,2026-03-11 12:54:14.009770
0.8133423180592992,0.5028332749152938,0.9408517350157729,0.007494470896149049,0.8551971326164874,0.24694357852198653,0.8959819752159219,0.0009124451062780814,0.0009700905552306738,0.004786960477904834,0.03464837049742708,0.0,2026-03-11 12:54:14.028848
0.8134680134680135,0.5028565799842396,0.9408983451536643,0.007556510976483416,0.8553008595988538,0.24694969528367605,0.8960600375234521,0.0008451067184088723,0.0008984979370809665,0.004859892845289426,0.03464837049742708,0.0,2026-03-11 12:54:14.044319
0.8135935397039031,0.5028798483522893,0.9409448818897638,0.007618459817446599,0.8554044380816035,0.24695580226152378,0.896137982752156,0.0007779184718728072,0.0008270649457275958,0.004932639869936195,0.03464837049742708,0.0,2026-03-11 12:54:14.056337
0.8137188971082717,0.5029030801060699,0.940991345397325,0.007680317620162207,0.8555078683834049,0.2469618994789906,0.8962158111652305,0.0008786349980159924,0.0009340444123052682,0.004804309702080345,0.03464837049742708,0.0,2026-03-11 12:54:14.068470
0.8138440860215054,0.5029262753319357,0.9410377358490566,0.007742084585163255,0.8556111508220158,0.24696798695946245,0.8962935230250844,0.0009790106898912576,0.0010406390606577665,0.00467650873079295,0.03464837049742708,0.0,2026-03-11 12:54:14.087192
0.8132975151108126,0.5025566611387507,0.9402985074626866,0.00674738574794667,0.8556111508220158,0.2468709655505094,0.8959580838323354,-0.0006101419144898257,-0.0006496475060755458,0.006606846858152826,0.03464837049742708,0.0,2026-03-11 12:54:14.107012
0.8134228187919463,0.5025800918658062,0.9403453689167975,0.006809571764254056,0.8557142857142858,0.2468771171014255,0.8960359012715035,-0.0005075941728189814,-0.0005404009775253904,0.006475869428521519,0.03464837049742708,0.0,2026-03-11 12:54:14.120073
0.8135479543930249,0.50260348583878,0.9403921568627451,0.006871666594786724,0.8558172733761599,0.24688325884993317,0.8961136023916292,-0.0005746327796076756,-0.0006117724206595732,0.0065484318160498045,0.03464837049742708,0.0,2026-03-11 12:54:14.136252
0.8136729222520107,0.5026268431440846,0.9404388714733543,0.0069336704399629795,0.8559201141226819,0.24688939081944952,0.8961911874533234,-0.0004724303165282162,-0.0005029096917881226,0.006417991179162863,0.03464837049742708,0.0,2026-03-11 12:54:14.149455
0.8137977227059612,0.5026501638678617,0.9404855129209084,0.00699558349961047,0.8560228082679971,0.24689551303331697,0.896268656716418,-0.0005393197829237639,-0.000574114607628573,0.006490369631614978,0.03464837049742708,0.0,2026-03-11 12:54:14.165715
0.8132530120481928,0.5025008209765832,0.9404855129209084,0.006606323195058223,0.8554131054131054,0.24632597245230706,0.8959343528534128,-0.0004374608575354877,-0.0004656336497919078,0.006490369631614978,0.03508920985556496,0.0,2026-03-11 12:54:14.925669
0.8133779264214047,0.5025241052047049,0.9405320813771518,0.006668174944332537,0.8555160142348754,0.24633207083347183,0.8960119269474469,-0.0003359437406216248,-0.0003575401239472864,0.006360462494265473,0.03508920985556496,0.0,2026-03-11 12:54:14.926972
0.8135026737967914,0.5025473530227749,0.9405785770132916,0.006729936317858382,0.8556187766714083,0.24633815952784743,0.8960893854748603,-0.00023476671455169296,-0.0002498319582662223,0.006231085590129526,0.03508920985556496,0.0,2026-03-11 12:54:14.934369
0.8136272545090181,0.502570564516129,0.940625,0.0067916075135723425,0.8557213930348259,0.24634423855850118,0.8961667286937106,-0.000301507537688428,-0.00032085561497319226,0.006303280805993294,0.03508920985556496,0.0,2026-03-11 12:54:14.935741
0.8137516688918558,0.5025937397698371,0.9406713505074161,0.006853188728833694,0.8558238636363636,0.24635030794842722,0.8962439568612868,-0.00036810021249422675,-0.00039172161650458115,0.00637529348022392,0.03508920985556496,0.0,2026-03-11 12:54:14.946223
0.8138759172781854,0.5026168788687031,0.9407176287051482,0.006914680160423963,0.8559261887863733,0.24635636772054662,0.8963210702341136,-0.0002672615711267756,-0.00028438152941956396,0.00624644356958759,0.03508920985556496,0.0,2026-03-11 12:54:14.947694
0.814,0.502639981897267,0.9407638347622759,0.006976082004555868,0.8560283687943262,0.246362417897708,0.8963980690679539,-0.00016675961971390763,-0.00017742275703125365,0.006118117439075754,0.03508920985556496,0.0,2026-03-11 12:54:14.955269
0.8141239173884077,0.5026630489398051,0.940809968847352,0.007037394456866452,0.8561304039688165,0.24636845850268752,0.8964749536178108,-6.659267480579878e-05,-7.084327107009791e-05,0.005990311901385548,0.03508920985556496,0.0,2026-03-11 12:54:14.956847
0.8142476697736352,0.5026860800803313,0.9408560311284047,0.007098617712426089,0.8562322946175638,0.24637448955818939,0.896551724137931,3.324093584322618e-05,3.535894237483017e-05,0.005863023795021904,0.03508920985556496,0.0,2026-03-11 12:54:14.974903
0.8143712574850299,0.5027090754025987,0.9409020217729394,0.00715975196573518,0.8563340410474168,0.24638051108684603,0.8966283808818081,0.00013274287336706436,0.00014118588298051016,0.005736249984037545,0.03508920985556496,0.0,2026-03-11 12:54:14.982139
0.8144946808510638,0.5027320349900996,0.940947940947941,0.007220797410733824,0.8564356435643564,0.2463865231112183,0.8967049241021844,0.0002319147878808714,0.0002466395363177609,0.005609987357774959,0.03508920985556496,0.0,2026-03-11 12:54:14.990377
0.8146179401993355,0.5027549589260669,0.9409937888198758,0.007281754240794426,0.8565371024734982,0.24639252565379596,0.8967813540510544,0.00016546976867326535,0.00017597578573191885,0.005681818181818232,0.03508920985556496,0.0,2026-03-11 12:54:14.998691
0.8140770252324038,0.5026069861530572,0.9409937888198758,0.006895772100384472,0.8559322033898306,0.24582675561749417,0.896449704142012,9.917191451380702e-05,0.000105468544006726,0.005681818181818232,0.0343521091184642,0.0,2026-03-11 12:54:15.001032
0.8135368281353683,0.5024603647295727,0.9409937888198758,0.006512716924383756,0.8553281580804517,0.2452648651556301,0.8961182994454714,3.3020737022937396e-05,3.511729175453837e-05,0.005681818181818232,0.03362817089452608,0.0,2026-03-11 12:54:15.009591
0.8129973474801061,0.5023150762281198,0.9409937888198758,0.006132560530989949,0.8547249647390691,0.2447068101318416,0.8957871396895787,0.00013186426771383264,0.00014022186214635024,0.005681818181818232,0.034060846560846625,0.0,2026-03-11 12:54:15.018144
0.8131212723658051,0.5023379645955286,0.9410395655546936,0.006193512225879987,0.8548273431994362,0.24471276221285257,0.8958641063515509,0.0002303810429313824,0.00024495699643845015,0.005556063654655219,0.034060846560846625,0.0,2026-03-11 12:54:15.034677
0.8132450331125828,0.5023608174770966,0.9410852713178295,0.006254375729288226,0.8549295774647887,0.24471870492140016,0.8959409594095941,0.00016437605588792703,0.00017477594694581544,0.005627713316468719,0.034060846560846625,0.0,2026-03-11 12:54:15.044730
0.813368630046327,0.5023836349552848,0.941130906274206,0.006315151232480591,0.8550316678395496,0.24472463827960972,0.8960176991150443,9.851677521754976e-05,0.00010474982250718856,0.005699182500544797,0.034060846560846625,0.0,2026-03-11 12:54:15.054856
0.8134920634920635,0.5024064171122995,0.9411764705882353,0.006375838926174297,0.8551336146272855,0.2447305623095371,0.8960943257184967,3.28027189809843e-05,3.4878110691582975e-05,0.005770471887931339,0.034060846560846625,0.0,2026-03-11 12:54:15.071139
0.813615333773959,0.5024291640300921,0.9412219644238206,0.006436439000535282,0.8552354181307098,0.2447364770331688,0.8961708394698085,-3.2766592638400205e-05,-3.483969867534853e-05,0.005841582156254077,0.034060846560846625,0.0,2026-03-11 12:54:15.081386
0.8130779392338177,0.5020654770268371,0.9404945904173106,0.005459432608967673,0.8552354181307098,0.244641892883923,0.8958410011041591,0.001001918373655597,0.0010653086398271228,0.004657808835446753,0.034060846560846625,0.0,2026-03-11 12:54:15.103274
0.8132013201320132,0.5020884520884521,0.9405405405405406,0.0055204407074515875,0.8553370786516854,0.24464786909470485,0.8959176167708717,0.0009354282081555088,0.0009946117151741207,0.004730135197147711,0.034060846560846625,0.0,2026-03-11 12:54:15.110839
0.8133245382585752,0.5021113916947251,0.9405864197530864,0.005581360850740536,0.8554385964912281,0.24465383593729478,0.8959941198088938,0.000869084014478716,0.0009240699978200206,0.004802280516641777,0.034060846560846625,0.0,2026-03-11 12:54:15.121595
0.8134475939353988,0.5021342959276652,0.9406322282189669,0.0056421932289040235,0.8555399719495091,0.24465979343370897,0.8960705104663974,0.0009672756518241954,0.0010283667456235657,0.00467703102774053,0.034060846560846625,0.0,2026-03-11 12:54:15.129396
0.813570487483531,0.5021571648690293,0.940677966101695,0.005702938031468541,0.8556412053258584,0.2446657416058946,0.8961467889908257,0.0009010769498002391,0.0009579870729454765,0.004748995983935744,0.034060846560846625,0.0,2026-03-11 12:54:15.139400
0.8136932192231732,0.5021799986003219,0.9407236335642802,0.005763595447406807,0.8557422969187675,0.24467168047573024,0.8962229556288962,0.0008350232613622,0.0008877615726061716,0.0048207812523501925,0.034060846560846625,0.0,2026-03-11 12:54:15.153891
0.8138157894736842,0.5022027972027973,0.9407692307692308,0.005824165665156501,0.8558432470258922,0.2446776100650259,0.8962990106266031,0.0009328913677775219,0.0009917076361487531,0.004696033765408392,0.034060846560846625,0.0,2026-03-11 12:54:15.165138
0.8132807363576594,0.501841241003424,0.9400461183704842,0.00485633719751553,0.8558432470258922,0.24458355754951366,0.8959706959706959,0.001961074120670925,0.0020847145205731277,0.003520757225173532,0.034060846560846625,0.0,2026-03-11 12:54:15.176436
0.8134034165571616,0.5018642647674906,0.9400921658986175,0.004917308188146783,0.855944055944056,0.2445895478568557,0.8960468521229868,0.0020586202925255703,0.002188183807439792,0.003396508728179648,0.034060846560846625,0.0,2026-03-11 12:54:15.187041
0.8135259356533159,0.5018872531919347,0.9401381427475057,0.0049781916557781435,0.8560447239692522,0.2445955288231897,0.8961228968544258,0.0021558461157041853,0.0022912919449631364,0.0032727562331695825,0.034060846560846625,0.0,2026-03-11 12:54:15.196500
0.8136482939632546,0.5019102063580592,0.9401840490797546,0.005038987788730258,0.8561452513966481,0.2446015004703528,0.8961988304093568,0.0020888852997388296,0.0022201241667381133,0.003345736919684872,0.034060846560846625,0.0,2026-03-11 12:54:15.214744
0.8137704918032787,0.5019331243469175,0.9402298850574713,0.005099696774786443,0.8562456385205862,0.2446074628201143,0.89627465303141,0.0020220706864284566,0.0021491117766753165,0.0034185360622038807,0.034060846560846625,0.0,2026-03-11 12:54:15.229732
0.8138925294888598,0.5019560072393151,0.9402756508422665,0.00516031880118967,0.8563458856345886,0.24461341589417568,0.8963503649635037,0.0019554017974654503,0.0020782542664161685,0.0034911543372880827,0.034060846560846625,0.0,2026-03-11 12:54:15.247837
0.8140144073346431,0.50197885511581,0.9403213465952563,0.00522085405464962,0.8564459930313589,0.24461935971417068,0.8964259664478483,0.0018888781566266388,0.002007551129817875,0.0035635924181413037,0.034060846560846625,0.0,2026-03-11 12:54:15.265954
0.8141361256544503,0.502001668056714,0.9403669724770642,0.005281302721337973,0.8565459610027855,0.2446252943016662,0.8965014577259476,0.001985785206614521,0.0021103292265415297,0.003440332960960024,0.034060846560846625,0.0,2026-03-11 12:54:15.284264
0.8142576847612819,0.5020244461420932,0.9404125286478228,0.005341664986898454,0.8566457898399443,0.24463121967816184,0.8965768390386016,0.0019194063397491856,0.002039787225168954,0.003512591517449315,0.034060846560846625,0.0,2026-03-11 12:54:15.311776
0.8137254901960784,0.5018804724687078,0.9404125286478228,0.004965474435565678,0.8560500695410292,0.24407712786889899,0.896250455041864,0.00201599618171755,0.0021422150730946443,0.003512591517449315,0.034485583224115435,0.0,2026-03-11 12:54:15.330442
0.813847158719791,0.5019032157783841,0.9404580152671755,0.005025778779081854,0.8561501042390549,0.24408303065561363,0.8963259367042561,0.002112270370607461,0.002244287268770462,0.003389822157513378,0.034485583224115435,0.0,2026-03-11 12:54:15.902400
0.8139686684073107,0.501925924391936,0.9405034324942791,0.005085997101528174,0.85625,0.244088924294894,0.8964013086150491,0.0022082304512139883,0.002346005661341688,0.0032675399775771163,0.034485583224115435,0.0,2026-03-11 12:54:15.903669
0.8140900195694716,0.5019485983886989,0.9405487804878049,0.005146129586829467,0.8563497571131159,0.24409480880799223,0.8964765710134398,0.0021419958862330946,0.0022756386105041715,0.0033396196762532915,0.034485583224115435,0.0,2026-03-11 12:54:15.907935
0.8142112125162972,0.5019712378477666,0.9405940594059405,0.005206176418386822,0.8564493758668515,0.2441006842160945,0.896551724137931,0.0022376433932870254,0.002377012185948546,0.0032178217821782207,0.034485583224115435,0.0,2026-03-11 12:54:15.909469
0.8143322475570033,0.5019938428479926,0.9406392694063926,0.005266137779081232,0.8565488565488566,0.24410655054032157,0.896626768226333,0.0021715526601520097,0.0023068050749711633,0.0032897232862965087,0.034485583224115435,0.0,2026-03-11 12:54:15.913833
0.814453125,0.5020164134679903,0.9406844106463879,0.005326013851271386,0.8566481994459834,0.24411240780172896,0.8967017035157666,0.0022668891184025597,0.002407835592085572,0.003168406806822399,0.034485583224115435,0.0,2026-03-11 12:54:15.915252
0.8145738451528952,0.5020389497861337,0.9407294832826748,0.005385804816798567,0.8567474048442907,0.244118256021307,0.8967765302426658,0.002200941749113783,0.0023377878682296904,0.0032401307763626486,0.034485583224115435,0.0,2026-03-11 12:54:15.919720
0.8146944083224967,0.5020614518805595,0.9407744874715261,0.005445510856986839,0.8568464730290456,0.24412409521998132,0.8968512486427795,0.002295968673409088,0.002438477073827605,0.0031192928628825944,0.034485583224115435,0.0,2026-03-11 12:54:15.921240
0.8148148148148148,0.5020839198291667,0.9408194233687405,0.005505132152647391,0.856945404284727,0.24412992541861311,0.8969258589511754,0.0022301642019951773,0.0023685881869466296,0.003190839954569369,0.034485583224115435,0.0,2026-03-11 12:54:15.925832
0.814935064935065,0.5021063537096182,0.9408642911296436,0.005564668884075228,0.8570441988950276,0.24413574663799906,0.8970003614022407,0.0021645021645021467,0.0022988505747125743,0.003262210821892486,0.034485583224115435,0.0,2026-03-11 12:54:15.927471
0.8150551589876703,0.5021287535993418,0.9409090909090909,0.005624121231057106,0.8571428571428571,0.244141558898872,0.8970747562296858,0.0022592210598693097,0.0023992072184843005,0.003141848648229306,0.034485583224115435,0.0,2026-03-11 12:54:15.939155
0.814526588845655,0.501986076986077,0.9409090909090909,0.005251048856408932,0.856551724137931,0.2435910699032486,0.8967509025270758,0.0021937009943493457,0.002329627389868416,0.003141848648229306,0.03377445806608759,0.0,2026-03-11 12:54:15.944333
0.814646791963707,0.5020084429622658,0.9409538228614686,0.005310444625766574,0.8566505858028945,0.24359686014097773,0.8968253968253969,0.002128322440849817,0.0022601978416597612,0.003213043941463045,0.03377445806608759,0.0,2026-03-11 12:54:15.949575
0.8147668393782384,0.5020307751018794,0.9409984871406959,0.0053697563788378845,0.8567493112947658,0.24360264148157473,0.8968997837058399,0.0020630849414031704,0.0021909180875142598,0.003284064307686352,0.03377445806608759,0.0,2026-03-11 12:54:15.951876
0.8148867313915857,0.5020530734816449,0.9410430839002267,0.005428984293759365,0.8568479008947006,0.24360841394553542,0.8969740634005764,0.001997988040015608,0.0021217876431834926,0.003354910390802379,0.03377445806608759,0.0,2026-03-11 12:54:15.957336
0.815006468305304,0.5020753381780572,0.9410876132930514,0.005488128548165469,0.8569463548830811,0.24361417755329265,0.8970482361411087,0.002092400401740857,0.0022218272307145126,0.003235021152988571,0.03377445806608759,0.0,2026-03-11 12:54:15.962814
0.8151260504201681,0.5020975692673806,0.9411320754716981,0.005547189319188942,0.8570446735395189,0.24361993232521661,0.8971223021582734,0.0021865077154475943,0.0023215236292659647,0.0031156020690484842,0.03377445806608759,0.0,2026-03-11 12:54:15.968402
0.8152454780361758,0.5021197668256492,0.9411764705882353,0.0056061667834623845,0.8571428571428571,0.24362567828161502,0.897196261682243,0.002121550958088969,0.0022525558199949502,0.0031862745098039102,0.03377445806608759,0.0,2026-03-11 12:54:15.976639
0.81536475145255,0.5021419309286679,0.9412207987942728,0.005665061117121604,0.8572409059711736,0.2436314154427335,0.8972701149425287,0.0020567338926815726,0.0021837363285932554,0.0032567739458084777,0.03377445806608759,0.0,2026-03-11 12:54:15.979347
0.8154838709677419,0.5021640616520134,0.9412650602409639,0.00572387249580544,0.8573388203017832,0.24363714382875562,0.8973438621679828,0.0021505376344085336,0.0022831050228310223,0.0031378222555433766,0.03377445806608759,0.0,2026-03-11 12:54:15.985130
0.8149580915538363,0.50202266464963,0.9412650602409639,0.005353795139129059,0.8567511994516792,0.24309025841670595,0.8970218873340511,0.0022440392706871704,0.0023821339950371723,0.0031378222555433766,0.03419147224456964,0.0,2026-03-11 12:54:16.146455
0.8150773195876289,0.5020447620686513,0.9413092550790068,0.00541255068684044,0.8568493150684932,0.24309596520905938,0.8970957332377197,0.002179361447095962,0.0023134759976864983,0.003208149321288656,0.03419147224456964,0.0,2026-03-11 12:54:16.147838
0.8145524790727624,0.5019046275395034,0.9413092550790068,0.005045247056938909,0.8562628336755647,0.2425527333229579,0.896774193548387,0.002272562435026493,0.0024121737791578113,0.003208149321288656,0.03460097265407003,0.0,2026-03-11 12:54:16.155271
0.814028314028314,0.5017657386506145,0.9413092550790068,0.004680664335199641,0.8556771545827634,0.24201312701868138,0.8964528842708706,0.0023654642223536193,0.0025105352819868587,0.003208149321288656,0.03500316055625796,0.0,2026-03-11 12:54:16.156794
0.8141479099678457,0.5017878028404344,0.9413533834586466,0.004739388973169832,0.8557758031442242,0.242018799714412,0.8965270318653777,0.002300925192375236,0.002442038151362458,0.003278304648167696,0.03500316055625796,0.0,2026-03-11 12:54:16.164355
0.8142673521850899,0.5018098338759496,0.941397445529677,0.004798031213759518,0.8558743169398907,0.24202446375352202,0.8966010733452593,0.0022365245097279995,0.002373687852743722,0.003348288864493343,0.03500316055625796,0.0,2026-03-11 12:54:16.165901
0.8143866409762364,0.5018318318318319,0.9414414414414415,0.004856591230269734,0.8559726962457338,0.24203011915581615,0.896675008938148,0.0021722617300414804,0.002305483914507356,0.003418102595517447,0.03500316055625796,0.0,2026-03-11 12:54:16.184936
0.8145057766367138,0.501853796782529,0.9414853713428357,0.004915069195510739,0.8560709413369714,0.24203576594103882,0.8967488388710253,0.002108136410846284,0.002237425867048115,0.0034877464634489597,0.03500316055625796,0.0,2026-03-11 12:54:16.193148
0.8146247594611931,0.5018757288022655,0.9415292353823088,0.004973465281812018,0.8561690524880708,0.24204140412887418,0.8968225633702249,0.002200740436034576,0.002335479646404015,0.0033692594282238586,0.03500316055625796,0.0,2026-03-11 12:54:16.201377
0.8147435897435897,0.5018976279650437,0.9415730337078652,0.0050317796610168854,0.8562670299727521,0.24204703373894654,0.8968961826614342,0.002136752136752129,0.0022675736961451642,0.003438734052247927,0.03500316055625796,0.0,2026-03-11 12:54:16.203658
0.8142216527866752,0.5017599681813663,0.9415730337078652,0.004670040939813237,0.8556841388699796,0.24151093776793872,0.8965763195435094,0.0020729004186847977,0.0021998126892165404,0.003438734052247927,0.03430451127819556,0.0,2026-03-11 12:54:16.212133
0.8137003841229193,0.5016235212592189,0.9415730337078652,0.004310967996320255,0.8551020408163266,0.24097838819424564,0.8962566844919786,0.0021652081109925225,0.002297546807080386,0.003438734052247927,0.03469958081043323,0.0,2026-03-11 12:54:16.220602
0.8131797824696098,0.5014882712398975,0.9415730337078652,0.003954535931280284,0.8545207341944255,0.2404493460891368,0.8959372772630079,0.002257220890545253,0.002394949622849696,0.003438734052247927,0.03508771929824561,0.0,2026-03-11 12:54:16.229204
0.8132992327365729,0.5015101376194978,0.9416167664670658,0.0040128410914923255,0.8546195652173914,0.24045493003795257,0.896011396011396,0.002193505316866129,0.0023273463192511334,0.003508040048543659,0.03508771929824561,0.0,2026-03-11 12:54:16.246253
0.8134185303514377,0.5015319712894802,0.9416604338070307,0.004071064927819737,0.8547182620502376,0.24046050550443673,0.8960854092526691,0.0022852245947296845,0.002424426092885845,0.0033900149510778244,0.03508771929824561,0.0,2026-03-11 12:54:16.256288
0.8135376756066411,0.5015537723231847,0.9417040358744395,0.004129207610286567,0.8548168249660787,0.24046607250790675,0.896159317211949,0.002221644730472705,0.0023569733434963824,0.0034591529328371617,0.03508771929824561,0.0,2026-03-11 12:54:16.266403
0.8136566687938737,0.5015755407937319,0.941747572815534,0.004187269308447685,0.8549152542372881,0.24047163106762148,0.896233120113717,0.002313071908725206,0.0024537316869585046,0.0033415870769956113,0.03508771929824561,0.0,2026-03-11 12:54:16.282759
0.8137755102040817,0.5015972767740247,0.9417910447761194,0.004245250191384078,0.8550135501355014,0.2404771812027815,0.8963068181818183,0.0022496273207751605,0.0023864289821736717,0.00341055765444076,0.03508771929824561,0.0,2026-03-11 12:54:16.293004
0.8138942001274697,0.5016189803367479,0.941834451901566,0.0043031504277070256,0.8551117129316181,0.240482722932529,0.8963804116394607,0.0021863175778579214,0.002319269322457407,0.0034793614348425095,0.03508771929824561,0.0,2026-03-11 12:54:16.309148
0.8140127388535032,0.5016406515543703,0.9418777943368107,0.004360970185558173,0.8552097428958051,0.24048825627594847,0.8964539007092198,0.002123142250530785,0.0022522522522522292,0.0035479990225379954,0.03508771929824561,0.0,2026-03-11 12:54:16.316772
0.8141311266709103,0.5016622904991443,0.9419210722263589,0.004418709632613143,0.8553076402974983,0.24049378125206644,0.8965272856130404,0.002214278722334151,0.002348703737518054,0.003430889733126885,0.03508771929824561,0.0,2026-03-11 12:54:16.327720
0.8142493638676844,0.5037116278162362,0.9419210722263589,0.009849220216138804,0.8553076402974983,0.24839059327408938,0.8965272856130404,0.003211682770038471,0.003406658452536626,0.003430889733126885,0.043096872616323445,0.0,2026-03-11 12:54:16.335602
0.8143674507310871,0.5037332345601996,0.9419642857142857,0.009907051337322935,0.8554054054054054,0.2483962910449065,0.8966005665722381,0.0033025299197091407,0.0035026832481763748,0.0033142343556903375,0.043096872616323445,0.0,2026-03-11 12:54:16.346542
0.8144853875476493,0.5037548091751757,0.9420074349442379,0.009964802233356575,0.8555030384875084,0.24840198021279952,0.8966737438075019,0.0032384987893462336,0.0034347714432459986,0.003382706352100695,0.043096872616323445,0.0,2026-03-11 12:54:16.363763
0.8146031746031746,0.5037763517327745,0.9420505200594353,0.01002247307106081,0.8556005398110661,0.2484076607972423,0.8967468175388967,0.0033290579924252217,0.0035304799886055616,0.0032665022527199605,0.043096872616323445,0.0,2026-03-11 12:54:16.371917
0.8147208121827412,0.503797862304393,0.9420935412026726,0.010080064016795898,0.8556979096426163,0.24841333281764982,0.8968197879858657,0.003419330615747729,0.0036258673643498884,0.003150746817815575,0.043096872616323445,0.0,2026-03-11 12:54:16.383205
0.8148383005707038,0.5038193409612169,0.9421364985163204,0.0101375752364567,0.8557951482479784,0.2484189962933786,0.8968926553672316,0.0035093180175114203,0.0037209351843965344,0.003035437453951295,0.043096872616323445,0.0,2026-03-11 12:54:16.394388
0.8149556400506971,0.5038407877742206,0.9421793921423276,0.010195006895485316,0.8558922558922559,0.24842465124372684,0.8969654199011997,0.00344542240276835,0.00365318656775937,0.0031037444575992,0.043096872616323445,0.0,2026-03-11 12:54:16.405830
0.8150728309056364,0.5038622028141678,0.9422222222222222,0.010252359158859489,0.8559892328398385,0.24843029768793473,0.8970380818053596,0.003535125932602301,0.0037479428783776525,0.0029888785912882687,0.043096872616323445,0.0,2026-03-11 12:54:16.424775
0.8151898734177215,0.5038835861516134,0.9422649888971133,0.010309632191108201,0.8560860793544048,0.2484359356451845,0.8971106412966879,0.003624546931633499,0.003842382807324296,0.002874453668801902,0.043096872616323445,0.0,2026-03-11 12:54:16.443004
0.8153067678684377,0.5039049378569029,0.9423076923076923,0.010366826156300137,0.8561827956989247,0.24844156513460078,0.8971830985915493,0.0035607864027566993,0.003774790260017591,0.0029425962753291124,0.043096872616323445,0.0,2026-03-11 12:54:16.461176
0.8147914032869785,0.5037625418060201,0.9423076923076923,0.009995600227250625,0.8556077904633983,0.24790088644118996,0.8968673002463922,0.003649926203677878,0.0038689217758985928,0.0029425962753291124,0.0434782608695653,0.0,2026-03-11 12:54:16.479500
0.8142766898294378,0.5034143127992545,0.9416112342941612,0.009049253489818103,0.8556077904633983,0.24780925794556638,0.896551724137931,0.002168927418096822,0.0023026779422128385,0.004744318574767981,0.0434782608695653,0.0,2026-03-11 12:54:16.497721
0.8137626262626263,0.5030665981632522,0.9409158050221565,0.008108681808533592,0.8556077904633983,0.2477177309773675,0.8962363700316568,0.003161267756229269,0.003356212601196784,0.0036103743000294175,0.0434782608695653,0.0,2026-03-11 12:54:16.532163
0.8138801261829653,0.5030884004492219,0.940959409594096,0.008166728535821951,0.8557046979865772,0.24772347086420018,0.8963093145869948,0.0030966622286694445,0.003287623066104084,0.003679632772649266,0.0434782608695653,0.0,2026-03-11 12:54:16.551359
0.8139974779319041,0.5031101705784276,0.9410029498525073,0.008224695283518248,0.8558014755197854,0.24772920215242403,0.8963821566561292,0.003032192856067595,0.0032191780821917426,0.0037487251578047776,0.0434782608695653,0.0,2026-03-11 12:54:16.564035
0.81411468178954,0.5031319086219602,0.9410464259395726,0.008282582216809551,0.8558981233243967,0.24773492486135065,0.8964548964548964,0.0029678592084606548,0.0031508771929823487,0.0038176520522174018,0.0434782608695653,0.0,2026-03-11 12:54:16.579843
0.8136020151133502,0.5029907454373187,0.9410464259395726,0.007914765364143114,0.855324849296718,0.24719812049305087,0.896140350877193,0.0030589011714238223,0.0032472195463700837,0.0038176520522174018,0.04385307346326839,0.0,2026-03-11 12:54:16.592719
0.8130899937067338,0.5026442629535413,0.9403534609720177,0.006981573947241167,0.855324849296718,0.2471070882231649,0.8958260259558051,0.001584712956099188,0.0016849111130572414,0.005612484400224438,0.04385307346326839,0.0,2026-03-11 12:54:16.616470
0.8132075471698114,0.5026662079642212,0.9403973509933775,0.007039854661065078,0.8554216867469879,0.24711285488925505,0.8958990536277603,0.0015205146053326457,0.0016166536319592861,0.005681246397760464,0.04385307346326839,0.0,2026-03-11 12:54:16.629651
0.8126964173475801,0.5025262617035853,0.9403973509933775,0.006674991200577309,0.8548494983277592,0.2465797089501712,0.895585143658024,0.0016134332281808605,0.0017152778505576949,0.005681246397760464,0.044221479004087794,0.0,2026-03-11 12:54:16.646043
0.8128140703517588,0.5025481744421907,0.9404411764705882,0.006733217204877061,0.8549465240641712,0.24658545457860306,0.8956582633053222,0.0015493697478992097,0.0016471704961055211,0.0057498440894481195,0.044221479004087794,0.0,2026-03-11 12:54:16.659441
0.8129315756434401,0.5025700549798576,0.9404849375459221,0.00679136329399931,0.8550434201736807,0.24659119163021018,0.8957312806158153,0.0014854407135362901,0.001579206074191375,0.005818278063494553,0.044221479004087794,0.0,2026-03-11 12:54:16.678938
0.8130489335006273,0.5025919033875133,0.9405286343612335,0.00684942963235502,0.8551401869158879,0.24659692012418752,0.8958041958041958,0.0014216457023060736,0.0015113841353420199,0.005886548905302491,0.044221479004087794,0.0,2026-03-11 12:54:16.703850
0.8131661442006269,0.5026137197358768,0.9405722670579604,0.006907416383906841,0.8552368245496998,0.24660264007967286,0.8958770090845563,0.0015142744074542192,0.001609701318703416,0.005766133801599516,0.044221479004087794,0.0,2026-03-11 12:54:16.720685
0.8126566416040101,0.5022689351805036,0.9398826979472141,0.005982386122197992,0.8552368245496998,0.24651222664305752,0.8955640936081035,4.8982150904208765e-05,5.215015071391438e-05,0.007550939326863126,0.044221479004087794,0.0,2026-03-11 12:54:17.744979
0.812773951158422,0.5022909561702665,0.9399267399267399,0.006040736461943551,0.8553333333333333,0.24651800223573497,0.8956369982547993,0.00014345752190170202,0.00015272050758741162,0.007427817834920303,0.044221479004087794,0.0,2026-03-11 12:54:17.746665
0.8128911138923655,0.5023129449184631,0.9399707174231332,0.0060990069352274134,0.8554297135243171,0.2465237692371863,0.8957098011859086,7.979611278940979e-05,8.494851080065313e-05,0.007495926127104813,0.044221479004087794,0.0,2026-03-11 12:54:17.753678
0.8130081300813008,0.5023349014958505,0.9400146305779078,0.006157197705913986,0.855525965379494,0.24652952766657113,0.8957825026141512,0.00017397808201358167,0.00018519319804422008,0.007373271889400956,0.044221479004087794,0.0,2026-03-11 12:54:17.755767
0.813125,0.5023568259729784,0.9400584795321637,0.006215308937414516,0.8556220891550232,0.24653527754299231,0.8958551027516544,0.0002678680141239287,0.0002851070447358328,0.007251082251082286,0.044221479004087794,0.0,2026-03-11 12:54:17.758531
0.8132417239225485,0.5023787184201909,0.9401022644265887,0.006273340792699752,0.855718085106383,0.24654101888549584,0.8959276018099548,0.00020433978787581797,0.0002174903682836682,0.0073190285734876515,0.044221479004087794,0.0,2026-03-11 12:54:17.765521
0.813358302122347,0.5024005789076265,0.9401459854014599,0.006331293434290922,0.8558139534883721,0.24654675171307125,0.896,0.000140944326990744,0.00015001500150002567,0.007386813503203138,0.044221479004087794,0.0,2026-03-11 12:54:17.767715
0.8134747348721147,0.5024224075052189,0.9401896425966448,0.006389167024269536,0.8559096945551129,0.2465524760446518,0.8960722975321516,7.768121571094522e-05,8.268050187054676e-05,0.0074544376145799784,0.044221479004087794,0.0,2026-03-11 12:54:17.832227
0.8135910224438903,0.5024442042826983,0.9402332361516035,0.0064469617242719065,0.8560053085600531,0.2465581918991145,0.8961444946161863,1.4550040012606402e-05,1.5486428726285695e-05,0.0075219014792474725,0.044221479004087794,0.0,2026-03-11 12:54:17.838211
0.8137071651090343,0.5024659693095914,0.9402767662053897,0.006504677695497207,0.8561007957559682,0.24656389929528066,0.8962165914612982,-4.844961240313417e-05,-5.1567656765616476e-05,0.007589205666128751,0.044221479004087794,0.0,2026-03-11 12:54:17.839456
0.8138231631382317,0.5024877026552226,0.9403202328966521,0.006562315098704391,0.8561961563949636,0.2465695982519157,0.8962885882761013,4.514963880286604e-05,4.8050521691322956e-05,0.007467477992416094,0.044221479004087794,0.0,2026-03-11 12:54:17.847791
0.8139390168014935,0.5025094043887147,0.9403636363636364,0.006619874094212649,0.8562913907284768,0.2465752887877298,0.8963604852686309,0.00013845955692937117,0.00014734100877189515,0.007346209668415704,0.044221479004087794,0.0,2026-03-11 12:54:17.849229
0.8140547263681592,0.5025310745789896,0.940406976744186,0.00667735484190894,0.8563864990072799,0.24658097092137762,0.8964322826463458,7.559101721377193e-05,8.043978312055611e-05,0.0074133547437441605,0.044221479004087794,0.0,2026-03-11 12:54:17.856645
0.8141702921068987,0.5025527132947687,0.9404502541757443,0.00673475750124377,0.8564814814814815,0.24658664467145888,0.8965039806161302,1.2853181322936003e-05,1.3677645256504611e-05,0.007480341271078772,0.044221479004087794,0.0,2026-03-11 12:54:17.858227
0.8142857142857143,0.5025743206045743,0.9404934687953556,0.006792082231235235,0.8565763384005287,0.24659231005651833,0.896575579384296,-4.9754357920095416e-05,-5.294583811554787e-05,0.007547169811320753,0.044221479004087794,0.0,2026-03-11 12:54:17.865765
0.8144009931719429,0.5025958965767298,0.9405366207396664,0.006849329190471906,0.8566710700132101,0.24659796709504617,0.8966470791565848,4.326756663197706e-05,4.6038396022241024e-05,0.0074263582418363505,0.044221479004087794,0.0,2026-03-11 12:54:17.867382
0.8145161290322581,0.5026174412793604,0.9405797101449276,0.006906498537108639,0.8567656765676568,0.24660361580547807,0.8967184801381692,-1.921008145078229e-05,-2.044028371117612e-05,0.0074930293532438075,0.044221479004087794,0.0,2026-03-11 12:54:17.875047
0.8146311221326721,0.502638954780394,0.940622737146995,0.0069635904288718525,0.8568601583113457,0.24660925620619548,0.8967897825336555,-8.155824218003538e-05,-8.678118379745747e-05,0.007559543591447837,0.044221479004087794,0.0,2026-03-11 12:54:17.876783
0.8147459727385378,0.5026604371475623,0.9406657018813314,0.007020605023066003,0.8569545154911009,0.24661488831552567,0.8968609865470851,-0.0001437773176904411,-0.00015298473212377317,0.00762590150946818,0.044221479004087794,0.0,2026-03-11 12:54:17.893539
0.8148606811145511,0.5026818884484006,0.940708604483008,0.007077542476564142,0.8570487483530962,0.24662051215174213,0.8969320923819373,-0.0002058677084531002,-0.0002190513548072648,0.007692103657727878,0.044221479004087794,0.0,2026-03-11 12:54:17.902807
0.8149752475247525,0.5027033087502492,0.9407514450867052,0.007134402945818539,0.8571428571428571,0.2466261277330647,0.8970031002411298,-0.000267829813284437,-0.00028498147620403813,0.007758150584069035,0.044221479004087794,0.0,2026-03-11 12:54:17.911191
0.8150896722325294,0.502724698120254,0.9407942238267148,0.007191186586855413,0.8572368421052632,0.24663173507765968,0.8970740103270225,-0.0003296640293545261,-0.00035077551891915526,0.007824042833767808,0.044221479004087794,0.0,2026-03-11 12:54:17.919030
0.8152039555006181,0.502746056625367,0.9408369408369408,0.0072478935552850185,0.8573307034845496,0.24663733420364015,0.8971448228414173,-0.0003913707521955301,-0.00041643390381396195,0.007889780949549063,0.044221479004087794,0.0,2026-03-11 12:54:17.927602
0.8153180975911056,0.5027673843323471,0.9408795962509012,0.007304524006291644,0.8574244415243101,0.24664292512906602,0.897215537985562,-0.0002986354899686683,-0.0003177285786715167,0.007769423558897315,0.044221479004087794,0.0,2026-03-11 12:54:17.936254
0.8154320987654321,0.5027886813077611,0.9409221902017291,0.007361078094644942,0.8575180564674983,0.2466485078719444,0.897286155960151,-0.00020618556701035295,-0.00021934634788345342,0.007649517790724536,0.044221479004087794,0.0,2026-03-11 12:54:17.941329
0.8155459592843923,0.5028099476179837,0.9409647228221742,0.007417555974695273,0.8576115485564304,0.2466540824502297,0.8973566769653278,-0.00026776519052529313,-0.0002848565856652385,0.007715102312777278,0.044221479004087794,0.0,2026-03-11 12:54:17.943955
0.8156596794081381,0.5028311833291987,0.9410071942446043,0.007473957800381522,0.8577049180327869,0.24665964888182376,0.897427101200686,-0.00017559929190769097,-0.00018678944286265597,0.007595645629878578,0.044221479004087794,0.0,2026-03-11 12:54:17.947732
0.81577325939618,0.5028523885073998,0.9410496046010065,0.007530283725219944,0.8577981651376146,0.24666520718457619,0.8974974288652726,-8.371611077062635e-05,-8.904225811168232e-05,0.00747663551401867,0.044221479004087794,0.0,2026-03-11 12:54:17.955603
0.8158866995073891,0.5028735632183908,0.9410919540229885,0.007586533902323281,0.8578912901113294,0.2466707573762844,0.8975676601575882,-0.00014516902724126535,-0.00015440490336260382,0.007542066980010698,0.044221479004087794,0.0,2026-03-11 12:54:17.961395
0.816,0.5028947075277868,0.9411342426417804,0.00764270848438669,0.8579842931937173,0.24667629947469397,0.8976377952755905,-0.00020649562733687787,-0.0002196331957970976,0.007607345925102926,0.044221479004087794,0.0,2026-03-11 12:54:17.967377
0.8161131611316114,0.5029158215010142,0.9411764705882353,0.007698807623696796,0.8580771746239372,0.2466818334974986,0.8977078344166952,-0.0001148938648249942,-0.00012219168360050325,0.007488779876839602,0.044221479004087794,0.0,2026-03-11 12:54:17.973452
0.8162261831591887,0.5029369052033124,0.9412186379928316,0.007754831472133051,0.8581699346405228,0.24668735946234058,0.8977777777777777,-0.00017609453761024962,-0.00018727969553666846,0.007553906833701163,0.044221479004087794,0.0,2026-03-11 12:54:17.982649
0.8157248157248157,0.5027981601981325,0.9412186379928316,0.007393737882033646,0.8576094056172436,0.2461574182284473,0.8974709501025291,-8.477290281250216e-05,-9.014874542989659e-05,0.007553906833701163,0.044583640383198286,0.0,2026-03-11 12:54:17.985804
0.8158379373848987,0.5028192136945534,0.9412607449856734,0.007449712410229358,0.8577023498694517,0.24616292429914557,0.8975409836065573,-0.00014584803575623528,-0.0001550969355845755,0.007618882332523391,0.044583640383198286,0.0,2026-03-11 12:54:17.994528
0.8159509202453987,0.502840237049963,0.9413027916964924,0.0075056119570200966,0.857795172863666,0.24616842236424655,0.8976109215017064,-5.480524564493994e-05,-5.8275058275159e-05,0.007500757871031993,0.044583640383198286,0.0,2026-03-11 12:54:18.000063
0.8160637645616187,0.5028612303290415,0.9413447782546495,0.007561436672968817,0.8578878748370273,0.24617391244120151,0.897680763983629,-0.00011575522462770049,-0.00012308388332971099,0.007565582439543528,0.044583640383198286,0.0,2026-03-11 12:54:18.007704
0.8161764705882353,0.5028821935962843,0.9413867047891351,0.007617186708232266,0.8579804560260587,0.24617939454741075,0.8977505112474438,-0.00017658043395030187,-0.0001877600393465073,0.007630256603023633,0.044583640383198286,0.0,2026-03-11 12:54:18.014236
0.8162890385793019,0.5029031269160025,0.9414285714285714,0.007672862212571374,0.8580729166666666,0.24618486870022424,0.8978201634877383,-0.00023728125634181474,-0.0002523039332855692,0.007694780884317187,0.044583640383198286,0.0,2026-03-11 12:54:18.020887
0.8164014687882497,0.5029240303523235,0.9414703783012134,0.0077284633353443604,0.8581652569941445,0.2461903349169416,0.8978897208985704,-0.0002978580729674496,-0.00031671597044424793,0.007759155803848561,0.044583640383198286,0.0,2026-03-11 12:54:18.030132
0.8165137614678899,0.5029449039691918,0.9415121255349501,0.007783990225508812,0.8582574772431729,0.24619579321481225,0.8979591836734695,-0.0003583112634366614,-0.00038099655446588443,0.007823381879635383,0.044583640383198286,0.0,2026-03-11 12:54:18.036777
0.8160146699266504,0.5028073448187571,0.9415121255349501,0.007425622833186215,0.8576998050682261,0.24566917059420681,0.8976538592315538,-0.00026754604280732064,-0.00028445738100746354,0.007823381879635383,0.04493971501644145,0.0,2026-03-11 12:54:18.046155
0.8161270616982285,0.502828188679935,0.9415538132573058,0.007481100853860479,0.8577922077922078,0.2456746093318154,0.8977234114848794,-0.0003278759851819135,-0.00034860072330533676,0.007887459627302529,0.04493971501644145,0.0,2026-03-11 12:54:18.054183
0.8162393162393162,0.5028490028490029,0.9415954415954416,0.007536504945831088,0.8578844905905256,0.24568004020179157,0.897792869269949,-0.00023738706659415243,-0.0002523678038064414,0.007769774290203202,0.04493971501644145,0.0,2026-03-11 12:54:18.063563
0.8163514338010982,0.5028697873893604,0.9416370106761566,0.007591835256772369,0.857976653696498,0.24568546322119905,0.8978622327790974,-0.00014717319031198883,-0.00015644581458040818,0.007652525633390028,0.04493971501644145,0.0,2026-03-11 12:54:18.078614
0.8164634146341463,0.5028905423642266,0.9416785206258891,0.007647091933966448,0.8580686973428386,0.2456908784070519,0.897931502204137,-5.723310424632366e-05,-6.0833251126268806e-05,0.007535711230861386,0.04493971501644145,0.0,2026-03-11 12:54:18.096586
0.8165752589884216,0.502911267836641,0.9417199715707179,0.007702275124302414,0.8581606217616581,0.24569628577631522,0.8980006777363605,3.243443610412289e-05,3.447138136669636e-05,0.00741932867455275,0.04493971501644145,0.0,2026-03-11 12:54:18.114397
0.8166869671132765,0.5029319638694638,0.9417613636363636,0.007757384974282631,0.858252427184466,0.24570168534590514,0.8980697595665426,0.00012183066770909967,0.00012946956809600785,0.007303375574171489,0.04493971501644145,0.0,2026-03-11 12:54:18.132346
0.8167985392574558,0.5029526305253771,0.9418026969481902,0.007812421630015371,0.8583441138421734,0.24570707713268883,0.8981387478849407,0.00021095682006455618,0.0002241627847234806,0.007187849557032777,0.04493971501644145,0.0,2026-03-11 12:54:18.149796
0.8169099756690997,0.5029732678668849,0.9418439716312057,0.007867385237224156,0.8584356819650937,0.24571246115348505,0.8982076428812986,0.0002998141152484868,0.0003185524974514964,0.007072748267898388,0.04493971501644145,0.0,2026-03-11 12:54:18.174555
0.8170212765957446,0.502993875956314,0.9418851878100638,0.007922275941246356,0.8585271317829457,0.2457178374250641,0.8982764447448461,0.0002396070444471432,0.0002545824847250966,0.0071366782006920815,0.04493971501644145,0.0,2026-03-11 12:54:18.193391
0.8171324422843257,0.5030144548558146,0.9419263456090652,0.007977093887031245,0.8586184635248547,0.2457232059641479,0.8983451536643027,0.0003281966971757644,0.00034867617107958715,0.007021999301609516,0.04493971501644145,0.0,2026-03-11 12:54:18.213607
0.8172434729811779,0.5030350046273613,0.9419674451521586,0.008031839219147564,0.8587096774193549,0.2457285667874103,0.8984137698278771,0.00041651991485847084,0.00044246923862756304,0.006907740471754353,0.04493971501644145,0.0,2026-03-11 12:54:18.238215
0.8173543689320388,0.5030555253327531,0.942008486562942,0.008086512081776836,0.8588007736943907,0.24573391991147733,0.8984822934232715,0.0003564353406405596,0.0003786413762395524,0.006971523100555377,0.04493971501644145,0.0,2026-03-11 12:54:18.256837
0.8174651303820497,0.5030760170336142,0.9420494699646643,0.008141112618724565,0.8588917525773195,0.2457392653529273,0.898550724637681,0.000296472889540933,0.0003149432452791423,0.00703515893389306,0.04493971501644145,0.0,2026-03-11 12:54:18.283715
0.8175757575757576,0.503096479791395,0.942090395480226,0.00819564097341235,0.8589826142949131,0.24574460312829075,0.8986190636577972,0.00023663218961111898,0.00025137445062528574,0.007098648477958824,0.04493971501644145,0.0,2026-03-11 12:54:18.302599
0.8176862507571169,0.5031169136673723,0.9421312632321807,0.008250097288883134,0.859073359073359,0.24574993325405103,0.8986873106698081,0.00017691287041132764,0.00018793459875965368,0.007161992236619064,0.04493971501644145,0.0,2026-03-11 12:54:18.318496
0.8177966101694916,0.5031373187226502,0.9421720733427362,0.008304481707803546,0.8591639871382637,0.24575525574664414,0.8987554658594014,0.00011731456300323462,0.00012462329775897452,0.007225190711429241,0.04493971501644145,0.0,2026-03-11 12:54:18.334526
0.8179068360556564,0.5031576950181602,0.9422128259337562,0.008358794372462569,0.859254498714653,0.24576057062245904,0.8988235294117647,5.783689994220964e-05,6.14401572868184e-05,0.007288244401646438,0.04493971501644145,0.0,2026-03-11 12:54:18.347622
0.8180169286577993,0.5031780426146624,0.9422535211267605,0.00841303542477511,0.859344894026975,0.24576587789783777,0.8988915015115889,0.0001458948827370854,0.00015496968405570577,0.007174403337165569,0.04493971501644145,0.0,2026-03-11 12:54:18.366388
0.8181268882175227,0.5031983615727458,0.9422941590429276,0.008467205006279515,0.8594351732991015,0.2457711775890757,0.8989593823430683,8.653749806430966e-05,9.192021325488131e-05,0.007237312739762136,0.04493971501644145,0.0,2026-03-11 12:54:18.382822
0.8182367149758454,0.5032186519528292,0.9423347398030942,0.008521303258144734,0.8595253367543297,0.24577646971242162,0.8990271720899027,0.00017433143893164083,0.00018515775440663962,0.007123887153618669,0.04493971501644145,0.0,2026-03-11 12:54:18.396360
0.8183464091732046,0.5032389138151612,0.9423752635277582,0.008575330321167297,0.8596153846153847,0.2457817542840779,0.8990948709353002,0.00011509396816744566,0.00012224152351547612,0.007186652763295109,0.04493971501644145,0.0,2026-03-11 12:54:18.412931
0.8184559710494572,0.5032591472198213,0.9424157303370787,0.008629286335770685,0.8597053171044202,0.24578703132020074,0.8991624790619765,5.5976048302763814e-05,5.945226786296942e-05,0.0072492750724927335,0.04493971501644145,0.0,2026-03-11 12:54:18.426606
0.8185654008438819,0.5032793522267207,0.9424561403508772,0.008683171442014333,0.8597951344430218,0.2457923008369002,0.8992299966521593,0.00014350713305977258,0.0001524050316119574,0.007136262694313444,0.04493971501644145,0.0,2026-03-11 12:54:18.449028
0.8186746987951807,0.5032995288956018,0.9424964936886395,0.008736985779583444,0.8598848368522073,0.24579756285024046,0.8992974238875879,0.00023077654043346385,0.0002450627072222433,0.00702366127023657,0.04493971501644145,0.0,2026-03-11 12:54:19.520208
0.818783865141481,0.5033196772860402,0.9425367904695164,0.00879072948780281,0.8599744245524297,0.24580281737624,0.8993647609495152,0.0001717778099233902,0.00018241167434718264,0.007086140769151039,0.04493971501644145,0.0,2026-03-11 12:54:19.521782
0.8182912154031288,0.5031832888517795,0.9425367904695164,0.008435501013445134,0.8594249201277955,0.24527927510478048,0.8990641711229945,0.00025878671160328715,0.0002747814528909487,0.007086140769151039,0.04528985507246386,0.0,2026-03-11 12:54:19.529419
0.8184004810583283,0.5032034090231837,0.9425770308123249,0.008489198974979077,0.859514687100894,0.24528451098356427,0.8991315965263861,0.0003455362722946109,0.0003668589220089391,0.00697394806167706,0.04528985507246386,0.0,2026-03-11 12:54:19.531054
0.8185096153846154,0.503223501034796,0.9426172148355494,0.008542826590485808,0.8596043395022336,0.2452897394227873,0.8991989319092123,0.00028665637105040886,0.00030434560913739084,0.00703628523827049,0.04528985507246386,0.0,2026-03-11 12:54:19.538832
0.8186186186186186,0.5032435649456927,0.9426573426573427,0.0085963839981076,0.8596938775510204,0.2452949604382979,0.8992661774516344,0.0003731477485253709,0.00039613789416914624,0.006924499026113473,0.04528985507246386,0.0,2026-03-11 12:54:19.556246
0.8187274909963985,0.503263600814785,0.9426974143955276,0.008649871335627014,0.8597833014659019,0.2453001740458995,0.8993333333333334,0.00031438631790747795,0.000333756091048687,0.006986694366127533,0.04528985507246386,0.0,2026-03-11 12:54:19.564576
0.8188362327534493,0.5032836087008202,0.9427374301675978,0.00870328874046457,0.8598726114649682,0.24530538026135063,0.899400399733511,0.0004006206630571274,0.0004252645208792094,0.006875312444068582,0.04528985507246386,0.0,2026-03-11 12:54:19.566909
0.8189448441247003,0.5033035886623807,0.9427773900907188,0.008756636349683045,0.8599618077657543,0.2453105791003652,0.8994673768308921,0.0004865991199421993,0.0005164847351827317,0.006764332622811398,0.04528985507246386,0.0,2026-03-11 12:54:19.575605
0.8190533253445177,0.503323540757886,0.9428172942817294,0.008809914299985773,0.8600508905852418,0.24531577057861256,0.8995342648037259,0.0004279558027525665,0.00045423970244917733,0.006826386609780077,0.04528985507246386,0.0,2026-03-11 12:54:19.585586
0.8191616766467066,0.5033434650455927,0.9428571428571428,0.008863122727719192,0.8601398601398601,0.2453209547117178,0.8996010638297871,0.0003694302432279972,0.0003921196597411747,0.00688829972504168,0.04528985507246386,0.0,2026-03-11 12:54:19.591186
0.8192698982645122,0.5033633615835951,0.9428969359331476,0.008916261768876572,0.8602287166454892,0.2453261315152617,0.8996677740863788,0.0003110220870325975,0.0003301242309605712,0.006950072447751698,0.04528985507246386,0.0,2026-03-11 12:54:19.596835
0.819377990430622,0.5033832304298258,0.942936673625609,0.008969331559093354,0.8603174603174604,0.245331301004781,0.899734395750332,0.00025273098125022653,0.00026825304151600893,0.007011705254894918,0.04528985507246386,0.0,2026-03-11 12:54:19.602594
0.8194859533771668,0.5034030716420561,0.9429763560500696,0.00902233223365574,0.8604060913705583,0.24533646319576854,0.8998009289980092,0.0001945565743785016,0.0002065057183167074,0.00707319862129796,0.04528985507246386,0.0,2026-03-11 12:54:19.608443
0.8189964157706093,0.5032678390419839,0.9429763560500696,0.008669853691333494,0.859860494610019,0.24481613076866138,0.8995024875621891,0.0002802802802802651,0.0002974672785993615,0.00707319862129796,0.04563420768954374,0.0,2026-03-11 12:54:19.615403
0.8185074626865672,0.503133747645288,0.9429763560500696,0.008319830487348854,0.8593155893536122,0.24429909506846362,0.8992042440318302,0.00036575036575037245,0.0003881432452861322,0.00707319862129796,0.04597291518175339,0.0,2026-03-11 12:54:19.625525
0.8186157517899761,0.5031535612811288,0.9430159833217512,0.008372809971078907,0.8594046865104497,0.24430422817962022,0.8992710404241219,0.00045096795466070816,0.0004785349612935752,0.006962618727324621,0.04597291518175339,0.0,2026-03-11 12:54:19.632471
0.8187239117471675,0.5031733473980309,0.9430555555555555,0.008425720620843083,0.859493670886076,0.2443093540538301,0.8993377483443709,0.0005359341642527937,0.0005686437611320816,0.00685243660275392,0.04597291518175339,0.0,2026-03-11 12:54:19.639531
0.8188319427890346,0.5031931060532857,0.9430950728660652,0.008478562570703008,0.8595825426944972,0.24431447270639045,0.8994043679682329,0.0006206501051861935,0.0006584709709709369,0.006742650105201586,0.04597291518175339,0.0,2026-03-11 12:54:19.649621
0.8189398451459202,0.5032128373040257,0.9431345353675451,0.008531335954376147,0.8596713021491783,0.2443195841525553,0.8994708994708995,0.0005625920471281631,0.0005968750000000522,0.006804004503545014,0.04597291518175339,0.0,2026-03-11 12:54:19.657989
0.819047619047619,0.5032325412072247,0.9431739431739432,0.008584040905225812,0.8597599494630449,0.2443246884075358,0.8995373430270984,0.000647058823529445,0.0006864274570983486,0.006694611505983827,0.04597291518175339,0.0,2026-03-11 12:54:19.668368
0.819155264723379,0.5032522178196992,0.943213296398892,0.00863667755627825,0.8598484848484849,0.24432978548650028,0.8996036988110964,0.0007312775330396981,0.0007757009345794597,0.006585609896607059,0.04597291518175339,0.0,2026-03-11 12:54:19.675734
0.8192627824019025,0.5032718671981078,0.9432525951557094,0.008689246040208994,0.8599369085173502,0.24433487540457452,0.8996699669966997,0.0008152492668622724,0.0008646967340592004,0.006476997578692467,0.04597291518175339,0.0,2026-03-11 12:54:19.686247
0.8193701723113488,0.5032914893989531,0.9432918395573997,0.008741746489351575,0.8600252206809584,0.2443399581768417,0.899736147757256,0.0007573072089201993,0.0008032403055732162,0.00653821347952277,0.04597291518175339,0.0,2026-03-11 12:54:19.693787
0.8188836104513064,0.5031585248207167,0.9432918395573997,0.008394340963148403,0.8594833018273472,0.24382609860033372,0.899439498846027,0.0006994808037883438,0.00074190654460915,0.00653821347952277,0.045223289994346993,0.0,2026-03-11 12:54:19.704628
0.8189910979228486,0.5031781199003444,0.9433310297166552,0.008446796564943664,0.8595717884130982,0.24383116356749798,0.899505766062603,0.0007832066467358123,0.0008306368629201755,0.006429988371297601,0.045223289994346993,0.0,2026-03-11 12:54:19.714252
0.8190984578884934,0.5031976879149449,0.9433701657458563,0.008499184402221876,0.8596601636249214,0.2438362214338596,0.8995719459993414,0.0008666876772770449,0.0009190920484611897,0.006322148405806471,0.045223289994346993,0.0,2026-03-11 12:54:19.731507
0.8192056905749852,0.5032172289205536,0.9434092477570738,0.008551504606212401,0.859748427672956,0.24384127221434374,0.8996380388285621,0.0008089765790348924,0.0008578914419532513,0.006383226277547949,0.045223289994346993,0.0,2026-03-11 12:54:19.742289
0.8193127962085308,0.5032367429730513,0.9434482758620689,0.008603757307801585,0.8598365807668134,0.24384631592383385,0.899704044722131,0.0008922138693409076,0.0009460781741462698,0.0062757694025202815,0.045223289994346993,0.0,2026-03-11 12:54:19.758385
0.8194197750148017,0.5032562301281642,0.943487250172295,0.00865594263754211,0.8599246231155779,0.2438513525771716,0.8997699638514624,0.0008346177334457305,0.0008850048721522619,0.006336709711487698,0.045223289994346993,0.0,2026-03-11 12:54:19.768619
0.8195266272189349,0.5032756904414659,0.9435261707988981,0.00870806072564545,0.8600125549278091,0.24385638218915728,0.8998357963875205,0.0007771362167265927,0.0008240531090676351,0.006397512921897164,0.045223289994346993,0.0,2026-03-11 12:54:19.778748
0.8196333530455352,0.5032951239683761,0.9435650378527185,0.00876011170199491,0.8601003764115432,0.24386140477454957,0.8999015425008206,0.0007197689773765781,0.0007632225224504241,0.006458179495878791,0.045223289994346993,0.0,2026-03-11 12:54:19.793574
0.8197399527186762,0.5033145307641627,0.9436038514442916,0.00881209569613324,0.8601880877742947,0.24386642034806622,0.8999672023614299,0.0008027635933668398,0.0008511527435079991,0.006351103673599479,0.045223289994346993,0.0,2026-03-11 12:54:19.804850
0.8192557590076787,0.5031826788602212,0.9436038514442916,0.00846727734161194,0.8596491228070176,0.24335570477106305,0.8996721311475411,0.000885516594754554,0.0009388115749944248,0.006351103673599479,0.04555649004765905,0.0,2026-03-11 12:54:19.821273
0.8193624557260921,0.5032020589799997,0.9436426116838488,0.008519217012421114,0.8597370068879149,0.24336070285820396,0.899737876802097,0.0008282632923248823,0.0008781124719555722,0.006411634071208594,0.04555649004765905,0.0,2026-03-11 12:54:19.831700
0.8194690265486726,0.5032214124787346,0.9436813186813187,0.008571089965861558,0.8598247809762203,0.24336569397740446,0.899803536345776,0.0007711235877174705,0.0008175338036449098,0.006472028750437286,0.04555649004765905,0.0,2026-03-11 12:54:19.842409
0.8195754716981132,0.5032407394112394,0.9437199725463281,0.008622896330397865,0.8599124452782989,0.24337067814322885,0.899869109947644,0.0008536360280546607,0.0009049331083229584,0.006365331957617348,0.04555649004765905,0.0,2026-03-11 12:54:19.849996
0.8190925162050677,0.5031099862731641,0.9437199725463281,0.008280525156615924,0.859375,0.24286312664574158,0.8995747464834806,0.0007966095835157949,0.0008444798050213365,0.006365331957617348,0.04481967896602046,0.0,2026-03-11 12:54:19.860817
0.8191990577149588,0.5031292866941015,0.943758573388203,0.008332287041581113,0.8594628357276702,0.24286809349266672,0.8996404053612291,0.0008788825102380438,0.0009316154608522975,0.006259012185266699,0.04481967896602046,0.0,2026-03-11 12:54:19.871607
0.8193054738081225,0.5031485606579849,0.9437971213159698,0.008383982600860087,0.8595505617977528,0.24287305342966337,0.8997059784384189,0.0008219689893518289,0.0008712871287129831,0.006319271602056031,0.04481967896602046,0.0,2026-03-11 12:54:19.889436
0.8194117647058824,0.5031678082191781,0.9438356164383561,0.008435611961849596,0.859638178415471,0.2428780064711444,0.8997714658831211,0.0007651680570329722,0.0008110781404550016,0.006379396210306587,0.04481967896602046,0.0,2026-03-11 12:54:19.902907
0.8195179306290418,0.503187029431896,0.9438740588637919,0.008487175251624658,0.8597256857855362,0.24288295263148255,0.8998368678629691,0.0007084793795212319,0.0007509881422924636,0.006439386461890684,0.04481967896602046,0.0,2026-03-11 12:54:19.919572
0.8196239717978848,0.5032062243502051,0.9439124487004104,0.008538672596932965,0.8598130841121495,0.24288789192501065,0.8999021845451581,0.0006519026243737569,0.0006910167818361401,0.006499242806663252,0.04481967896602046,0.0,2026-03-11 12:54:19.933248
0.8197298884321785,0.5032253930280246,0.9439507860560492,0.008590104124198939,0.8599003735990037,0.24289282436602172,0.8999674160964483,0.0005954374604592028,0.0006311637080868016,0.006558965692473162,0.04481967896602046,0.0,2026-03-11 12:54:19.949960
0.8198356807511737,0.5032445355191257,0.9439890710382514,0.00864146995952233,0.8599875544492844,0.24289774996876923,0.9000325626831651,0.0005390835579515141,0.0005714285714285561,0.006618555565174211,0.04481967896602046,0.0,2026-03-11 12:54:19.973941
0.819941348973607,0.5032636518771332,0.9440273037542662,0.008692770228681734,0.8600746268656716,0.2429026687474669,0.9000976244712009,0.00048284058832270826,0.0005118110236220774,0.006678012868636896,0.04481967896602046,0.0,2026-03-11 12:54:20.000421
0.8200468933177022,0.5032827421555253,0.9440654843110505,0.008744005057138073,0.8601615910503418,0.2429075807162894,0.9001626016260164,0.00042670822433721334,0.00045231071779749943,0.006737338044758512,0.04481967896602046,0.0,2026-03-11 12:54:20.023631
0.8195664909197422,0.5029609747784595,0.9434219495569189,0.007869023222109653,0.8601615910503418,0.24282477601617886,0.8998699609882964,0.0013530044111650374,0.001434184675834893,0.005686653620045279,0.04481967896602046,0.0,2026-03-11 12:54:22.097141
0.819672131147541,0.5029802452316077,0.9434604904632152,0.007920582954905093,0.860248447204969,0.2428297359343599,0.8999350227420403,0.0012961282796674078,0.0013738959764474368,0.005746946322659485,0.04481967896602046,0.0,2026-03-11 12:54:22.120019
0.8197776477472206,0.5029994894486045,0.943498978897209,0.00797207699933266,0.8603351955307262,0.24283468899865926,0.8999999999999999,0.0012393636699963295,0.0013137254901961493,0.005807105486619002,0.04481967896602046,0.0,2026-03-11 12:54:22.123046
0.8198830409356725,0.5030187074829933,0.9435374149659864,0.008023505480845865,0.8604218362282878,0.24283963522327684,0.9000648929266711,0.001321398124467188,0.0014005602240896309,0.005701160739920441,0.04481967896602046,0.0,2026-03-11 12:54:22.132249
0.8199883109292812,0.5030378993881713,0.9435757987763427,0.008074868524576468,0.8605083694978302,0.2428445746223733,0.9001297016861219,0.00140319514202214,0.0014871285937688716,0.0055955890381046425,0.04481967896602046,0.0,2026-03-11 12:54:22.138401
0.8200934579439252,0.5030570652173914,0.9436141304347826,0.008126166255341646,0.8605947955390335,0.24284950721007015,0.9001944264419962,0.0013465417264932888,0.0014270864003173012,0.0056556151065686455,0.04481967896602046,0.0,2026-03-11 12:54:22.144643
0.8201984821949796,0.503076205023761,0.9436524100475221,0.008177398797640891,0.8606811145510835,0.24285443300045015,0.9002590673575129,0.0012899991787053144,0.0013671617062659402,0.0057155085207377665,0.04481967896602046,0.0,2026-03-11 12:54:22.153574
0.8203033838973163,0.5030953188602443,0.9436906377204884,0.008228566275654057,0.8607673267326733,0.24285935200755712,0.9003236245954693,0.0012335671735326237,0.00130735416704153,0.005775269719864418,0.04481967896602046,0.0,2026-03-11 12:54:22.159406
0.8204081632653061,0.503114406779661,0.943728813559322,0.008279668813246772,0.8608534322820037,0.24286426424539617,0.9003880983182405,0.0011772453871201627,0.0012476634394171793,0.005834899141264338,0.04481967896602046,0.0,2026-03-11 12:54:22.162804
0.8205128205128205,0.5031334688346883,0.9437669376693767,0.008330706533975257,0.8609394313967862,0.24286916972793407,0.9004524886877828,0.0012588059971098131,0.0013339873660030976,0.005729698517486503,0.04481967896602046,0.0,2026-03-11 12:54:22.174688
0.8206173558532324,0.5031525050778605,0.943805010155721,0.008381679561077719,0.8610253242742434,0.24287406846909895,0.900516795865633,0.0012025941068659618,0.0012744182571994278,0.005789196596548529,0.04481967896602046,0.0,2026-03-11 12:54:22.180860
0.8207217694994179,0.5031715155615697,0.9438430311231394,0.008432588017479191,0.8611111111111112,0.24287896048278085,0.9005810200129116,0.00128391933269989,0.0013604833296040342,0.005684365097766375,0.04481967896602046,0.0,2026-03-11 12:54:22.189519
0.820826061663758,0.5031905003380663,0.9438810006761326,0.008483432025799422,0.8611967921036398,0.2428838457828315,0.9006451612903226,0.0012278170172906888,0.001301035463275868,0.005743732267963653,0.04481967896602046,0.0,2026-03-11 12:54:22.336785
0.8209302325581396,0.5032094594594594,0.9439189189189189,0.008534211708339423,0.8612823674475956,0.2428887243830648,0.9007092198581561,0.001171823956634066,0.0012417033668921107,0.00580296896086363,0.04481967896602046,0.0,2026-03-11 12:54:22.338030
0.821034282393957,0.5032283929777177,0.9439567859554355,0.008584927187099764,0.8613678373382625,0.24289359629725674,0.9007731958762886,0.0011159398318931757,0.0011824867026023478,0.005862075606139383,0.04481967896602046,0.0,2026-03-11 12:54:22.341889
0.8211382113821138,0.5032473009446694,0.9439946018893387,0.008635578583764701,0.8614532019704434,0.24289846153914532,0.9008370895041854,0.001060164325470514,0.001123385133870114,0.005921052631578938,0.04481967896602046,0.0,2026-03-11 12:54:22.343255
0.820661636680209,0.5031176328948768,0.9439946018893387,0.00829637466681391,0.8609230769230769,0.24239399897687305,0.9005471515931767,0.0010044971210020348,0.0010643983254654543,0.005921052631578938,0.04409535620779936,0.0,2026-03-11 12:54:22.347666
0.8207656612529002,0.5031365153622102,0.9440323668240054,0.008346984363364807,0.8610086100861009,0.2423988474696325,0.9006111289803795,0.0010855879801908719,0.0011502260431335287,0.005816588318431792,0.04409535620779936,0.0,2026-03-11 12:54:22.350694
0.8208695652173913,0.5031553723814743,0.9440700808625337,0.008397530225713842,0.8610940381069453,0.2424036893312528,0.9006750241080038,0.0010300287625399918,0.001091358719393476,0.005875436149949231,0.04409535620779936,0.0,2026-03-11 12:54:22.353255
0.8209733487833141,0.5031742040040795,0.9441077441077441,0.00844801237455426,0.8611793611793612,0.24240852457533146,0.9007388371345969,0.0011108862667383868,0.0011769298100353653,0.0057713370966383515,0.04409535620779936,0.0,2026-03-11 12:54:22.354780
0.8210770121598147,0.5031930102812976,0.9441453566621804,0.008498430930274734,0.8612645794966237,0.24241335321542865,0.9008025682182985,0.0010554347219898785,0.0011181816033276615,0.005830056158283803,0.04409535620779936,0.0,2026-03-11 12:54:22.361786
0.8211805555555556,0.5032117912642626,0.9441829186281103,0.008548786012967977,0.8613496932515338,0.24241817526506762,0.9008662175168431,0.0010000905374442093,0.0010595471395178357,0.0058886468722534335,0.04409535620779936,0.0,2026-03-11 12:54:22.363452
0.821283979178716,0.5032305470039709,0.9442204301075269,0.00859907774241732,0.8614347026364194,0.24242299073773474,0.9009297851875601,0.0010807156924925732,0.0011448677655628847,0.005784911166423434,0.04409535620779936,0.0,2026-03-11 12:54:22.365164
0.8213872832369942,0.503249277551282,0.9442578912021491,0.00864930623810721,0.8615196078431373,0.2424277996468795,0.9009932713873758,0.001025478556659798,0.001086351712991207,0.005843373953070108,0.04409535620779936,0.0,2026-03-11 12:54:22.380794
0.8214904679376083,0.5032679829569189,0.9442953020134228,0.00869947161922507,0.8616044090630741,0.24243260200591477,0.9010566762728146,0.0009703481592537866,0.0010279487349172944,0.005901709230912711,0.04409535620779936,0.0,2026-03-11 12:54:22.393071
0.8210161662817552,0.5031393865439014,0.9442953020134228,0.00836276059750927,0.8610771113831089,0.24193118967595326,0.9007682458386683,0.0010507419652202588,0.0011130199844354705,0.005901709230912711,0.04442318206670315,0.0,2026-03-11 12:54:22.398620
0.8205424120023082,0.5030118485375756,0.9442953020134228,0.008028343993006393,0.8605504587155963,0.24143287567690253,0.9004800000000001,0.0009957179971528118,0.0010547347173488486,0.005901709230912711,0.04371103280021693,0.0,2026-03-11 12:54:22.471429
0.8206459054209919,0.5030305288521251,0.9443326626425218,0.008078489366633355,0.8606356968215159,0.24143765172253362,0.9005436520626797,0.0010758814483743384,0.0011395527328760258,0.005798334973535102,0.04371103280021693,0.0,2026-03-11 12:54:22.476686
0.8207492795389049,0.5030491841260385,0.9443699731903485,0.008128571874993537,0.8607208307880269,0.2414424212716723,0.9006072227548738,0.0011558155334979725,0.0012241137241137956,0.005695320278791938,0.04371103280021693,0.0,2026-03-11 12:54:22.477926
0.820852534562212,0.5030678144096318,0.9444072337575352,0.008178591636232945,0.8608058608058609,0.2414471843375673,0.9006707122325136,0.0012355212355212863,0.0013084188575868128,0.005592663273961018,0.04371103280021693,0.0,2026-03-11 12:54:22.480036
0.8203799654576857,0.5029413217968004,0.9444072337575352,0.00784651154275646,0.860280658938377,0.2409519075404664,0.9003831417624522,0.001180603388896584,0.0012502607749282912,0.005592663273961018,0.043010752688172116,0.0,2026-03-11 12:54:22.481517
0.8204833141542003,0.502959927140255,0.9444444444444444,0.00789648939206624,0.8603658536585366,0.2409566543792005,0.9004467134652202,0.0011257913570051903,0.0011922147502324565,0.005650871459695006,0.043010752688172116,0.0,2026-03-11 12:54:22.484874
0.8205865439907993,0.5029785075936181,0.9444816053511705,0.007946404736393065,0.8604509445460086,0.24096139477432552,0.9005102040816327,0.0010710848343187251,0.0011342804599442369,0.0057089529682021745,0.043010752688172116,0.0,2026-03-11 12:54:22.486294
0.8206896551724138,0.5029970632068028,0.94451871657754,0.007996257692926298,0.8605359317904994,0.24096612873895562,0.9005736137667303,0.001016483516483535,0.0010764575817525657,0.005766908212560429,0.043010752688172116,0.0,2026-03-11 12:54:22.493740
0.8207926479035037,0.5030155940295892,0.9445557782231129,0.008046048378555408,0.8606208155812538,0.24097085628616946,0.9006369426751591,0.0010959618127949211,0.0011605275389263703,0.00566460703790217,0.043010752688172116,0.0,2026-03-11 12:54:22.495263
0.8208955223880597,0.5030341001116242,0.9445927903871829,0.008095776909881077,0.860705596107056,0.24097557742901013,0.9007001909611713,0.0010414653966269727,0.0011028206088149473,0.0057224364293952945,0.043010752688172116,0.0,2026-03-11 12:54:22.499820
0.8209982788296041,0.5030525815024224,0.9446297531687792,0.008145443403211683,0.8607902735562311,0.24098029218048553,0.900763358778626,0.0009870735801063013,0.0010452244405657618,0.0057801403775229465,0.043010752688172116,0.0,2026-03-11 12:54:22.508397
0.8211009174311926,0.5030710382513661,0.9446666666666667,0.008195047974568985,0.8608748481166464,0.24098500055356828,0.9008264462809916,0.0010663254425250512,0.0011290504685559366,0.0056781931861681345,0.043010752688172116,0.0,2026-03-11 12:54:22.513523
0.8212034383954154,0.5030894704077064,0.9447035309793471,0.008244590739681546,0.8609593199757134,0.24098970256119587,0.9008894536213469,0.001012037924789544,0.0010715695674242687,0.0057357720986552785,0.043010752688172116,0.0,2026-03-11 12:54:22.515702
0.8213058419243986,0.5031078780205627,0.9447403462050599,0.008294071813991038,0.8610436893203883,0.24099439821627086,0.9009523809523808,0.0010910643196054837,0.0011551479166906908,0.0056341770564932725,0.043010752688172116,0.0,2026-03-11 12:54:22.523931
0.8214081282198054,0.5031262611389243,0.9447771124417831,0.008343491312653642,0.8611279563371741,0.24099908753166105,0.9010152284263959,0.001036880800946216,0.0010977819323271243,0.00569163133929973,0.043010752688172116,0.0,2026-03-11 12:54:22.529309
0.8215102974828375,0.5031446198116498,0.944813829787234,0.0083928493505366,0.8612121212121212,0.2410037705201994,0.9010779961953075,0.0011156826889585636,0.0011811137037996966,0.005590386624869437,0.043010752688172116,0.0,2026-03-11 12:54:22.531871
0.8216123499142367,0.503162954087468,0.9448504983388705,0.00844214604222145,0.8612961841308298,0.24100844719468417,0.9011406844106463,0.001194261025515675,0.0012641952297125503,0.005489490429249511,0.043010752688172116,0.0,2026-03-11 12:54:22.536830
0.8217142857142857,0.5031812640149783,0.9448871181938912,0.008491381502008554,0.8613801452784504,0.24101311756787927,0.9012032932235592,0.001140181207370472,0.0012069485753696263,0.005546820486579507,0.043010752688172116,0.0,2026-03-11 12:54:22.542437
0.8218161050828098,0.5031995496426512,0.9449236894492369,0.008540555843910575,0.8614640048396854,0.24101778165251417,0.9012658227848102,0.0012185369424074777,0.0012897857291449544,0.005446271013281323,0.043010752688172116,0.0,2026-03-11 12:54:22.547356
0.8213470319634704,0.5030740896225776,0.9449236894492369,0.00821101216097984,0.8609431680773881,0.24052540569055555,0.9009807023093958,0.001164560527356362,0.0012326532718344163,0.005446271013281323,0.042322047454012246,0.0,2026-03-11 12:54:22.552413
0.8214489446662864,0.5030923509987549,0.9449602122015915,0.008260145790669488,0.8610271903323263,0.2405300539838737,0.9010433133101488,0.001242694605434358,0.0013152471347935846,0.005346066478141953,0.042322047454012246,0.0,2026-03-11 12:54:22.559240
0.8215507411630558,0.5031105881716503,0.9449966865473823,0.00830921853606025,0.8611111111111112,0.24053469602678293,0.9011058451816747,0.0013206079657777092,0.0013975940803746534,0.0052462051092188045,0.042322047454012246,0.0,2026-03-11 12:54:22.562566
0.8210826210826211,0.5029861481517399,0.9449966865473823,0.007981940724098814,0.8605914302957152,0.2400453065146628,0.9008212255211623,0.0012667346575364613,0.0013405801756888325,0.0052462051092188045,0.041644632469592824,0.0,2026-03-11 12:54:22.570565
0.8211845102505695,0.5030043611694395,0.9450331125827814,0.008030972496078205,0.8606755126658625,0.24004993288780124,0.9008838383838383,0.0013444282340705493,0.00142268599694928,0.005146685146685148,0.041644632469592824,0.0,2026-03-11 12:54:22.576624
0.8212862834376778,0.5030225500799018,0.9450694904037061,0.008079943616593048,0.8607594936708861,0.24005455304836518,0.9009463722397476,0.0012906577374863781,0.0013657855759370285,0.005203891380997194,0.041644632469592824,0.0,2026-03-11 12:54:22.582411
0.8213879408418657,0.5030407149309588,0.9451058201058201,0.008128854198110423,0.8608433734939759,0.24005916700886268,0.9010088272383354,0.0013681324588753485,0.001447651335024558,0.005104711077038693,0.041644632469592824,0.0,2026-03-11 12:54:22.588533
0.8209209778283115,0.5029172825225456,0.9451058201058201,0.007803840320318868,0.8603251053582179,0.239572724427943,0.9007248660573589,0.0014453892485586373,0.0015292734460196078,0.005104711077038693,0.04196721311475404,0.0,2026-03-11 12:54:22.600615
0.8210227272727273,0.5029354233619027,0.9451421017845341,0.007852709793338793,0.8604091456077015,0.2395773228639132,0.9007874015748032,0.0013917212696037407,0.0014724908075718357,0.005161793889054578,0.04196721311475404,0.0,2026-03-11 12:54:22.611842
0.8211243611584327,0.5029535402371389,0.9451783355350066,0.007901518958816115,0.8604930847865304,0.23958191513724558,0.9008498583569406,0.0013381555153707536,0.00141581632653065,0.005218753677768584,0.04196721311475404,0.0,2026-03-11 12:54:22.619947
0.8212258796821793,0.5029716331957083,0.9452145214521452,0.007950267928318343,0.8605769230769231,0.23958650126032277,0.900912236552375,0.001284691694066753,0.0013592496941688959,0.005275590840457478,0.04196721311475404,0.0,2026-03-11 12:54:22.634520
0.8213272830402722,0.502989702284939,0.9452506596306068,0.007998956813135295,0.8606606606606607,0.23959108124549425,0.9009745363093367,0.0012313295150085946,0.001302790602933146,0.005332305772688839,0.04196721311475404,0.0,2026-03-11 12:54:22.651421
0.8214285714285714,0.503007747552035,0.9452867501647989,0.008047585724282462,0.8607442977190877,0.2395956551050763,0.9010367577756834,0.0013083692912376765,0.0013841886112351265,0.005233463391401516,0.04196721311475404,0.0,2026-03-11 12:54:22.687625
0.8215297450424929,0.5030257690440757,0.9453227931488801,0.008096154772502554,0.8608278344331134,0.23960022285135255,0.9010989010989011,0.0012551084648463329,0.0013278413476531803,0.005290056487043837,0.04196721311475404,0.0,2026-03-11 12:54:22.706085
0.8210645526613817,0.5027146028843822,0.9447004608294931,0.00724743386761057,0.8608278344331134,0.23952134211741194,0.9008160703075958,0.0021507153060571493,0.0022753481395433317,0.00427356676488444,0.04196721311475404,0.0,2026-03-11 12:54:22.729140
0.821165817770232,0.5027327935222672,0.9447368421052632,0.007296311309282202,0.8609112709832134,0.23952595416560415,0.9008782936010038,0.0022275389819321756,0.002356432187118118,0.004175060582172763,0.04196721311475404,0.0,2026-03-11 12:54:22.746507
0.8212669683257918,0.5027509602408388,0.9447731755424064,0.007345128655240848,0.8609946075494308,0.23953056006067397,0.9009404388714735,0.002173580691690602,0.0022993516812691572,0.004232561191679252,0.04196721311475404,0.0,2026-03-11 12:54:23.782641
0.821368004522329,0.502769103087244,0.9448094612352168,0.007393886016251404,0.8610778443113772,0.2395351598149294,0.9010025062656641,0.0021197245951803945,0.0022423792824386446,0.004289938673542215,0.04196721311475404,0.0,2026-03-11 12:54:23.901079
0.8214689265536723,0.5027872221085062,0.9448456992777413,0.007442583502805711,0.8611609814482346,0.2395397534406457,0.9010644959298685,0.0020659704023534564,0.002185514683795242,0.004347193422823636,0.04196721311475404,0.0,2026-03-11 12:54:23.908318
0.8215697346132129,0.5028053173515253,0.9448818897637795,0.00749122122512721,0.861244019138756,0.23954434095006538,0.9011264080100125,0.0021425788858590034,0.0022663723325975216,0.004249021726301261,0.04196721311475404,0.0,2026-03-11 12:54:23.912211
0.8216704288939052,0.5028233888630782,0.9449180327868852,0.00753979929316575,0.8613269575612672,0.23954892235539837,0.9011882426516573,0.002218973079900266,0.00234699075758682,0.004151182815190779,0.04196721311475404,0.0,2026-03-11 12:54:23.916479
0.8217710095882684,0.5028414366898191,0.944954128440367,0.007588317816604106,0.8614097968936678,0.2395534976688222,0.9012499999999999,0.00229515388233803,0.002427371018839053,0.004053675000226242,0.04196721311475404,0.0,2026-03-11 12:54:23.917791
0.8218714768883878,0.50285946087828,0.9449901768172888,0.007636776904857109,0.8614925373134328,0.23955806690248185,0.901311680199875,0.002241501304242166,0.0023706276718424846,0.004110807410299788,0.04196721311475404,0.0,2026-03-11 12:54:23.925220
0.8219718309859155,0.5028774614748712,0.9450261780104712,0.007685176667067728,0.8615751789976134,0.2395626300684901,0.9013732833957553,0.002187950053017196,0.002313991488863132,0.0041678178728599136,0.04196721311475404,0.0,2026-03-11 12:54:23.926635
0.8220720720720721,0.5028954385258815,0.9450621321124918,0.007733517212114815,0.8616577221228384,0.2395671871789277,0.9014348097317529,0.0021344998418888483,0.002257462166606272,0.00422470677793052,0.04196721311475404,0.0,2026-03-11 12:54:23.934145
0.8216094541361846,0.5027730015401168,0.9450621321124918,0.007411257852215716,0.8611442193087009,0.23908370094004955,0.9011537262238853,0.0022104681455751285,0.002337618968108246,0.00422470677793052,0.042284673432214426,0.0,2026-03-11 12:54:23.935952
0.8217097862767154,0.5027909550917141,0.9450980392156862,0.007459558836478478,0.8612269207861822,0.23908824282215865,0.9012153318790901,0.002286224838387585,0.002417539667102009,0.004127528381259737,0.042284673432214426,0.0,2026-03-11 12:54:23.942608
0.821247892074199,0.502669501535554,0.9450980392156862,0.007139472437213671,0.8607142857142858,0.2386076629536907,0.9009345794392524,0.0022328753816629465,0.00236112595586746,0.004127528381259737,0.04161827332559043,0.0,2026-03-11 12:54:24.018259
0.8213483146067416,0.5026874316337853,0.9451338994121489,0.007187733496101439,0.8607971445568114,0.2386121896991455,0.9009962640099627,0.0023084213465398573,0.0024408161002384965,0.004030677736348354,0.04161827332559043,0.0,2026-03-11 12:54:24.025346
0.8208871420550252,0.5025669497060744,0.9451338994121489,0.006869800670897583,0.8602853745541023,0.23813448713852625,0.9007158418923125,0.0022551723596018203,0.0023845131272848263,0.004030677736348354,0.04096262160778297,0.0,2026-03-11 12:54:24.026487
0.8209876543209876,0.5025848563968668,0.9451697127937336,0.006918021445866654,0.8603683897801545,0.23813899883812398,0.9007776049766719,0.002330508474576276,0.0024639737176136434,0.0039341531878844815,0.04096262160778297,0.0,2026-03-11 12:54:24.027660
0.8210880538418396,0.5026027397260274,0.9452054794520548,0.006966183456798547,0.8604513064133017,0.23814350456630826,0.9008392912651538,0.002405635612810264,0.0025432012856835273,0.003837953091684443,0.04096262160778297,0.0,2026-03-11 12:54:24.033919
0.8211883408071748,0.5026205997392438,0.9452411994784876,0.007014286811046577,0.8605341246290801,0.2381480043349288,0.9009009009009009,0.0024805546426279745,0.0026221968550181884,0.0037420758145990662,0.04096262160778297,0.0,2026-03-11 12:54:24.035228
0.8207282913165266,0.5025010778268932,0.9452411994784876,0.006698524655161242,0.8600237247924081,0.23767313246793542,0.9006211180124225,0.002555266427549996,0.0027009614431559026,0.0037420758145990662,0.0412750825501651,0.0,2026-03-11 12:54:24.041201
0.8208286674132139,0.5025189145697341,0.9452768729641694,0.006746587603102388,0.8601066982809722,0.23767761732804213,0.9006828057107388,0.0025021176268525958,0.002644782228383713,0.0037988435505428297,0.0412750825501651,0.0,2026-03-11 12:54:24.042546
0.8203693340794628,0.5024003412439895,0.9452768729641694,0.006432939978279747,0.8595971563981043,0.23720556598356102,0.9004033509152963,0.002576623025628444,0.00272332127088315,0.0037988435505428297,0.04158266129032262,0.0,2026-03-11 12:54:24.051040
0.8204697986577181,0.5024181547619048,0.9453125,0.006480962173614901,0.8596802841918295,0.23721003602393426,0.9004651162790698,0.0025235741286918634,0.0026672520717853088,0.0038554905040696363,0.04158266129032262,0.0,2026-03-11 12:54:24.052581
0.820570150922303,0.5024359451002262,0.9453480806766428,0.006528926048753942,0.8597633136094674,0.23721450016366072,0.9005268050821197,0.002470624854096992,0.0026112881669579924,0.003912017060245798,0.04158266129032262,0.0,2026-03-11 12:54:24.063912
0.8206703910614526,0.5024537123041675,0.9453836150845254,0.006576831709873095,0.8598462448255471,0.23721895841441876,0.900588417466708,0.002417774921480653,0.002555429260075903,0.003968423602502158,0.04158266129032262,0.0,2026-03-11 12:54:24.085421
0.820212171970966,0.5023360763169663,0.9453836150845254,0.006265314351292103,0.859338061465721,0.23674968207271813,0.9003095975232199,0.0023650240515308285,0.0024996750559245218,0.003968423602502158,0.04093749999999996,0.0,2026-03-11 12:54:24.094498
0.8203125,0.5023538204316237,0.9454191033138402,0.006313179148943025,0.8594211458948612,0.23675412563828618,0.900371287128713,0.0024393239181721427,0.0025780026831994096,0.003872867522324963,0.04093749999999996,0.0,2026-03-11 12:54:24.101761
0.8204127161182376,0.5023715415019763,0.9454545454545454,0.006360985952822222,0.859504132231405,0.23675856334975393,0.9004329004329004,0.0023866718326230885,0.002522357257509822,0.003929154432466331,0.04093749999999996,0.0,2026-03-11 12:54:24.112377
0.8199554069119287,0.5020647749395316,0.9448410123296561,0.005526170363938607,0.859504132231405,0.23668173110260673,0.9001545595054097,0.001083356548116532,0.0011465260261408483,0.005506158740517186,0.04093749999999996,0.0,2026-03-11 12:54:24.129730
0.8200557103064067,0.5020826604737957,0.9448767833981842,0.005574279417188551,0.8595870206489675,0.23668621136869433,0.90021624961384,0.0011591425436223712,0.0012266326480545597,0.005408448509976904,0.04093749999999996,0.0,2026-03-11 12:54:24.138989
0.8201559020044543,0.5021005228252544,0.9449125081011017,0.005622330250193502,0.8596698113207547,0.23669068574292612,0.900277863538129,0.0011065889652491778,0.0011710191815664794,0.00546461616818994,0.04093749999999996,0.0,2026-03-11 12:54:24.148705
0.8196994991652755,0.5017945278420611,0.944300518134715,0.004792900217424784,0.8596698113207547,0.2366140247900674,0.9,0.0019887130571160094,0.002104504210368785,0.004462463894851165,0.04093749999999996,0.0,2026-03-11 12:54:24.162253
0.8197997775305895,0.5018125535643476,0.944336569579288,0.004841250046977182,0.859752504419564,0.23661854146448438,0.9000616903146206,0.0019354830423686797,0.002048174922564816,0.004519512789109337,0.04093749999999996,0.0,2026-03-11 12:54:24.173219
0.8193440800444691,0.5015071407022585,0.94372574385511,0.004016809957873661,0.859752504419564,0.23654200303729533,0.8997841504779527,0.002815188158245885,0.0029791001325251143,0.0035204749908770427,0.04093749999999996,0.0,2026-03-11 12:54:24.191454
0.8194444444444444,0.5015253288910578,0.9437621202327084,0.0040654558826530626,0.8598351001177856,0.23654656180787112,0.8998459167950693,0.0028907659504674443,0.003058833738285305,0.003423090461105227,0.04093749999999996,0.0,2026-03-11 12:54:24.207770
0.818989450305386,0.5012204961648845,0.9431524547803618,0.0032459705485891614,0.8598351001177856,0.23647014553651585,0.8995686999383857,0.001594394283725431,0.0016894090593544409,0.004989923517122907,0.04093749999999996,0.0,2026-03-11 12:54:24.573714
0.8190899001109878,0.5012388459212498,0.9431891542930924,0.0032949096868982223,0.8599175985874044,0.23647474620030684,0.8996305418719213,0.0016714373338785338,0.0017708987717436342,0.004890421579599069,0.04093749999999996,0.0,2026-03-11 12:54:24.581135
0.8191902384914033,0.50125717200051,0.9432258064516129,0.0033437897414159163,0.86,0.2364793408384256,0.8996923076923077,0.001748269595932772,0.0018521522820679204,0.004791249665085262,0.04093749999999996,0.0,2026-03-11 12:54:24.582521
0.8192904656319291,0.5012754744484624,0.9432624113475178,0.0033926108190736066,0.8600823045267489,0.23648392946270494,0.8997539975399755,0.0016943685512956774,0.001795048421734946,0.004849171862207902,0.04093749999999996,0.0,2026-03-11 12:54:24.588324
0.8193905817174515,0.5012937533107861,0.9432989690721649,0.003441373026545632,0.8601645123384254,0.23648851208494687,0.8998156115550092,0.001770990889136681,0.0018760713905181525,0.004750328331517006,0.04093749999999996,0.0,2026-03-11 12:54:24.589796
0.8194905869324474,0.5013120086330423,0.9433354797166774,0.003490076470249782,0.8602466236054023,0.23649308871692257,0.8998771498771498,0.0018474041619358506,0.001956860188871312,0.004651811556299457,0.04093749999999996,0.0,2026-03-11 12:54:24.596397
0.819590481460985,0.5013302404606753,0.9433719433719434,0.003538721256347156,0.8603286384976526,0.23649765937037223,0.899938612645795,0.0017936034916836707,0.0018998719066534164,0.004709611683459736,0.04093749999999996,0.0,2026-03-11 12:54:24.676763
0.8196902654867256,0.5013484488390123,0.9434083601286174,0.003587307490743265,0.8604105571847507,0.23650222405700572,0.8999999999999999,0.0017399029157016965,0.0018429896491464204,0.004767290126141743,0.04093749999999996,0.0,2026-03-11 12:54:24.677866
0.8192371475953566,0.5012317391194268,0.9434083601286174,0.003278915026226637,0.8599062133645955,0.23603620936962147,0.8997240110395585,0.001686302154916719,0.0017862131207426746,0.004767290126141743,0.040302579365079416,0.0,2026-03-11 12:54:24.681890
0.8193370165745857,0.5012499240936785,0.9434447300771208,0.0033274620019341375,0.8599882835383714,0.2360407591183868,0.8997854734906526,0.0017625072171632006,0.0018667825359275358,0.004669098488796264,0.040302579365079416,0.0,2026-03-11 12:54:24.686149
0.8188845941468802,0.5011341297444427,0.9434447300771208,0.0030211074708638387,0.8594847775175644,0.2355774794585975,0.8995098039215685,0.0018385049186960822,0.0019471197625959835,0.004669098488796264,0.04060538944259884,0.0,2026-03-11 12:54:24.687472
0.8189845474613686,0.5011522913597037,0.9434810533076429,0.0030696148388204034,0.8595669982445875,0.23558201435738868,0.8995713410900184,0.0019142961047357021,0.002027225803000632,0.004571230382380942,0.04060538944259884,0.0,2026-03-11 12:54:24.694793
0.8190843905129619,0.5011704296609529,0.9435173299101413,0.003118063984013677,0.8596491228070176,0.23558654334761756,0.8996328029375765,0.001989881615915068,0.002107101653634258,0.004473684210526296,0.04060538944259884,0.0,2026-03-11 12:54:24.696186
0.8191841234840133,0.5011885446930536,0.9435535599743425,0.0031664550112084616,0.8597311513734658,0.2355910664408267,0.8996941896024465,0.0019363803922902711,0.0020504487774682945,0.004531241352592863,0.04060538944259884,0.0,2026-03-11 12:54:24.703623
0.8192837465564738,0.5012066365007541,0.9435897435897436,0.003214788024914531,0.8598130841121495,0.23559558364852848,0.8997555012224939,0.002011761064685813,0.002130099950843789,0.004434015529414248,0.04060538944259884,0.0,2026-03-11 12:54:24.705063
0.8193832599118943,0.5012247051286882,0.9436258808456118,0.0032630631293950954,0.8598949211908932,0.2356000949822054,0.8998167379352474,0.0019583591012162227,0.002073556695405432,0.00449145175311505,0.04060538944259884,0.0,2026-03-11 12:54:24.711631
0.8194826637314254,0.5012427506213752,0.9436619718309859,0.003311280428660618,0.8599766627771295,0.23560460045331008,0.8998778998778999,0.0019050561219235984,0.0020171182467426663,0.004548767439095713,0.04060538944259884,0.0,2026-03-11 12:54:24.713241
0.819031903190319,0.501127860915493,0.9436619718309859,0.0030070375346292755,0.8594752186588921,0.23514398495809297,0.8996032956972839,0.001980232787086811,0.002096550185755275,0.004548767439095713,0.04090354090354098,0.0,2026-03-11 12:54:24.730556
0.8191313908741067,0.5011458833173384,0.9436980166346769,0.0030552154393331333,0.8595571095571095,0.23514847578112877,0.8996645318694723,0.0019270285170150947,0.0020402207364959013,0.004605962966405475,0.04090354090354098,0.0,2026-03-11 12:54:24.738700
0.8192307692307692,0.5011638826726343,0.9437340153452686,0.0031033357529585024,0.8596389050669773,0.2351529607758253,0.8997256933861627,0.0018739226822255262,0.0019839955045338753,0.004663038712506173,0.04090354090354098,0.0,2026-03-11 12:54:24.746209
0.8193300384404174,0.5011818590255591,0.9437699680511182,0.003151398578709109,0.859720605355064,0.23515743995352395,0.8997867803837953,0.0018209150097924232,0.0019278742009120053,0.004719995053280357,0.04090354090354098,0.0,2026-03-11 12:54:24.754472
0.8194291986827662,0.5011998124201789,0.9438058748403576,0.003199404019541993,0.8598022105875509,0.23516191332553665,0.899847792998478,0.001768005227797853,0.0018718565377401353,0.004776832363039274,0.04090354090354098,0.0,2026-03-11 12:54:24.756768
0.8195282501371366,0.5012177429004467,0.9438417358008935,0.003247352178168709,0.8598837209302326,0.23516638090314612,0.8999087313659873,0.0018429787127848263,0.0019510790378551857,0.004679925313051392,0.04090354090354098,0.0,2026-03-11 12:54:24.765194
0.819078947368421,0.5011037472778787,0.9438417358008935,0.00294518119987098,0.8593840790238234,0.2347084128328741,0.8996350364963505,0.001790166550314165,0.001895169166283961,0.004679925313051392,0.040278619018776496,0.0,2026-03-11 12:54:24.781545
0.8191780821917808,0.5011216548876359,0.9438775510204082,0.0029930900675099147,0.859465737514518,0.23471286593833926,0.899696048632219,0.0017374517374517673,0.0018393623543838666,0.004736643964543652,0.040278619018776496,0.0,2026-03-11 12:54:24.790621
0.8192771084337349,0.5011395396706123,0.9439133205863608,0.00304094186473596,0.8595473012188044,0.2347173132831193,0.8997569866342648,0.0018122228648544958,0.001918367346938843,0.004640054122575288,0.040278619018776496,0.0,2026-03-11 12:54:24.801644
0.819376026272578,0.5011574016704256,0.9439490445859873,0.003088736693464129,0.8596287703016241,0.2347217548783877,0.8998178506375227,0.0018867924528301883,0.0019971469329529423,0.004543779933685377,0.040278619018776496,0.0,2026-03-11 12:54:24.817715
0.8194748358862144,0.5011752409305827,0.9439847231063018,0.003136474655367679,0.8597101449275363,0.23472619073528914,0.8998786407766991,0.0019611613151316876,0.0020757020757020683,0.004447819853078849,0.040278619018776496,0.0,2026-03-11 12:54:24.827453
0.8195735374521597,0.5011930574944803,0.9440203562340967,0.003184155851878116,0.8597914252607184,0.23473062086493932,0.8999393571861735,0.0020353302611367807,0.0021540337329811754,0.004352172346024918,0.040278619018776496,0.0,2026-03-11 12:54:24.844972
0.819672131147541,0.5012108514054039,0.9440559440559441,0.003231780384182735,0.8598726114649682,0.23473504527842545,0.9,0.0021093000958772867,0.0022321428571429047,0.004256835887774368,0.040278619018776496,0.0,2026-03-11 12:54:24.861317
0.8197706171490988,0.5012286227065297,0.9440914866581956,0.0032793483532325887,0.8599537037037037,0.234739463986806,0.9000605693519078,0.0020566823637014897,0.002176460739996555,0.004313436252193603,0.040278619018776496,0.0,2026-03-11 12:54:24.877898
0.8198689956331878,0.501246371440924,0.9441269841269841,0.003326859859738224,0.8600347021399652,0.23474387700111096,0.9001210653753026,0.0021304538878931245,0.0022543526246358025,0.004218409327898298,0.040278619018776496,0.0,2026-03-11 12:54:24.888591
0.8199672667757774,0.5012640976515436,0.9441624365482234,0.0033743150041684665,0.8601156069364162,0.23474828433234188,0.9001814882032668,0.0020779329684721404,0.002198777297135024,0.004274891774891709,0.040278619018776496,0.0,2026-03-11 12:54:24.905387
0.8195201744820065,0.5011509857159722,0.9441624365482234,0.0030742651816474537,0.8596187175043327,0.23429290410849918,0.8999092833383732,0.0021515069785428276,0.002276452851234456,0.004274891774891709,0.04057221854901727,0.0,2026-03-11 12:54:24.930373
0.8196185286103542,0.5011686894456652,0.9441978440076094,0.0031216815720666886,0.8596997690531177,0.2342972972290003,0.8999697793895436,0.0020990826049295253,0.0022209840026662375,0.004331256672567729,0.04057221854901727,0.0,2026-03-11 12:54:24.941595
0.8197167755991286,0.501186370737171,0.944233206590621,0.003169041807730947,0.8597807270628968,0.23430168469932755,0.9000302023557837,0.0020467545111575447,0.0021656170252616347,0.0043875043875043485,0.04057221854901727,0.0,2026-03-11 12:54:24.958084
0.8198149156232989,0.5012040296331208,0.9442685243825206,0.0032163459883378658,0.8598615916955017,0.23430606653037658,0.9000905523694537,0.0021201317992761703,0.002243081451002271,0.0042927854921371855,0.04057221854901727,0.0,2026-03-11 12:54:24.975423
0.8199129488574538,0.5012216661760377,0.9443037974683545,0.003263594213346109,0.8599423631123919,0.2343104427330151,0.9001508295625942,0.0020678997203551486,0.0021878203547746056,0.004348916389389612,0.04057221854901727,0.0,2026-03-11 12:54:24.991750
0.8200108754758021,0.5012392804083374,0.9443390259329538,0.0033107865819815385,0.8600230414746544,0.23431481331808285,0.9002110340669279,0.0020157633922662788,0.0021326605621148076,0.004404930832498266,0.04057221854901727,0.0,2026-03-11 12:54:25.019260
0.8201086956521739,0.5012568723723283,0.9443742098609356,0.003357923193234222,0.8601036269430051,0.23431917829639182,0.9002711660138596,0.002088944746371224,0.0022099147104972516,0.004310518470773017,0.04057221854901727,0.0,2026-03-11 12:54:25.034441
0.8202064095600218,0.5012744421102118,0.9444093493367025,0.0034050041458621757,0.8601841196777905,0.23432353767872618,0.9003312255344775,0.002161930950198565,0.0022869509346247208,0.00421641115706628,0.04057221854901727,0.0,2026-03-11 12:54:25.054291
0.8203040173724213,0.5012919896640827,0.9444444444444444,0.003452029538389604,0.8602645198389879,0.23432789147584246,0.9003912127595546,0.0022347227833099392,0.002363770155303868,0.004122607415339319,0.04057221854901727,0.0,2026-03-11 12:54:25.069283
0.8198589256646771,0.5009940576626807,0.9438485804416403,0.002650358108042213,0.8602645198389879,0.23425395934228566,0.9001203369434416,0.0009775337870779888,0.0010353597294121553,0.005639411737192734,0.04057221854901727,0.0,2026-03-11 12:54:25.086404
0.81941431670282,0.5008818191783492,0.9438485804416403,0.0023525588952067484,0.8597701149425288,0.233801294263575,0.8998496240601503,0.0009254929467695794,0.0009802404168601786,0.005639411737192734,0.03995706106870234,0.0,2026-03-11 12:54:25.117069
0.8195121951219512,0.5008995213913247,0.9438839848675914,0.0023998843898716993,0.8598506605399195,0.23380567924817863,0.8999098286744814,0.0008735473321523912,0.0009252219630684344,0.005695310088191463,0.03995706106870234,0.0,2026-03-11 12:54:25.141476
0.8196099674972914,0.5009172012952732,0.9439193446754883,0.00244715412851755,0.8599311136624569,0.23381005862456905,0.8999699609492341,0.0008216966820957516,0.000870304091459162,0.005751092707614536,0.03995706106870234,0.0,2026-03-11 12:54:25.156590
0.8197076340010828,0.50093485893234,0.9439546599496221,0.0024943682096177614,0.8600114744693058,0.2338144324035006,0.9000300210147103,0.0007699407364227806,0.0008154865264646816,0.005806759954505192,0.03995706106870234,0.0,2026-03-11 12:54:25.174871
0.8198051948051948,0.5009524943445649,0.9439899307740718,0.0025415267314146,0.8600917431192661,0.23381880059570034,0.9000900090009001,0.0007182792359061718,0.0007607689935231754,0.005862312186422858,0.03995706106870234,0.0,2026-03-11 12:54:25.198909
0.819902650081125,0.5009701075738812,0.9440251572327044,0.0025886297919216835,0.8601719197707737,0.23382316321186772,0.9001499250374814,0.0007924506354145544,0.0008392620653546734,0.005766522282160902,0.03995706106870234,0.0,2026-03-11 12:54:25.227587
0.82,0.5009876986621173,0.9440603394091767,0.0026356774889173366,0.8602520045819015,0.233827520262675,0.9002097692538208,0.0007408833217722455,0.0007846485812862403,0.005821959855189296,0.03995706106870234,0.0,2026-03-11 12:54:25.252879
0.8195569962182604,0.5006911972992375,0.9434673366834171,0.001840568057425034,0.8602520045819015,0.2337540704351168,0.8999400838825644,0.0016001567500489866,0.0016946807774780304,0.004846355288891768,0.03995706106870234,0.0,2026-03-11 12:54:25.271627
0.8196544276457883,0.5007089413869075,0.943502824858757,0.0018878945618952536,0.8603319977103606,0.23375846668028014,0.9,0.0016741314084445236,0.0017728863510775295,0.0047508728963611135,0.03995706106870234,0.0,2026-03-11 12:54:25.294574
0.8197517539125742,0.5007266632109795,0.9435382685069009,0.0019351655050297862,0.8604118993135011,0.23376285732693,0.9000598444045482,0.0016219229924478995,0.0017175982251484978,0.004807143931642055,0.03995706106870234,0.0,2026-03-11 12:54:25.317801
0.8193096008629989,0.5004308831895039,0.9429467084639498,0.0011450590380853065,0.8604118993135011,0.23368956594487242,0.8997906072390068,0.0024789004099349254,0.0026251276813075153,0.00383449259853752,0.03995706106870234,0.0,2026-03-11 12:54:25.350507
0.8194070080862533,0.5004487570277044,0.9429824561403509,0.001192605843768336,0.8604917095483133,0.23369399555883327,0.8998505231689089,0.0024260558884254824,0.0025691659267876865,0.00389158977793691,0.03995706106870234,0.0,2026-03-11 12:54:25.377168
0.8195043103448276,0.5004666084816367,0.9430181590482154,0.0012400968946177262,0.8605714285714285,0.23369841954157217,0.8999103674932776,0.002373307273488723,0.0025133057362507483,0.00394856971466806,0.03995706106870234,0.0,2026-03-11 12:54:25.398934
0.819601507808293,0.5004844375933237,0.9430538172715894,0.001287532288644981,0.8606510565391206,0.23370283790382293,0.8999701403404001,0.002447085972524299,0.002591234094327932,0.003853393355446766,0.03995706106870234,0.0,2026-03-11 12:54:25.424665
0.8196986006458558,0.5005022444046835,0.943089430894309,0.001334912123633511,0.860730593607306,0.233707250656292,0.9000298418382573,0.002394433003308216,0.0025354795476826286,0.003910256410256441,0.03995706106870234,0.0,2026-03-11 12:54:25.450708
0.8197955890263583,0.500520028957529,0.943125,0.001382236497136916,0.8608100399315459,0.2337116578096587,0.9000894721145243,0.0023418754199059366,0.002479826005650776,0.003967002942412812,0.03995706106870234,0.0,2026-03-11 12:54:25.486842
0.8193548387096774,0.5004086538461539,0.943125,0.0010868870276841151,0.8603192702394526,0.23326177932166192,0.8998211091234347,0.0024154589371980784,0.002557544757033292,0.003967002942412812,0.040246212121212155,0.0,2026-03-11 12:54:25.509538
0.8194519075765717,0.5004264161821939,0.94316052467208,0.0011341744328328114,0.8603988603988604,0.23326617241387573,0.8998808104886771,0.002362996480643531,0.0025019962736225754,0.004023633309713115,0.040246212121212155,0.0,2026-03-11 12:54:25.535689
0.8195488721804511,0.5004441563430327,0.9431960049937578,0.0011814065762829726,0.8604783599088838,0.23327055993900145,0.8999404407385349,0.002436385589699719,0.002579501946017748,0.003928761514841339,0.040246212121212155,0.0,2026-03-11 12:54:27.116429
0.8196457326892109,0.5004618743701713,0.9432314410480349,0.0012285835548509867,0.8605577689243028,0.23327494190761686,0.8999999999999999,0.002384018001963528,0.0025240582202606943,0.003985276073619648,0.040246212121212155,0.0,2026-03-11 12:54:27.117804
0.8197424892703863,0.5004795703050067,0.9432668329177057,0.001275705465122199,0.8606370875995449,0.23327931833027307,0.900059488399762,0.002331745025948684,0.0024687146638365798,0.004041675178753867,0.040246212121212155,0.0,2026-03-11 12:54:27.125316
0.8198391420911528,0.5004972441888329,0.9433021806853582,0.0013227724034614993,0.8607163160886867,0.2332836892174944,0.9001189060642092,0.002404940496194774,0.0025460124247425053,0.0039471064886580365,0.040246212121212155,0.0,2026-03-11 12:54:27.126759
0.819935691318328,0.5005148960628413,0.9433374844333748,0.0013697844660073494,0.8607954545454546,0.2332880545797787,0.9001782531194296,0.0024779430930014223,0.0026230945712525378,0.003852839453076018,0.040246212121212155,0.0,2026-03-11 12:54:27.133788
0.8194965184788431,0.5004043744005955,0.9433374844333748,0.0010764348098055822,0.8603066439522998,0.23284071369917483,0.8999108999108999,0.0024257644725389493,0.0025678594625621054,0.003852839453076018,0.03964059196617342,0.0,2026-03-11 12:54:27.141451
0.8190578158458244,0.5002946964151607,0.9433374844333748,0.0007849591694620372,0.8598183881952327,0.23239593638053482,0.899643705463183,0.0024985749572488114,0.0026447311525196193,0.003852839453076018,0.0399253948825552,0.0,2026-03-11 12:54:27.158522
0.8191546281433922,0.5003123263204396,0.9433727442439328,0.0008319520188279453,0.8598979013045944,0.23240027955583384,0.8997032640949555,0.0024464904370936624,0.002589599905558737,0.003909123457995656,0.0399253948825552,0.0,2026-03-11 12:54:27.160643
0.8192513368983957,0.5003299342979758,0.943407960199005,0.0008788901956321886,0.8599773242630385,0.23240461724815972,0.8997627520759193,0.002394499762920832,0.0025345679941780608,0.00396529271468915,0.0399253948825552,0.0,2026-03-11 12:54:27.167857
0.8193479422768573,0.5003475203886535,0.9434431323803605,0.0009257737952300842,0.860056657223796,0.23240894946789104,0.899822169531713,0.0023426026813208045,0.002479635150144599,0.004021347573711198,0.0399253948825552,0.0,2026-03-11 12:54:27.176168
0.8189102564102564,0.5002386764563399,0.9434431323803605,0.0006362084496041441,0.8595696489241224,0.231966686556246,0.8995555555555557,0.0022907989397955575,0.0024248011061902552,0.004021347573711198,0.0393290919606708,0.0,2026-03-11 12:54:27.184540
0.8184730379071009,0.5001306570992712,0.9434431323803605,0.0003484856571466693,0.8590831918505942,0.23152693888768608,0.8992890995260664,0.002363418069749157,0.0025014758707636586,0.004021347573711198,0.03960964408725598,0.0,2026-03-11 12:54:27.186943
0.8185699039487727,0.5001482213438735,0.9434782608695652,0.00039534869127029265,0.8591628959276018,0.2315312492247838,0.8993487270574303,0.002311707416708275,0.0024467445676147337,0.00407728838418997,0.03960964408725598,0.0,2026-03-11 12:54:27.206566
0.8181333333333334,0.4998553975509282,0.9428926132836747,-0.0003848988232418024,0.8591628959276018,0.23145937858849536,0.8990825688073394,0.001071799987265698,0.0011358992910938115,0.005575678249995164,0.03960964408725598,0.0,2026-03-11 12:54:27.219349
0.8182302771855011,0.4998731107602075,0.9429280397022333,-0.00033776387802910747,0.8592425098925947,0.23146372675057159,0.8991422656018929,0.001145758632343341,0.001214185883997132,0.005479478640869395,0.03960964408725598,0.0,2026-03-11 12:54:27.232422
0.8183271177410761,0.49989080200642505,0.9429634221946683,-0.0002906835909112017,0.8593220338983051,0.23146806943972123,0.8992018918120012,0.0010941408170995759,0.0011594853381208248,0.005535305750513753,0.03960964408725598,0.0,2026-03-11 12:54:27.242564
0.8184238551650692,0.4999084713304044,0.942998760842627,-0.0002436578668681519,0.8594014680971203,0.23147240666627317,0.899261447562777,0.0010426155898652922,0.0011048829098155855,0.005591019505620909,0.03960964408725598,0.0,2026-03-11 12:54:27.255410
0.8179882916444917,0.49980126721376633,0.942998760842627,-0.0005293657886459824,0.8589164785553047,0.23103525347786788,0.8989958653278204,0.000991182701747917,0.0010503783353245089,0.005591019505620909,0.039022445026774544,0.0,2026-03-11 12:54:27.277269
0.8180851063829787,0.5015745683912383,0.942998760842627,0.004187936759676732,0.8589164785553047,0.23816324228456487,0.8989958653278204,-0.00024395278575317647,-0.00025886101154926067,0.005591019505620909,0.03189143341815104,0.0,2026-03-11 12:54:27.290896
0.8176501860712387,0.5014619272377929,0.942998760842627,0.003890672113607939,0.8584320360970107,0.23771682531797897,0.8987304399173309,-0.00016866961838502004,-0.00017896290993690833,0.005591019505620909,0.03221823080377195,0.0,2026-03-11 12:54:27.301503
0.8172157279489904,0.5013501266899703,0.942998760842627,0.0035952621340097565,0.8579481397970687,0.2372729092904243,0.8984651711924438,-9.358301281148229e-05,-9.928613270582254e-05,0.005591019505620909,0.032540257424639285,0.0,2026-03-11 12:54:27.318158
0.8173127987254382,0.5013677741324338,0.9430340557275542,0.0036424044791731427,0.8580281690140845,0.23727734961527824,0.8985250737463127,-0.00014492380981312447,-0.00015375573174081225,0.005646620251082757,0.032540257424639285,0.0,2026-03-11 12:54:27.328829
0.8174097664543525,0.5013853997340032,0.943069306930693,0.0036894923258559468,0.8581081081081081,0.23728178436174177,0.8985849056603774,-0.00019617276281302942,-0.00020812788963264772,0.005702108330393751,0.032540257424639285,0.0,2026-03-11 12:54:27.354352
0.8175066312997348,0.5014030035351997,0.943104514533086,0.0037365257685078143,0.8581879572312887,0.23728621354032275,0.8986446670595168,-0.0002473301180417886,-0.0002624028676176948,0.0057574840856574605,0.032540257424639285,0.0,2026-03-11 12:54:27.367714
0.8176033934252386,0.5014205855764441,0.9431396786155748,0.0037835049013583036,0.8582677165354331,0.2372906371615027,0.8987043580683157,-0.0002983961208503638,-0.00031658092599906595,0.005812747857594114,0.032540257424639285,0.0,2026-03-11 12:54:27.387300
0.8177000529941706,0.5014381458980576,0.9431747992588018,0.003830429818422545,0.8583473861720068,0.237295055235737,0.8987639788110653,-0.00022350530825110404,-0.00023710729104919892,0.005716853644052833,0.032540257424639285,0.0,2026-03-11 12:54:27.404634
0.8172669491525424,0.5013271765810737,0.9431747992588018,0.0035369420749246996,0.8578651685393258,0.23685357568082266,0.8984995586937333,-0.00014880952380946777,-0.000157853196527169,0.005716853644052833,0.03285761699303025,0.0,2026-03-11 12:54:27.422085
0.8168343038644785,0.5010360732479692,0.9425925925925925,0.0027555691180959087,0.8578651685393258,0.23678046144056206,0.898235294117647,0.000692276241451073,0.0007343482782243838,0.004761904761904745,0.03285761699303025,0.0,2026-03-11 12:54:27.449375
0.816931216931217,0.5027777777777778,0.9425925925925925,0.007377049180328953,0.8578651685393258,0.24361531662966232,0.898235294117647,0.0015318627450980893,0.0016249593760157,0.004761904761904745,0.03985507246376818,0.0,2026-03-11 12:54:27.467448
0.817028027498678,0.5027954851829004,0.9426280074028378,0.007424375739555349,0.8579449747332959,0.24361989310800639,0.8982951205173428,0.001479482042149094,0.0015693953154288787,0.004817964858328083,0.03985507246376818,0.0,2026-03-11 12:54:27.485460
0.8171247357293869,0.5028131707539846,0.9426633785450061,0.007471647765177246,0.8580246913580247,0.2436244638575337,0.8983548766157461,0.0015539835592708329,0.001648294285626628,0.004722374588411293,0.03985507246376818,0.0,2026-03-11 12:54:27.502830
0.8172213417855256,0.5028308345313891,0.9426987060998152,0.007518865351395851,0.8581043185642176,0.24362902888899707,0.8984145625367,0.0015016960604194995,0.0015928334765000773,0.004778321660446783,0.03985507246376818,0.0,2026-03-11 12:54:27.518809
0.8173178458289335,0.5028484765553731,0.9427339901477833,0.007566028592197638,0.8581838565022422,0.24363358821312214,0.8984741784037559,0.0015760040671072284,0.00167151946511368,0.004683033891384247,0.03985507246376818,0.0,2026-03-11 12:54:27.555914
0.8174142480211082,0.5028660968660968,0.9427692307692308,0.007613137581353384,0.8582633053221288,0.24363814184060784,0.898533724340176,0.0016501193163197536,0.0017499889860832507,0.004588047189522548,0.03985507246376818,0.0,2026-03-11 12:54:27.573930
0.8175105485232067,0.5028836955036217,0.9428044280442804,0.007660192412416045,0.8583426651735723,0.24364268978212647,0.8985932004689331,0.001597924773022008,0.0016946354883080605,0.00464388157863338,0.03985507246376818,0.0,2026-03-11 12:54:27.594414
0.8176067474960463,0.5029012725079105,0.942839582052858,0.007707193178725194,0.8584219362059318,0.24364723204832342,0.8986526069127123,0.0016718480138169234,0.0017728937728938021,0.004549194519364197,0.03985507246376818,0.0,2026-03-11 12:54:27.611680
0.8177028451001054,0.5029188279188279,0.9428746928746928,0.007754139973407291,0.8585011185682326,0.24365176864981786,0.898711943793911,0.0016197461784114298,0.0017176429254582848,0.004604916565639883,0.03985507246376818,0.0,2026-03-11 12:54:27.636224
0.817798841495524,0.5029363617761408,0.9429097605893186,0.007801032889372346,0.8585802124091672,0.24365629959720217,0.8987712112346401,0.0016934781559700962,0.001795690829307084,0.004510527733329162,0.03985507246376818,0.0,2026-03-11 12:54:27.666001
0.8178947368421052,0.5029538741195183,0.9429447852760736,0.007847872019317812,0.858659217877095,0.24366082490104246,0.8988304093567252,0.0016414687816743712,0.0017405423432569345,0.004566137775491641,0.03985507246376818,0.0,2026-03-11 12:54:27.694180
0.8179905312993162,0.5029713649885323,0.9429797670141018,0.00789465745573065,0.8587381351200447,0.24366534457187858,0.8988895382817067,0.0015895516225812312,0.0016854916382103013,0.00462163615090283,0.03985507246376818,0.0,2026-03-11 12:54:27.713268
0.8180862250262881,0.502988834422658,0.9430147058823529,0.007941389290882816,0.8588169642857143,0.24366985862022406,0.8989485981308412,0.0015377264336549068,0.0016305384543419121,0.004677023195570951,0.03985507246376818,0.0,2026-03-11 12:54:27.737823
0.8181818181818182,0.5030062824612732,0.9430496019595835,0.00798806761683757,0.8588957055214724,0.24367436705656634,0.8990075890251021,0.0014859929707266017,0.001575682532745759,0.004732299244157634,0.03985507246376818,0.0,2026-03-11 12:54:27.756616
0.8182773109243697,0.5030237091436601,0.9430844553243574,0.00803469252544736,0.8589743589743589,0.24367886989136664,0.8990665110851808,0.0014343509904913843,0.0015209236154318795,0.0047874646299843615,0.03985507246376818,0.0,2026-03-11 12:54:27.798505
0.8183727034120735,0.5030411145090045,0.9431192660550459,0.00808126410835174,0.8590529247910863,0.24368336713506045,0.8991253644314867,0.0015078924461442433,0.001598779114130977,0.004693372617900926,0.03985507246376818,0.0,2026-03-11 12:54:27.818210
0.8184679958027282,0.5030584985963958,0.9431540342298288,0.008127782456984268,0.85913140311804,0.2436878587980571,0.899184149184149,0.0014563417061568273,0.0015441212062539122,0.004748427672955913,0.03985507246376818,0.0,2026-03-11 12:54:27.842949
0.8180388044048243,0.502942330768051,0.9431540342298288,0.00782371012989087,0.8586533110740122,0.24323783466738744,0.8989222254587824,0.0015296933774079369,0.0016217679445843514,0.004748427672955913,0.040167865707434136,0.0,2026-03-11 12:54:27.868367
0.8181341719077568,0.5029596936164841,0.9431887599266952,0.007870192768773328,0.8587319243604005,0.24324231247549707,0.898981077147016,0.001602855997959951,0.0016992025333564253,0.00465463108320241,0.040167865707434136,0.0,2026-03-11 12:54:27.887714
0.8177056050288108,0.5026717849596078,0.9426129426129426,0.007090375383364003,0.8587319243604005,0.24316805134951805,0.8987194412107101,0.002434008789728881,0.0025803153290021585,0.0037105751391465214,0.040167865707434136,0.0,2026-03-11 12:54:27.932235
0.8178010471204189,0.5026892916885239,0.9426479560707749,0.007137116891576078,0.8588104502501389,0.24317256755912217,0.8987783595113438,0.002381861488390702,0.0025250334904250993,0.0037664075303082134,0.040167865707434136,0.0,2026-03-11 12:54:27.961054
0.8178963893249608,0.5027067770677707,0.9426829268292682,0.007183805087782481,0.8588888888888889,0.24317707817743328,0.8988372093023256,0.002454835788169185,0.002602192915971968,0.0036729049737515007,0.040167865707434136,0.0,2026-03-11 12:54:27.986641
0.8174686192468619,0.5025914634146341,0.9426829268292682,0.006881853576063543,0.858411993337035,0.24272964987168186,0.898575995350189,0.002527622493346593,0.0026791420978523606,0.0036729049737515007,0.040476190476190554,0.0,2026-03-11 12:54:28.013733
0.8170412963930999,0.5024769945501653,0.9426829268292682,0.006581739086568535,0.8579356270810211,0.24228468222001284,0.8983149331783846,0.00260022232636703,0.0027558818942039487,0.0036729049737515007,0.04078014184397172,0.0,2026-03-11 12:54:28.036791
0.8166144200626959,0.5021897663579564,0.9421084704448507,0.005806984363762133,0.8579356270810211,0.24221084870246112,0.8980540226546617,0.0013905847239180646,0.0014757225641579552,0.005144640296871006,0.04078014184397172,0.0,2026-03-11 12:54:28.082369
0.816710182767624,0.50220739471653,0.9421437271619976,0.0058539644413813235,0.8580144204104271,0.24221538081301827,0.8981132075471698,0.0013385293120975472,0.001420480086307574,0.005200361357242778,0.04078014184397172,0.0,2026-03-11 12:54:28.109052
0.8168058455114823,0.502225001616359,0.9421789409616556,0.005900891046373243,0.8580931263858093,0.24221990732205884,0.8981723237597911,0.0014123991042772621,0.0014987550277725248,0.0051049975074775045,0.04078014184397172,0.0,2026-03-11 12:54:29.935763
0.8169014084507042,0.5022425870966016,0.9422141119221411,0.005947764269980963,0.8581717451523546,0.24222442823996365,0.8982313714120035,0.00136043533930863,0.0014436141304348116,0.005160607569721143,0.04078014184397172,0.0,2026-03-11 12:54:29.937638
0.8169968717413972,0.5022601511963214,0.9422492401215805,0.00599458420323732,0.858250276854928,0.2422289435770879,0.8982903506230078,0.001434116206188496,0.001521680967760397,0.00506554126706904,0.04078014184397172,0.0,2026-03-11 12:54:29.942589
0.8170922355393434,0.5022776939544862,0.9422843256379101,0.0060413509369700346,0.8583287216380742,0.24223345334376137,0.8983492615117289,0.0013822438462594011,0.0014666413674013778,0.005121040662522058,0.04078014184397172,0.0,2026-03-11 12:54:29.945902
0.8171875,0.5022952154099696,0.9423193685488768,0.006088064561800829,0.8584070796460177,0.24223795755028812,0.8984081041968163,0.0013304626504073713,0.0014116984974471558,0.0051764297212046895,0.04078014184397172,0.0,2026-03-11 12:54:29.953051
0.8172826652785008,0.5023127156015506,0.9423543689320388,0.006134725168145197,0.8584853510226644,0.24224245620694687,0.8984668787966444,0.0012787723785165905,0.0013568521031207537,0.005231708771826549,0.04078014184397172,0.0,2026-03-11 12:54:29.965349
0.8173777315296566,0.5023301945679144,0.9423893268647665,0.006181332846211521,0.8585635359116022,0.24224694932399113,0.8985255854293148,0.0012271727913132358,0.0013021019305385906,0.005286878141792295,0.04078014184397172,0.0,2026-03-11 12:54:29.971193
0.8169526781071242,0.5022165612426023,0.9423893268647665,0.005883372350205805,0.8580894533406958,0.24180448877322286,0.8982658959537573,0.0011756636503627016,0.0012474477267078177,0.005286878141792295,0.04015357542793163,0.0,2026-03-11 12:54:29.975330
0.817047817047817,0.5022340190223402,0.9424242424242424,0.005929944458143599,0.858167770419426,0.2418089681643668,0.8983246678220681,0.0011242447180653814,0.001192889239521211,0.00534193815720907,0.04015357542793163,0.0,2026-03-11 12:54:29.980311
0.8171428571428572,0.50225145565395,0.9424591156874621,0.005976463822883896,0.858246001103144,0.24181344204640812,0.8983833718244804,0.0010729157576530035,0.0011384262177539517,0.00539688914289238,0.04015357542793163,0.0,2026-03-11 12:54:29.985766
0.8172377985462098,0.5022688711758364,0.9424939467312349,0.00602293053397142,0.8583241455347299,0.24181791042950615,0.8984420080784766,0.0010216765331854116,0.0010840584110597407,0.005451731422372652,0.04015357542793163,0.0,2026-03-11 12:54:29.991277
0.8173326414115205,0.502286265626311,0.9425287356321839,0.006069344680751701,0.8584022038567493,0.24182237332379525,0.8985005767012688,0.000970526809546679,0.0010297855699668013,0.005506465317901221,0.04015357542793163,0.0,2026-03-11 12:54:29.996846
0.8174273858921162,0.5023036390435927,0.9425634824667473,0.006115706352367851,0.8584801762114538,0.2418268307393849,0.8985590778097983,0.0010440194749786746,0.0011076791990627388,0.0054116951719551665,0.04015357542793163,0.0,2026-03-11 12:54:30.003968
0.8175220321410057,0.5023209914658081,0.9425981873111783,0.00616201563776154,0.8585580627407815,0.24183128268635976,0.8986175115207373,0.0009929590178732184,0.0010535052994508076,0.0054663210045113875,0.04015357542793163,0.0,2026-03-11 12:54:30.007746
0.8176165803108808,0.5023383229309919,0.9426328502415459,0.006208272625672166,0.8586358635863587,0.2418357291747796,0.8986758779504893,0.0009419875938229127,0.0009994258617389562,0.005520839093808183,0.04015357542793163,0.0,2026-03-11 12:54:30.013560
0.8177110305541171,0.5023556334770868,0.9426674713337356,0.00625447740464027,0.8587135788894997,0.2418401702146799,0.8987341772151899,0.0010152927779655263,0.0010771171013870262,0.00542636372281069,0.04015357542793163,0.0,2026-03-11 12:54:30.018912
0.817287784679089,0.5022428265759588,0.9426674713337356,0.0059584540668489085,0.8582417582417582,0.24140006035002268,0.898475697440322,0.000964410154305595,0.0010231360770982523,0.00542636372281069,0.03953636074944433,0.0,2026-03-11 12:54:30.027002
0.8173823072943611,0.5022601162408159,0.9427020506634499,0.006004623647612045,0.8583196046128501,0.24140448787933916,0.8985340615119287,0.0010375285736479167,0.001100621527450829,0.005332181753586518,0.03953636074944433,0.0,2026-03-11 12:54:30.033022
0.8174767321613237,0.5022773850621952,0.9427365883062085,0.006050741201237631,0.858397365532382,0.2414089099900118,0.8985923585176674,0.000986734518523491,0.0010467386446498805,0.005386592418076708,0.03953636074944433,0.0,2026-03-11 12:54:30.220840
0.8175710594315245,0.5022946330777656,0.9427710843373494,0.006096806815618993,0.8584750411409764,0.24141332669198423,0.8986505885730691,0.0009360288008861684,0.0009929494712103137,0.00544089597495967,0.03953636074944433,0.0,2026-03-11 12:54:30.222963
0.8171487603305785,0.5021826436179501,0.9427710843373494,0.005802618141305118,0.8580043859649122,0.24097558684555867,0.8983926521239954,0.0008854111904906814,0.0009392537628853947,0.00544089597495967,0.038928289992119836,0.0,2026-03-11 12:54:30.227669
0.81672689726381,0.502071462746292,0.9427710843373494,0.005510199654346825,0.8575342465753425,0.24054021957606206,0.8981348637015782,0.0008348814578910124,0.0008856512762762669,0.00544089597495967,0.038329161451814864,0.0,2026-03-11 12:54:30.233017
0.8168214654282766,0.5020886899936318,0.9428055388320289,0.005556246151532713,0.8576122672508215,0.24054461492512094,0.8981932893604818,0.0007844393744372846,0.0008321417688287314,0.005495092740187002,0.038329161451814864,0.0,2026-03-11 12:54:30.236935
0.8169159360495101,0.5021058965102286,0.9428399518652226,0.005602240896359565,0.8576902025177887,0.24054900490478345,0.8982516480366867,0.0007340847122718763,0.0007787249988289169,0.0055491830284689625,0.038329161451814864,0.0,2026-03-11 12:54:30.310032
0.8170103092783505,0.5021230823334802,0.9428743235117258,0.005648183976021623,0.8577680525164114,0.24055338952488484,0.8983099398453165,0.0008070170796564691,0.0008560262140485664,0.0054552930963586155,0.038329161451814864,0.0,2026-03-11 12:54:30.316718
0.8171045852653271,0.5021402475006943,0.9429086538461539,0.005694075477523792,0.8578458173865501,0.24055776879523616,0.8983681649012311,0.0007567496117113492,0.0008027060658638563,0.005509277221169895,0.038329161451814864,0.0,2026-03-11 12:54:30.318163
0.8171987641606591,0.5021573920490888,0.9429429429429429,0.005739915487676674,0.8579234972677595,0.24056214272562465,0.8984263233190272,0.000829496636358118,0.0008798030361372167,0.005415677969963895,0.038329161451814864,0.0,2026-03-11 12:54:30.325644
0.8172928461142563,0.5021745160157927,0.9429771908763506,0.0057857040930904,0.85800109229929,0.24056651132581355,0.8984844152130398,0.0009020590238864035,0.000956692477553811,0.0053223680518373895,0.038329161451814864,0.0,2026-03-11 12:54:30.329878
0.8173868312757202,0.5021916194378453,0.943011397720456,0.00583144138018465,0.8580786026200873,0.24057087460554247,0.8985424406973421,0.0008518785238790239,0.0009034727817183175,0.00537624632542355,0.038329161451814864,0.0,2026-03-11 12:54:30.334839
0.8174807197943444,0.5022087023521977,0.9430455635491607,0.0058771274351849135,0.8581560283687943,0.24057523257452718,0.898600399885747,0.0009242569763311392,0.0009801596160285975,0.005283224400871478,0.038329161451814864,0.0,2026-03-11 12:54:30.342653
0.8175745118191161,0.502225764795712,0.9430796884361894,0.005922762344124131,0.8582333696837514,0.24057958524245984,0.898658292891807,0.0009964521921949077,0.0010566405796429423,0.005190489138644616,0.038329161451814864,0.0,2026-03-11 12:54:30.344492
0.8176682074987159,0.5022428068051623,0.9431137724550899,0.005968346192841932,0.8583106267029973,0.24058393261900907,0.8987161198288159,0.0010684648664255336,0.0011329165004592134,0.005098039215686301,0.038329161451814864,0.0,2026-03-11 12:54:30.351463
0.8177618069815195,0.5022598284172344,0.943147815679234,0.006013879066986305,0.8583877995642701,0.24058827471381994,0.898773880809809,0.001018371108855387,0.0010798010014807513,0.005151811949069551,0.038329161451814864,0.0,2026-03-11 12:54:30.359449
0.8178553104155978,0.5022768296685265,0.9431818181818182,0.0060593610520134535,0.8584648884050081,0.24059261153651407,0.8988315759475635,0.000968363869001232,0.0010267772391152619,0.005205479452054851,0.038329161451814864,0.0,2026-03-11 12:54:30.361927
0.8179487179487179,0.5022938105955492,0.9432157800358637,0.006104792233188253,0.8585418933623504,0.2405969430966898,0.8988892053545998,0.0009184429229173174,0.0009738449759083556,0.0052590420332356835,0.038329161451814864,0.0,2026-03-11 12:54:30.437247
0.8175294720656073,0.5021834295862772,0.9432157800358637,0.005814336303959295,0.8580750407830342,0.2401638249361225,0.8986332574031889,0.0008686080474301638,0.0009210039752242105,0.0052590420332356835,0.03773877931355807,0.0,2026-03-11 12:54:30.440696
0.8176229508196722,0.502200390225454,0.9432497013142175,0.0058597326496980925,0.8581521739130434,0.24016814345521664,0.8986909504837791,0.0008188590201350099,0.0008682540012423523,0.005312500000000053,0.03773877931355807,0.0,2026-03-11 12:54:30.441918
0.8177163338453661,0.5022173306131215,0.9432835820895522,0.005905078367396248,0.8582292232482347,0.2401724567403582,0.8987485779294653,0.0008906898441782829,0.0009443458588878073,0.005220334101382451,0.03773877931355807,0.0,2026-03-11 12:54:30.443225
0.8178096212896623,0.5022342507855291,0.9433174224343676,0.005950373541701689,0.8583061889250815,0.24017676480105865,0.8988061398521887,0.0008410264434360881,0.0008916906870165553,0.005273687759918988,0.03773877931355807,0.0,2026-03-11 12:54:30.447638
0.8179028132992328,0.5022511507788403,0.9433512224209899,0.005995618257072105,0.8583830710797613,0.24018106764680644,0.8988636363636364,0.000912676105249588,0.0009675830901910709,0.005181804578781923,0.03773877931355807,0.0,2026-03-11 12:54:30.452263
0.8179959100204499,0.502268030629132,0.9433849821215733,0.006040812597777266,0.8584598698481561,0.240185365287067,0.8989210675752414,0.0008630981101837021,0.0009150224617321401,0.0052350542340855455,0.03773877931355807,0.0,2026-03-11 12:54:30.453681
0.8180889115993868,0.5022848903723953,0.9434187016081,0.006085956647901909,0.8585365853658536,0.24018965773128295,0.8989784335981839,0.0008136053006764232,0.000862552143631512,0.0052882001899630104,0.03773877931355807,0.0,2026-03-11 12:54:30.455193
0.8181818181818182,0.5023017300445358,0.9434523809523809,0.006131050491339027,0.8586132177681474,0.240193944988874,0.899035734543392,0.0007641974573656674,0.0008101719033302146,0.005341242749039132,0.03773877931355807,0.0,2026-03-11 12:54:30.459782
0.8177641653905053,0.502192140296979,0.9434523809523809,0.005842441714181116,0.8581483486735246,0.23976310348508043,0.8987808335696059,0.0007148743616419706,0.000757881509066971,0.005341242749039132,0.0371569534381746,0.0,2026-03-11 12:54:30.462132
0.8178571428571428,0.5022089599338164,0.9434860202260559,0.005887500994510717,0.8582251082251082,0.2397673778845758,0.8988381977897422,0.0006656357956454917,0.0007056807298755352,0.005394182212762444,0.0371569534381746,0.0,2026-03-11 12:54:30.467275
0.8179500254971953,0.5022257595710857,0.9435196195005945,0.005932510241318486,0.8583017847485127,0.2397716471254873,0.8988954970263381,0.0007371049797215701,0.0007813903256327359,0.00530258045025056,0.0371569534381746,0.0,2026-03-11 12:54:30.482410
0.8180428134556575,0.5022425392444367,0.9435531788472965,0.005977469537896077,0.8583783783783784,0.23977591121714975,0.8989527313897537,0.0006879507263379825,0.0007292828794557282,0.005355417118898531,0.0371569534381746,0.0,2026-03-11 12:54:30.485139
0.8181355068772287,0.5022592989894346,0.9435866983372921,0.006022378967343983,0.8584548892490546,0.2397801701688756,0.899009900990099,0.000638880569196254,0.0006772645820317669,0.005408151291584118,0.0371569534381746,0.0,2026-03-11 12:54:30.490916
0.8182281059063137,0.50227603884156,0.9436201780415431,0.006067238612587149,0.8585313174946004,0.23978442398995475,0.899067005937235,0.0005898942926650941,0.0006253352047744798,0.005460783266260649,0.0371569534381746,0.0,2026-03-11 12:54:30.497633
0.8183206106870229,0.5022927588362096,0.9436536180308422,0.006112048556357377,0.8586076632487858,0.2397886726896547,0.8991240463407743,0.0006611836800516357,0.0007008547008546806,0.005369461631462902,0.0371569534381746,0.0,2026-03-11 12:54:30.503740
0.818413021363174,0.5023094590086961,0.943687018375815,0.006156808881210776,0.8586839266450917,0.23979291627722082,0.8991810223100819,0.0006122810692361647,0.000649017933390339,0.005421991704929963,0.0371569534381746,0.0,2026-03-11 12:54:30.512614
0.8185053380782918,0.5023261393942482,0.9437203791469194,0.006201519669517425,0.8587601078167116,0.23979715476187605,0.899237933954276,0.0006833913375589029,0.0007243402193034543,0.005330948914818667,0.0371569534381746,0.0,2026-03-11 12:54:30.518937
0.8185975609756098,0.5023428000280117,0.9437537004144464,0.006246181003461909,0.8588362068965517,0.23980138815282123,0.8992947813822285,0.0006345721782976543,0.000672595810818799,0.005383377382727761,0.0371569534381746,0.0,2026-03-11 12:54:30.525404
0.8186896901980701,0.5023594409450489,0.9437869822485208,0.006290792965055963,0.8589122240172321,0.23980561645923504,0.8993515647025655,0.0007055040017814873,0.0007477216614625304,0.00529261216209842,0.0371569534381746,0.0,2026-03-11 12:54:30.532949
0.8187817258883249,0.502376062180339,0.9438202247191011,0.00633535563612148,0.8589881593110872,0.2398098396902741,0.8994082840236687,0.0007762580512715722,0.0008226479746543669,0.005202123243510659,0.0371569534381746,0.0,2026-03-11 12:54:30.542022
0.8188736681887366,0.502392663768779,0.943853427895981,0.006379869098303177,0.8590640129101668,0.2398140578550732,0.899464939453675,0.0007275221301334955,0.0007709995482689802,0.005254450400370647,0.0371569534381746,0.0,2026-03-11 12:54:30.548855
0.8189655172413793,0.5040695710908476,0.943853427895981,0.010835782812245138,0.8590640129101668,0.246325580874811,0.899464939453675,0.001530657990803319,0.0016221315759110677,0.005254450400370647,0.04377774376243693,0.0,2026-03-11 12:54:30.555994
0.8190572731880386,0.5040861530672517,0.9438865918487891,0.010880356799309591,0.8591397849462366,0.24632990837839372,0.8995215311004785,0.001481362981922918,0.0015698906501653287,0.005306676539553301,0.04377774376243693,0.0,2026-03-11 12:54:30.568808
0.8191489361702128,0.5041027154663518,0.9439197166469894,0.010924881614367162,0.8592154755507792,0.24633423069687396,0.8995780590717299,0.0015519399249060983,0.001644562334217503,0.0052164626632711375,0.04377774376243693,0.0,2026-03-11 12:54:30.583085
0.8192405063291139,0.5041192583227981,0.943952802359882,0.010969357338738255,0.8592910848549946,0.2463385478395671,0.8996345234748384,0.0016223404255318874,0.0017190362124841485,0.005126522577205472,0.04377774376243693,0.0,2026-03-11 12:54:30.596267
0.819331983805668,0.5057842303614357,0.943952802359882,0.015381351437360535,0.8592910848549946,0.2526380616517475,0.8996345234748384,0.0024234693877550617,0.0025679145830517225,0.005126522577205472,0.05030395136778121,0.0,2026-03-11 12:54:30.606580
0.8194233687405159,0.5058007537097966,0.9439858490566038,0.015425885858488697,0.8593666129898014,0.25264248389633076,0.8996909244169711,0.002373619371282887,0.00251509337354483,0.005178647990950913,0.05030395136778121,0.0,2026-03-11 12:54:30.624862
0.8190091001011123,0.5056808677907132,0.9439858490566038,0.015115606293255075,0.8589055793991416,0.2521941384074502,0.899438202247191,0.0023238539898132737,0.0024623618435107852,0.005178647990950913,0.04964539007092206,0.0,2026-03-11 12:54:30.634357
0.8191005558362809,0.5056973716654756,0.9440188568061285,0.015160108314288975,0.8589812332439678,0.2521985475244903,0.8994946659180236,0.0023940787089143933,0.002536583393968783,0.0050889804506004666,0.04964539007092206,0.0,2026-03-11 12:54:30.657185
0.8191919191919191,0.505713856101045,0.9440518256772674,0.01520456136841094,0.8590568060021436,0.2522029513712781,0.899551066217733,0.0024641283040277573,0.0026106088505023495,0.00499958421899549,0.04964539007092206,0.0,2026-03-11 12:54:30.664675
0.8187783947501261,0.5054360303724761,0.9434961742201294,0.01443742144160718,0.8590568060021436,0.2521287194487367,0.8992987377279102,0.0012886734169614833,0.0013669811807398569,0.006421032084766964,0.04964539007092206,0.0,2026-03-11 12:54:30.675263
0.8188698284561049,0.5054526491447643,0.9435294117647058,0.014482114809817839,0.8591322978039636,0.2521331604130871,0.8993552004485562,0.0013599236415545723,0.001442451989195126,0.006329896397398782,0.04964539007092206,0.0,2026-03-11 12:54:30.682922
0.8189611699445285,0.5054692483770498,0.9435626102292769,0.014526759054306657,0.8592077087794433,0.2521375960777632,0.899411599887924,0.0013102426797311217,0.0013897560877359494,0.0063819213768210314,0.04964539007092206,0.0,2026-03-11 12:54:30.934074
0.8190524193548387,0.5054858281037744,0.9435957696827262,0.014571354256019279,0.8592830390583199,0.2521420264522479,0.8994679361523382,0.001260645922927739,0.0013371495013639878,0.006433846211913341,0.04964539007092206,0.0,2026-03-11 12:54:30.935779
0.8191435768261964,0.5055023883592992,0.9436288901937757,0.014615900495724234,0.8593582887700535,0.2521464515460018,0.899524209347887,0.0013317191283293006,0.0014124293785310327,0.006342985029627601,0.04964539007092206,0.0,2026-03-11 12:54:30.940340
0.8192346424974823,0.5055189291779043,0.9436619718309859,0.014660397854009393,0.8594334580438269,0.25215087136846254,0.8995804195804196,0.0014026159734197297,0.0014875111507582917,0.006252397114055563,0.04964539007092206,0.0,2026-03-11 12:54:30.941865
0.8193256165072974,0.5055354505937897,0.9436950146627566,0.014704846411290865,0.8595085470085471,0.2521552859290457,0.8996365669555494,0.001353103207737072,0.0014350015597842658,0.006304222093695744,0.04964539007092206,0.0,2026-03-11 12:54:30.946512
0.8194164989939637,0.5055519526410749,0.943728018757327,0.014749246247805303,0.8595835557928457,0.25215969523714415,0.8996926515786533,0.00142382434813082,0.0015098899460467274,0.006213906213906162,0.04964539007092206,0.0,2026-03-11 12:54:30.951230
0.8195072900955254,0.5055684353537997,0.9437609841827768,0.014793597443614089,0.8596584845250801,0.2521640993021286,0.8997486735548729,0.001374395360393521,0.0014574731351347792,0.006265631625862134,0.04964539007092206,0.0,2026-03-11 12:54:30.953409
0.8195979899497488,0.5055848987659243,0.9437939110070258,0.014837900078601557,0.8597333333333333,0.2521684981333473,0.8998046329891153,0.0013250499381468606,0.00140514494097832,0.0063172577567970345,0.04964539007092206,0.0,2026-03-11 12:54:30.958323
0.8196885986941236,0.5056013429113289,0.943826799297835,0.014882154232482788,0.8598081023454158,0.25217289174012647,0.8998605299860529,0.0013955960262128642,0.0014798446052231018,0.0062272126892407575,0.04964539007092206,0.0,2026-03-11 12:54:30.963320
0.8192771084337349,0.505482304242557,0.943826799297835,0.014574166650634554,0.8593500266382526,0.25172696231651165,0.8996095928611266,0.0013463339577199918,0.0014276087110731694,0.0062272126892407575,0.048996104285286224,0.0,2026-03-11 12:54:30.965439
0.8193677872553938,0.5054987291550431,0.9438596491228071,0.014618389175470125,0.8594249201277955,0.25173134294795174,0.899665551839465,0.0012971550319588188,0.001375460978769949,0.006278739824718493,0.048996104285286224,0.0,2026-03-11 12:54:30.970490
0.8194583751253761,0.5055151348683328,0.9438924605493864,0.01466256338175021,0.8594997339010112,0.2517357183827439,0.8997214484679666,0.0013675267168405947,0.001449972626374918,0.006188964353172843,0.048996104285286224,0.0,2026-03-11 12:54:31.034830
0.8195488721804511,0.5055315214160695,0.9439252336448598,0.01470668934862554,0.8595744680851064,0.2517400886301316,0.8997772828507795,0.0014377246444756686,0.001524289217310626,0.006099457268687103,0.048996104285286224,0.0,2026-03-11 12:54:31.041994
0.8196392785571143,0.5055478888318182,0.9439579684763573,0.014750767155068524,0.8596491228070176,0.25174445369933646,0.8998330550918198,0.0015077494576160033,0.0015984115165053048,0.006010217369528115,0.048996104285286224,0.0,2026-03-11 12:54:31.043190
0.8192288432648973,0.5054296884635308,0.9439579684763573,0.014444628241531572,0.859192348565356,0.2513008507930958,0.8995827538247565,0.001458653464275983,0.0015463633457879489,0.006010217369528115,0.04835589941972929,0.0,2026-03-11 12:54:31.050488
0.8193193193193193,0.505446036780778,0.9439906651108518,0.014488674403797601,0.8592671269251195,0.25130520301066794,0.8996385877119822,0.0015285058025070741,0.0016202959681929086,0.005921243461126768,0.04835589941972929,0.0,2026-03-11 12:54:31.051745
0.8194097048524263,0.5054623660329323,0.9440233236151604,0.01453267256695225,0.8593418259023354,0.25130955007752726,0.8996943595443179,0.001479492531986537,0.0015683393420014013,0.005972671885617009,0.04835589941972929,0.0,2026-03-11 12:54:31.059585
0.8195,0.5054786762533241,0.9440559440559441,0.014576622809412352,0.8594164456233422,0.2513138920028137,0.8997500694251596,0.0014305617753893607,0.0015164701848775497,0.006024001882500518,0.04835589941972929,0.0,2026-03-11 12:54:31.061363
0.8195902048975512,0.5054949674752065,0.9440885264997088,0.01462052520942469,0.8594909862142099,0.2513182287956457,0.8998057174576741,0.0013817133245224156,0.0014646882761255586,0.006075233734074592,0.04835589941972929,0.0,2026-03-11 12:54:31.069223
0.8196803196803197,0.5055112397317549,0.9441210710128056,0.014664379845067266,0.859565447800742,0.2513225604651203,0.899861303744799,0.0014513938242830537,0.001538439607747244,0.00598652462897209,0.04835589941972929,0.0,2026-03-11 12:54:31.071076
0.8197703444832751,0.5055274930560676,0.944153577661431,0.014708186794245738,0.8596398305084746,0.25132688702031286,0.8999168283892431,0.0015209031188846422,0.0016119988786095218,0.005898079146767321,0.04835589941972929,0.0,2026-03-11 12:54:31.076053
0.8198602794411177,0.505543727481166,0.9441860465116279,0.01475194613469533,0.8597141344626786,0.25133120847027735,0.8999722914934885,0.0014721367662544615,0.0015603116246498683,0.005949213134250453,0.04835589941972929,0.0,2026-03-11 12:54:31.081796
0.8199501246882793,0.5055599430399947,0.9442184776292853,0.014795657943988686,0.8597883597883598,0.2513355248240466,0.9000276931597895,0.0014234523050644654,0.0015087111670865072,0.006000249537787994,0.04835589941972929,0.0,2026-03-11 12:54:31.094055
0.8195413758723828,0.505442572147976,0.9442184776292853,0.014491416163397912,0.8593336858804865,0.2508941978376922,0.899778516057586,0.0014927910247098941,0.0015820867166951302,0.006000249537787994,0.04865556978233032,0.0,2026-03-11 12:54:31.099798
0.8196312904833084,0.505458768873403,0.9442508710801394,0.01453509664293021,0.8594080338266384,0.25089850153400534,0.8998339789706695,0.001444188248857392,0.001530576622651214,0.006051188636457039,0.04865556978233032,0.0,2026-03-11 12:54:31.105654
0.8197211155378487,0.5054749467982201,0.9442832269297736,0.014578729749880854,0.8594823032223983,0.2509028001610416,0.8998893805309734,0.0013956669529309185,0.001479152882495005,0.006102030708271422,0.04865556978233032,0.0,2026-03-11 12:54:31.111579
0.8193130910900945,0.50535839668167,0.9442832269297736,0.01427627194932831,0.8590285110876452,0.2504637748025483,0.8996405861210948,0.001347226932207013,0.0014278152792570609,0.006102030708271422,0.04802425665101717,0.0,2026-03-11 12:54:31.117835
0.8189054726368159,0.505242658761054,0.9442832269297736,0.013975552890122764,0.858575197889182,0.25002704600508086,0.8993919292426755,0.0014163957040101982,0.0015010115512628097,0.006102030708271422,0.04831973581973581,0.0,2026-03-11 12:54:31.123272
0.8189955246146196,0.505258817917977,0.9443155452436195,0.01401916994876196,0.8586497890295358,0.25003132458547633,0.8994475138121547,0.001368036754450741,0.0014497636254958701,0.006152776030187046,0.04831973581973581,0.0,2026-03-11 12:54:31.128753
0.8190854870775348,0.5052749583396455,0.9443478260869566,0.01406273979757997,0.8587243015287296,0.2500355981321116,0.8995030369961347,0.0014370362024551664,0.0015227737709544442,0.006064592997484408,0.04831973581973581,0.0,2026-03-11 12:54:31.134315
0.8191753601589667,0.5052910800586238,0.944380069524913,0.014106262513186859,0.8587987355110642,0.2500398666538667,0.8995584988962472,0.0013887581207042698,0.0014716152848448516,0.006115241845404018,0.04831973581973581,0.0,2026-03-11 12:54:31.136935
0.8192651439920556,0.5053071831074005,0.9444122756224667,0.014149738172018315,0.8588730911005793,0.25004413015960064,0.8996138996138996,0.0014575888659018599,0.0015444400159426719,0.006027320095761124,0.04831973581973581,0.0,2026-03-11 12:54:31.147812
0.8193548387096774,0.5053232675183894,0.9444444444444444,0.014193166850353042,0.8589473684210527,0.25004838865815177,0.8996692392502756,0.0014093914492834259,0.0014933707325308632,0.006077872744539414,0.04831973581973581,0.0,2026-03-11 12:54:31.155007
0.8189484126984127,0.5052083333333334,0.9444444444444444,0.013894249324584967,0.8584955286691215,0.24961389938349204,0.8994213281895839,0.0014780541096330868,0.0015660107578130411,0.006077872744539414,0.04861111111111116,0.0,2026-03-11 12:54:31.169818
0.8185423896876549,0.504935214639162,0.9438982070561018,0.013140797698555464,0.8584955286691215,0.2495417044725436,0.8991735537190083,0.00032703710495751714,0.00034692163785920993,0.00746950105924471,0.04861111111111116,0.0,2026-03-11 12:54:31.186265
0.8181367690782954,0.5046624116891458,0.9433526011560693,0.012391018511851214,0.8584955286691215,0.2494695721673879,0.8989259157256954,0.0011136446923734056,0.0011813565947557114,0.0065711911792776245,0.04861111111111116,0.0,2026-03-11 12:54:31.196728
0.8182268449727588,0.5046787743115733,0.9433853264009243,0.012434976269587441,0.8585699263932702,0.24947389922495986,0.8989815579410956,0.0010649118167578298,0.001129660659432652,0.0066224515550071805,0.04861111111111116,0.0,2026-03-11 12:54:31.222314
0.8183168316831683,0.5046951180395176,0.9434180138568129,0.012478886597718888,0.8586442459274829,0.24947822121100907,0.8990371389270977,0.00101626016260159,0.0010780508840017022,0.006673614846691822,0.04861111111111116,0.0,2026-03-11 12:54:31.233335
0.8179119247897081,0.5044229258831827,0.9428736295441431,0.011733314907290281,0.8586442459274829,0.24940623211090665,0.8987898789878989,-0.00013195290296386109,-0.0001401466149202335,0.0080611319994629,0.04861111111111116,0.0,2026-03-11 12:54:31.250387
0.8175074183976261,0.5041510476739716,0.9423298731257209,0.010991370740048653,0.8586442459274829,0.24933430529409414,0.8985427550178718,0.0006521159285653999,0.0006926095437932434,0.007166124688892661,0.04861111111111116,0.0,2026-03-11 12:54:31.267840
0.8175976272862086,0.5041676673070765,0.9423631123919308,0.011035787482263236,0.8587184873949579,0.24933870270125622,0.898598516075845,0.0006029333976461659,0.0006403729876681696,0.007217988847718626,0.04861111111111116,0.0,2026-03-11 12:54:31.279061
0.8176877470355731,0.5041842677931387,0.9423963133640553,0.011080156350963781,0.8587926509186352,0.2493430949648625,0.8986542158747598,0.0006740590500017296,0.0007158611616296939,0.00712648677585026,0.04861111111111116,0.0,2026-03-11 12:54:31.296255
0.8177777777777778,0.5042008491652274,0.9424294761082326,0.011124477423504708,0.8588667366211962,0.24934748209393415,0.8987098545155091,0.0006249582855513136,0.0006637153885312719,0.007178252985367672,0.04861111111111116,0.0,2026-03-11 12:54:31.307680
0.8178677196446199,0.5042174114563355,0.9424626006904487,0.011168750777077316,0.8589407446250655,0.24935186409747123,0.8987654320987654,0.0005759390838324663,0.0006116562363182032,0.007229921522791782,0.04861111111111116,0.0,2026-03-11 12:54:31.319411
0.8179575727676369,0.5042339546993803,0.9424956871765382,0.011212976488706932,0.8590146750524109,0.24935624098445305,0.8988209487249794,0.0005270012417845082,0.0005596834893369929,0.007281492664292344,0.04861111111111116,0.0,2026-03-11 12:54:31.698565
0.8180473372781065,0.5042504789272031,0.9425287356321839,0.011257154635252361,0.859088528025144,0.2493606127638376,0.898876404494382,0.0004781445570202214,0.0005077969326493514,0.007332966684999054,0.04861111111111116,0.0,2026-03-11 12:54:31.699734
0.8181370133070478,0.5042669841725701,0.9425617461229179,0.011301285293407216,0.8591623036649214,0.24936497944456223,0.8989317995069844,0.0004293688278230734,0.00045599635202919764,0.007384343859006437,0.04861111111111116,0.0,2026-03-11 12:54:31.701134
0.8182266009852217,0.504283470468172,0.9425947187141217,0.011345368539700022,0.859236002093145,0.24936934103554326,0.8989871338625788,0.000380673853144442,0.0004042815339595496,0.007435624459378509,0.04861111111111116,0.0,2026-03-11 12:54:31.708598
0.8183161004431314,0.5042999378466246,0.942627653471027,0.011389404450494899,0.8593096234309623,0.24937369754567634,0.8990424076607386,0.0003320594326009507,0.0003526522656304154,0.007486808758153662,0.04861111111111116,0.0,2026-03-11 12:54:31.716145
0.8184055118110236,0.5043163863404689,0.9426605504587156,0.011433393101993514,0.8593831677992682,0.24937804898383642,0.8990976210008204,0.000283525366471582,0.0003011083349349075,0.007537897026349438,0.04861111111111116,0.0,2026-03-11 12:54:31.717755
0.8184948352188883,0.5043328159821713,0.9426934097421203,0.01147733457023216,0.8594566353187043,0.24938239535887766,0.8991527739819624,0.00023507145569501287,0.00024964953046680005,0.007588889533967524,0.04861111111111116,0.0,2026-03-11 12:54:31.725470
0.8180924287118977,0.5042186771893993,0.9426934097421203,0.011181332036946287,0.8590078328981723,0.24895056404725693,0.8989071038251365,0.00030602426320891496,0.0003249780240269784,0.007588889533967524,0.04889846743295023,0.0,2026-03-11 12:54:31.727224
0.8181818181818182,0.5042350880113516,0.9427262313860252,0.011225242876541676,0.8590814196242171,0.24895489785056873,0.8989623156744948,0.0002576503093808524,0.0002736080059618784,0.007639786549998306,0.04889846743295023,0.0,2026-03-11 12:54:31.734728
0.8182711198428291,0.504251480045872,0.9427590154550658,0.011269106687701105,0.8591549295774648,0.2489592266171453,0.8990174672489083,0.0002093561147511469,0.0002223226870196049,0.007690588342425753,0.04889846743295023,0.0,2026-03-11 12:54:31.736293
0.8178694158075601,0.5041381284171881,0.9427590154550658,0.010974816552002326,0.8587069864442127,0.24852961589736247,0.8987721691678034,0.00016114148222134972,0.00017112185789436296,0.007690588342425753,0.0482758620689655,0.0,2026-03-11 12:54:31.743983
0.8179587831207066,0.5041545016965201,0.9427917620137299,0.011018649561424709,0.8587806149035956,0.24853393217482167,0.8988273793291519,0.00011300621534182653,0.00012000530996947312,0.007741295178231744,0.0482758620689655,0.0,2026-03-11 12:54:31.761524
0.8180480627758705,0.5041708562528341,0.9428244711263579,0.011062435696814579,0.8588541666666667,0.24853824344174116,0.8988825292995367,6.495011830909281e-05,6.897283531404064e-05,0.0077919073234012926,0.0482758620689655,0.0,2026-03-11 12:54:31.763603
0.8181372549019608,0.5041871921182266,0.9428571428571428,0.011106175033319081,0.8589276418532015,0.2485425497068426,0.8989376191773358,1.6972995963371318e-05,1.802422668106818e-05,0.007842425042926982,0.0482758620689655,0.0,2026-03-11 12:54:31.771787
0.8182263596276335,0.5042035093247208,0.9428897772701313,0.011149867645926006,0.8590010405827263,0.24854685097882728,0.8989926490607133,-3.0925346214294436e-05,-3.2840722495874886e-05,0.007892848600813185,0.0482758620689655,0.0,2026-03-11 12:54:31.780065
0.8183153770812929,0.504219807904267,0.9429223744292238,0.011193513609464559,0.859074362974519,0.24855114726637637,0.899047619047619,-7.874510210448271e-05,-8.362221810576109e-05,0.007943178260081396,0.0482758620689655,0.0,2026-03-11 12:54:31.785394
0.8184043073910915,0.5042360878887424,0.9429549343981746,0.01123711299860248,0.8591476091476091,0.24855543857815088,0.89910252923579,-0.0001264864649522801,-0.00013432046536232534,0.007993414282774225,0.0482758620689655,0.0,2026-03-11 12:54:31.787731
0.8184931506849316,0.5042523493099517,0.942987457240593,0.01128066588785044,0.8592207792207792,0.24855972492279196,0.8991573797227508,-0.00017414962736961304,-0.00018493566880661838,0.008043556929960172,0.0482758620689655,0.0,2026-03-11 12:54:31.793224
0.8185819070904645,0.5042685921996267,0.9430199430199431,0.011324172351557336,0.8592938733125649,0.24856400630892053,0.8992121706058137,-0.0002217347813376902,-0.00023546803231089264,0.008093606461738179,0.0482758620689655,0.0,2026-03-11 12:54:31.798720
0.8181818181818182,0.5041560196199372,0.9430199430199431,0.011031676113107812,0.8588479501816295,0.24813655284333305,0.8989679521998913,-0.00026924211821022226,-0.00028591775907993444,0.008093606461738179,0.047661785545583424,0.0,2026-03-11 12:54:31.804406
0.8182706399609184,0.5041722440097378,0.9430523917995444,0.011075152075552543,0.8589211618257261,0.24814082192539821,0.8990228013029317,-0.0003166718287153092,-0.00033628505165506084,0.00814356313724196,0.047661785545583424,0.0,2026-03-11 12:54:31.809594
0.818359375,0.5041884499312519,0.9430848036425725,0.011118581764279836,0.8589942975635044,0.2481450860746306,0.8990775908844276,-0.0002458912367535593,-0.0002611010039754724,0.008052330585467504,0.047661785545583424,0.0,2026-03-11 12:54:31.815439
0.8184480234260615,0.5042046374159952,0.9431171786120591,0.011161965253129536,0.8590673575129534,0.24814934529957694,0.8991323210412148,-0.00029324351099657697,-0.00031138228487259667,0.008102194662870321,0.047661785545583424,0.0,2026-03-11 12:54:31.821316
0.8185365853658536,0.5042208064954119,0.9431495167708925,0.0112053026157806,0.8591403417918178,0.2481535996087641,0.8991869918699187,-0.00022263450834880683,-0.00023638799148995027,0.00801123044213048,0.047661785545583424,0.0,2026-03-11 12:54:31.827231
0.8186250609458801,0.5042369572008748,0.9431818181818182,0.011248593925759057,0.8592132505175983,0.2481578490106992,0.8992416034669556,-0.0002699095358149606,-0.0002865834839733683,0.008061002178649246,0.047661785545583424,0.0,2026-03-11 12:54:31.833239
0.8187134502923976,0.5042530895636851,0.9432140829074389,0.011291839256432769,0.859286083807553,0.24816209351386995,0.8992961559285327,-0.0003171075053716166,-0.0003366971582130507,0.008110681830549082,0.047661785545583424,0.0,2026-03-11 12:54:31.839296
0.8183146614710181,0.5041412880290619,0.9432140829074389,0.011001088743579062,0.8588417786970011,0.2477367939836395,0.8990527740189445,-0.00036422860527096645,-0.00038672921409088623,0.008110681830549082,0.04705606380483229,0.0,2026-03-11 12:54:31.845411
0.8184031158714703,0.5041574020804502,0.9432463110102156,0.011044303715770403,0.8589147286821706,0.24774102633067668,0.8991073843657019,-0.00041127302315269176,-0.000436679850837729,0.008160269653147756,0.04705606380483229,0.0,2026-03-11 12:54:31.851675
0.8184914841849148,0.5041734978515762,0.9432785025524674,0.011087472858655011,0.8589876033057852,0.24774525380423246,0.8991619356582861,-0.0004582409460458514,-0.00048654926703717294,0.00820976590082012,0.04705606380483229,0.0,2026-03-11 12:54:31.858139
0.818579766536965,0.5041895753735284,0.9433106575963719,0.01113059624509988,0.8590604026845637,0.2477494764127214,0.8992164279924344,-0.0005051325603722123,-0.0005363376606268844,0.008259170827002338,0.04705606380483229,0.0,2026-03-11 12:54:31.864478
0.8186679630529898,0.5042056346773255,0.943342776203966,0.01117367394781237,0.8591331269349846,0.24775369416453885,0.8992708614636781,-0.0005519480519481368,-0.0005860452289023765,0.008308484684196316,0.04705606380483229,0.0,2026-03-11 12:54:31.871011
0.8187560738581147,0.5042216757939155,0.9433748584371461,0.011216706039348783,0.8592057761732852,0.24775790706806067,0.8993252361673415,-0.000598687605986914,-0.0006356721685190081,0.008357707723973595,0.04705606380483229,0.0,2026-03-11 12:54:31.880673
0.818844099077222,0.5042376987541767,0.9434069043576684,0.01125969259211099,0.8592783505154639,0.2477621151316436,0.8993795521985433,-0.0006453514071018684,-0.0006852186754942036,0.008406840196980347,0.04705606380483229,0.0,2026-03-11 12:54:31.887318
0.8189320388349515,0.5042537035889171,0.9434389140271493,0.011302633678348382,0.8593508500772797,0.247766318363625,0.8994338096521973,-0.0005749133705621468,-0.0006103836042214983,0.008316143125200126,0.04705606380483229,0.0,2026-03-11 12:54:31.894662
0.8190198932557011,0.5042696903288755,0.9434708875070661,0.011345529370156917,0.8594232749742533,0.2477705167723233,0.8994880086230127,-0.000621501602768415,-0.000659846174661638,0.008365185281160925,0.04705606380483229,0.0,2026-03-11 12:54:31.904554
0.8191076624636275,0.504285659004721,0.943502824858757,0.011388379739481102,0.8594956253216676,0.24777471036603774,0.8995421492054941,-0.000551233912145288,-0.0005851995447292424,0.008274754183198119,0.04705606380483229,0.0,2026-03-11 12:54:31.911048
0.8191953465826466,0.5043016096470534,0.9435347261434218,0.011431184858112401,0.8595679012345679,0.24777889915304854,0.8995962314939435,-0.000597746758862483,-0.000634578394838714,0.008323706270920272,0.04705606380483229,0.0,2026-03-11 12:54:31.918043
0.8187984496124031,0.5041905712628372,0.9435347261434218,0.01114222542190083,0.8591259640102827,0.24735570687293826,0.8993541442411195,-0.0006441844029172472,-0.0006838774084885202,0.008323706270920272,0.04645852749301027,0.0,2026-03-11 12:54:31.928224
0.8188861985472154,0.5042065039021872,0.9435665914221218,0.011185000627363714,0.8591983556012333,0.24735988371549192,0.8994082840236686,-0.0006905470265454738,-0.0007330967791439047,0.008372568538298042,0.04645852749301027,0.0,2026-03-11 12:54:31.938397
0.818973862536302,0.5042224185690168,0.9435984207557812,0.01122773072897065,0.8592706728299949,0.24736405577602685,0.8994623655913979,-0.0006204490646437577,-0.0006586305455449359,0.00828240224589305,0.04645852749301027,0.0,2026-03-11 12:54:31.954678
0.8190614417029511,0.5042383152937193,0.943630214205186,0.011270415798023193,0.8593429158110883,0.24736822306275244,0.8995163890381516,-0.0006667368494929216,-0.0007077668094617184,0.008331174939911645,0.04645852749301027,0.0,2026-03-11 12:54:31.965084
0.8186653771760155,0.504128032272661,0.943630214205186,0.010983124859714507,0.8589020010261673,0.24694717046294512,0.8992747784045124,-0.0007129499766246328,-0.0007568238213400136,0.008331174939911645,0.045869011802823434,0.0,2026-03-11 12:54:31.981491
0.818753020782987,0.504143911085561,0.9436619718309859,0.011025779930530784,0.8589743589743589,0.2469513258989046,0.8993288590604026,-0.0007590886265167462,-0.0008058017727639033,0.008379858306651777,0.045869011802823434,0.0,2026-03-11 12:54:31.992023
0.8188405797101449,0.5041597720169149,0.9436936936936937,0.01106839011488752,0.859046642747309,0.246955476585515,0.8993828816742688,-0.0008051529790660261,-0.0008547008547008517,0.008428452591293656,0.045869011802823434,0.0,2026-03-11 12:54:32.008658
0.8189280540801546,0.504175615096911,0.943725379853686,0.011110955483598977,0.8591188524590164,0.24695962253091572,0.8994368463395013,-0.0007352241316682662,-0.0007804107620397183,0.008338549943018525,0.045869011802823434,0.0,2026-03-11 12:54:32.019272
0.819015444015444,0.5041914403556699,0.9437570303712036,0.011153476107330034,0.8591909882232462,0.2469637637432274,0.8994907531492897,-0.0007812143661926063,-0.0008292275410675121,0.008387055389845743,0.045869011802823434,0.0,2026-03-11 12:54:32.035950
0.8191027496382055,0.504207247823244,0.9437886453063519,0.01119595205659826,0.8592630501535312,0.24696790023055232,0.8995446021966248,-0.0008271306614330287,-0.000877965836527439,0.008435472242249387,0.045869011802823434,0.0,2026-03-11 12:54:32.046336
0.8191899710703954,0.5042230375296186,0.9438202247191011,0.011238383401771716,0.8593350383631714,0.24697203200097417,0.8995983935742973,-0.0007573703172819579,-0.000803858520900258,0.008345832083458293,0.045869011802823434,0.0,2026-03-11 12:54:32.053875
0.8187951807228916,0.504113502190059,0.9438202247191011,0.010952791440595747,0.8588957055214724,0.2465530799910937,0.8993576017130621,-0.0008032128514056103,-0.0008525149190110604,0.008345832083458293,0.04528735632183911,0.0,2026-03-11 12:54:32.064764
0.8188824662813102,0.504129274165152,0.9438517686692869,0.010995192929019352,0.8589678078691876,0.24655720005172005,0.8994114499732477,-0.0008489818020074313,-0.0009010932169644104,0.008394160583941601,0.04528735632183911,0.0,2026-03-11 12:54:32.075825
0.8189696677900818,0.5041450284388138,0.9438832772166106,0.011037549957703743,0.8590398365679265,0.24656131541952972,0.8994652406417113,-0.0007793893527882068,-0.000827168010430368,0.008304781766721225,0.04528735632183911,0.0,2026-03-11 12:54:32.083859
0.8190567853705486,0.5041607650408282,0.9439147504206393,0.011079862596540278,0.8591117917304747,0.24656542610253754,0.8995189738107964,-0.0007099641931103129,-0.00075343138860684,0.008215663149842234,0.04528735632183911,0.0,2026-03-11 12:54:32.094606
0.8191438191438192,0.5041764840009121,0.9439461883408071,0.011122130915273748,0.8591836734693877,0.2465695321087404,0.8995726495726495,-0.000755659737215475,-0.000801924619085792,0.00826390354002382,0.04528735632183911,0.0,2026-03-11 12:54:32.105805
0.8192307692307692,0.5041921853487158,0.9439775910364145,0.011164354983500218,0.8592554818969913,0.2465736334461167,0.8996262680192205,-0.0008012820512820484,-0.0008503401360544505,0.008312056060642226,0.04528735632183911,0.0,2026-03-11 12:54:32.116371
0.8193176357520423,0.5042078691138232,0.9440089585666294,0.011206534870672115,0.8593272171253823,0.24657773012262676,0.8996798292422625,-0.0007320235786621998,-0.0007767842560835181,0.008223196509509867,0.04528735632183911,0.0,2026-03-11 12:54:32.128770
0.818924111431316,0.5040990738779093,0.9440089585666294,0.010922626773289182,0.8588894549159449,0.24616086130358503,0.8994398506268338,-0.0006629311935066884,-0.0007034155412017906,0.008223196509509867,0.04557077625570771,0.0,2026-03-11 12:54:32.140231
0.8190110417666827,0.504114740089838,0.9440402909904868,0.010964776945001179,0.8589613034623218,0.24616494640912132,0.8994934684084244,-0.0007084804534274181,-0.0007517464353161696,0.008271261400427443,0.04557077625570771,0.0,2026-03-11 12:54:32.148744
0.8190978886756238,0.5041303887780398,0.9440715883668904,0.011006883078302008,0.8590330788804071,0.24616902687751085,0.899547029043432,-0.0007539568345323877,-0.0007999999999999119,0.00831923890063424,0.04557077625570771,0.0,2026-03-11 12:54:32.172422
0.818705035971223,0.5040223261699772,0.9440715883668904,0.010724587472417215,0.8585961342828077,0.24575425147440927,0.8993074054342035,-0.0007993605115906854,-0.0008481764206955678,0.00831923890063424,0.04499682482082912,0.0,2026-03-11 12:54:32.193330
0.8183125599232982,0.5039149888143177,0.9440715883668904,0.010443864229765171,0.8581596339603457,0.24534156562239928,0.8990679094540613,-0.0008446916588135123,-0.0008962758822526062,0.00831923890063424,0.044430425378514715,0.0,2026-03-11 12:54:32.220291
0.8183996166746527,0.5039306200081782,0.9441028507546115,0.010485954300655098,0.8582317073170732,0.2453456277611966,0.8991216396060687,-0.0008899504498556254,-0.0009442985689307459,0.008367129248252114,0.044430425378514715,0.0,2026-03-11 12:54:32.247311
0.8180076628352491,0.5038240006281419,0.9441028507546115,0.010206805701440523,0.8577958354494667,0.24493500717590286,0.8988823842469398,-0.0009351370578177809,-0.0009922446644021754,0.008367129248252114,0.04387142985047898,0.0,2026-03-11 12:54:32.274500
0.8180947821924366,0.5038396143569813,0.9441340782122905,0.010248865393246674,0.8578680203045685,0.24493905791800047,0.898936170212766,-0.0009802516552495089,-0.0010401143517533296,0.0084149326805385,0.04387142985047898,0.0,2026-03-11 12:54:32.327188
0.8177033492822966,0.5035760370040466,0.943606923506421,0.009527955718638813,0.8578680203045685,0.2448706678404652,0.8986971550119649,-0.00022911607020115188,-0.00024310789128212384,0.007556031120200757,0.04387142985047898,0.0,2026-03-11 12:54:34.084680
0.8173122907699665,0.5034701284198771,0.943606923506421,0.00925057676564645,0.8574327752409944,0.2444622093945674,0.8984582668793195,-0.00016018917578852765,-0.00016995929070318105,0.007556031120200757,0.04415099373082565,0.0,2026-03-11 12:54:34.091836
0.8169216061185468,0.5033649235472304,0.943606923506421,0.008974733207007504,0.8569979716024341,0.24405578815025303,0.8982195057135265,-9.142717825250113e-05,-9.699634647097888e-05,0.007556031120200757,0.04442677972089737,0.0,2026-03-11 12:54:34.099449
0.8170090778786431,0.5033806582225914,0.9436383928571429,0.009017038915185367,0.8570704510897111,0.2440598577543267,0.8982735723771582,-2.2829486564845958e-05,-2.4218352667748633e-05,0.007467429506807566,0.04442677972089737,0.0,2026-03-11 12:54:34.101071
0.8170964660936008,0.5033963753467249,0.9436698271054099,0.009059300610131093,0.8571428571428571,0.24406392275122024,0.8983275816299442,4.560448748158752e-05,4.837539305013738e-05,0.007379084709685069,0.04442677972089737,0.0,2026-03-11 12:54:34.117639
0.8171837708830549,0.5034120749489809,0.9437012263099219,0.009101518360492108,0.8572151898734177,0.24406798314875452,0.8983815335632793,0.0,0.0,0.00742753623188408,0.04442677972089737,0.0,2026-03-11 12:54:34.123854
0.8172709923664122,0.503427757058644,0.943732590529248,0.009143692234774401,0.8572874493927125,0.2440720389547329,0.8984354282683639,6.827084180793808e-05,7.241369946509035e-05,0.007339447136055721,0.04442677972089737,0.0,2026-03-11 12:54:34.130159
0.8173581306628517,0.5034434217049331,0.9437639198218263,0.00918582230134045,0.8573596358118362,0.24407609017694076,0.8984892658362046,0.00013637913399244805,0.00014464453605256278,0.007251612632989901,0.04442677972089737,0.0,2026-03-11 12:54:34.136514
0.8174451858913251,0.5034590689170027,0.9437952142459655,0.009227908628414841,0.8574317492416582,0.24408013682314625,0.8985430463576158,9.084714967066976e-05,9.635303752952851e-05,0.007299976460126034,0.04442677972089737,0.0,2026-03-11 12:54:34.142923
0.8175321581705574,0.5034746987239421,0.9438264738598443,0.00926995128407619,0.8575037897928247,0.24408417890109976,0.8985967699232195,4.538749574489742e-05,4.813825306282382e-05,0.007348252830070345,0.04442677972089737,0.0,2026-03-11 12:54:34.154846
0.8176190476190476,0.5034903111547759,0.9438576987215119,0.009311950336264623,0.8575757575757575,0.24408821641853415,0.8986504366234452,0.0,0.0,0.007396441979834023,0.04442677972089737,0.0,2026-03-11 12:54:34.161587
0.817705854355069,0.5035059062384644,0.9438888888888889,0.009353905852777846,0.8576476527006562,0.24409224938316498,0.8987040465485321,6.794632240536558e-05,7.20590884526473e-05,0.007308860967397468,0.04442677972089737,0.0,2026-03-11 12:54:34.171400
0.8177925784966699,0.5035214840039034,0.9439200444197668,0.009395817901272635,0.8577194752774975,0.24409627780269028,0.8987575997885277,2.2630813172330733e-05,2.4000648017552528e-05,0.007356963133136385,0.04442677972089737,0.0,2026-03-11 12:54:34.178273
0.8178792201616738,0.5035370444799245,0.9439511653718091,0.009437686549267542,0.8577912254160364,0.24410030168479085,0.8988110964332893,9.041574288781717e-05,9.588168200447278e-05,0.0072696345155484066,0.04442677972089737,0.0,2026-03-11 12:54:34.188268
0.8179657794676806,0.5035525876952957,0.9439822518025514,0.009479511864140177,0.8578629032258065,0.2441043210371301,0.8988645365724849,4.517204904186389e-05,4.790285301414787e-05,0.007317649932566339,0.04442677972089737,0.0,2026-03-11 12:54:34.205910
0.8180522565320665,0.5035681136787206,0.9440133037694013,0.009521293913128726,0.8579345088161209,0.2441083358673542,0.8989179202955925,0.00011279616041870444,0.000119606494632718,0.00723057262035276,0.04442677972089737,0.0,2026-03-11 12:54:34.216277
0.8176638176638177,0.5034636055270848,0.9440133037694013,0.009247144264271544,0.8575025176233635,0.24370384787470192,0.8986807387862797,0.00018026002508619854,0.00019112997634762596,0.00723057262035276,0.04469886388559896,0.0,2026-03-11 12:54:34.223685
0.817750355956336,0.503479114307204,0.9440443213296399,0.009288896181340956,0.8575742325113236,0.24370785154533883,0.8987341772151899,0.00013508797604433465,0.00014323398464999304,0.007278501523105829,0.04469886388559896,0.0,2026-03-11 12:54:34.234262
0.8178368121442126,0.5034946059125945,0.9440753045404208,0.009330604971753623,0.857645875251509,0.24371185071656928,0.8987875593041644,0.00020239216292561313,0.00021458140234897893,0.007191674433053685,0.04469886388559896,0.0,2026-03-11 12:54:34.241859
0.817923186344239,0.5035100803717698,0.9441062534587714,0.009372270702297148,0.85771744595274,0.24371584539597552,0.898840885142255,0.0002695372382540695,0.00028575000446484644,0.007105096488166818,0.04469886388559896,0.0,2026-03-11 12:54:34.258547
0.8180094786729858,0.5035255377131805,0.9441371681415929,0.009413893439617406,0.8577889447236181,0.24371983559112256,0.8988941548183255,0.00022443666397342632,0.0002379366136860961,0.0071529391102669315,0.04469886388559896,0.0,2026-03-11 12:54:34.269493
0.8180956892468024,0.5035409779652145,0.9441680486456606,0.009455473250224238,0.8578603716725264,0.24372382130955852,0.8989473684210527,0.00029142319130803784,0.00030893046688096337,0.007066609239720578,0.04469886388559896,0.0,2026-03-11 12:54:34.277517
0.8181818181818182,0.5035564011561963,0.9441988950276243,0.009497010200491781,0.8579317269076305,0.2437278025588147,0.8990005260389269,0.00024639392228320567,0.00026119606029273434,0.007114365813939094,0.04469886388559896,0.0,2026-03-11 12:54:34.288602
0.8182678655939423,0.5035718073143886,0.9442297073440088,0.009538504356657563,0.8580030105368791,0.2437317793464053,0.8990536277602523,0.00020143578954434638,0.00021353706350946133,0.00716203657221115,0.04469886388559896,0.0,2026-03-11 12:54:34.857717
0.8183538315988647,0.5035871964679912,0.9442604856512141,0.009579955784819268,0.858074222668004,0.24373575167982783,0.8991066736731477,0.0002682643297863274,0.00028436018957345155,0.007075953711308758,0.04469886388559896,0.0,2026-03-11 12:54:34.862403
0.8184397163120567,0.503602568645142,0.9442912300055157,0.009621364550941631,0.8581453634085213,0.243739719566563,0.8991596638655461,0.00022337716489706505,0.00023677979479086453,0.007123538884736602,0.04469886388559896,0.0,2026-03-11 12:54:34.874008
0.8185255198487713,0.5036179238739167,0.9443219404630651,0.009662730720853777,0.8582164328657315,0.24374368301407465,0.8992125984251969,0.000290048276304522,0.0003074294464201488,0.007037701974865418,0.04469886388559896,0.0,2026-03-11 12:54:34.879206
0.8186112423240435,0.5036332621823291,0.9443526170798898,0.009704054360246538,0.8582874311467201,0.24374764202981003,0.8992654774396642,0.00024523191135983335,0.00025992745660985417,0.0070852017937220735,0.04469886388559896,0.0,2026-03-11 12:54:34.881449
0.8186968838526912,0.5036485835983313,0.9443832599118943,0.009745335534678217,0.8583583583583584,0.24375159662119977,0.8993183009963294,0.00031174614956386293,0.00033040427322850174,0.006999609782309735,0.04469886388559896,0.0,2026-03-11 12:54:34.886765
0.8187824445493157,0.503663888149814,0.9444138690148597,0.009786574309573106,0.8584292146073037,0.24375554679565783,0.8993710691823901,0.0003781040675842062,0.00040070555605753455,0.006914261622781859,0.04469886388559896,0.0,2026-03-11 12:54:34.892257
0.8188679245283019,0.5036791758646063,0.9444444444444444,0.00982777075021884,0.8585,0.24375949256058152,0.8994237820848612,0.0003333583352084224,0.00035328510991572415,0.006961676316515009,0.04469886388559896,0.0,2026-03-11 12:54:34.897728
0.8189533239038189,0.5036944467704765,0.9444749862561848,0.009868924921770312,0.8585707146426786,0.2437634339233519,0.899476439790576,0.0002886830685530084,0.0003059393416421363,0.007009006113750993,0.04469886388559896,0.0,2026-03-11 12:54:34.903299
0.819038642789821,0.5037097008951313,0.9445054945054945,0.009910036889250082,0.8586413586413586,0.24376737089133332,0.8995290423861853,0.00024407810129423169,0.0002586680749705472,0.007056251242297806,0.04469886388559896,0.0,2026-03-11 12:54:34.905883
0.8191238813000471,0.5037249382662172,0.9445359692476661,0.009951106717543842,0.8587119321018473,0.24377130347187373,0.899581589958159,0.0003102802495539292,0.0003288044435570958,0.0069711458940345805,0.04469886388559896,0.0,2026-03-11 12:54:34.911059
0.8192090395480226,0.5037401589113194,0.9445664105378705,0.009992134471408053,0.8587824351297405,0.24377523167230486,0.8996340825927862,0.00026574541589152734,0.00028161081385524867,0.00701830658088598,0.04469886388559896,0.0,2026-03-11 12:54:34.916830
0.8192941176470588,0.5037553628579629,0.9445968184311574,0.010033120215464245,0.8588528678304239,0.24377915549994195,0.8996865203761755,0.00022128055054593254,0.00023449132968300646,0.007065383052225149,0.04469886388559896,0.0,2026-03-11 12:54:34.922662
0.819379115710254,0.5037705501336122,0.9446271929824561,0.010074064014201196,0.8589232303090728,0.24378307496208407,0.8997389033942559,0.00017688548875671728,0.00018744581644369873,0.007112375533428139,0.04469886388559896,0.0,2026-03-11 12:54:34.928571
0.8194640338504936,0.5037857207656719,0.9446575342465754,0.01011496593198011,0.8589935226706528,0.243786990066014,0.8997912317327766,0.0001325600662800408,0.00014047410008777295,0.007159284249067532,0.04469886388559896,0.0,2026-03-11 12:54:34.934551
0.8195488721804511,0.5038008747814859,0.9446878422782037,0.010155826033025358,0.8590637450199203,0.2437909008189983,0.8998435054773083,8.830411938709481e-05,9.357600711168423e-05,0.007206109422915885,0.04469886388559896,0.0,2026-03-11 12:54:35.127211
0.8196336308125881,0.5038160122083393,0.9447181171319102,0.010196644381433854,0.8591338974614235,0.24379480722828736,0.899895724713243,0.00015435104572825153,0.0001635545863430954,0.007121245851210212,0.04469886388559896,0.0,2026-03-11 12:54:35.128715
0.819718309859155,0.5038311330734563,0.9447483588621444,0.010237421041167616,0.8592039800995025,0.24379870930111566,0.8999478895257946,0.00011016441120326181,0.0001167332208154015,0.007167987706243939,0.04469886388559896,0.0,2026-03-11 12:54:35.133295
0.8198029094321915,0.5038462374040025,0.9447785675232367,0.010278156076061978,0.8592739930382894,0.2438026070447013,0.9000000000000001,0.0001760566609020353,0.00018654142482676939,0.0070833648822593576,0.04469886388559896,0.0,2026-03-11 12:54:35.134842
0.8198874296435272,0.5038613252270836,0.9448087431693989,0.010318849549819922,0.8593439363817097,0.24380650046624674,0.9000520562207184,0.00024179477668329064,0.00025617662213661685,0.006998981782988745,0.04469886388559896,0.0,2026-03-11 12:54:35.139516
0.819971870604782,0.5038763965697463,0.9448388858547242,0.010359501526015488,0.8594138102334824,0.24381038957293805,0.9001040582726326,0.00019767729182118554,0.00020943504895554188,0.00704564054139134,0.04469886388559896,0.0,2026-03-11 12:54:35.151144
0.8200562324273665,0.5038914514589781,0.9448689956331878,0.010400112068090524,0.8594836146971202,0.24381427437194575,0.9001560062402497,0.0001536287944254866,0.00016276656658464894,0.00709221642455693,0.04469886388559896,0.0,2026-03-11 12:54:35.156380
0.819672131147541,0.5037876331301253,0.9448689956331878,0.010127832270572606,0.8590570719602978,0.2434116080783651,0.8999220171562257,0.00010964912280708727,0.00011617100371752453,0.00709221642455693,0.04414712803974541,0.0,2026-03-11 12:54:35.158617
0.8197565543071161,0.5038026715928549,0.944899072558647,0.010168414362885247,0.8591269841269841,0.24341548216808864,0.8999740192257729,6.573811578125532e-05,6.964818958232755e-05,0.007138709653093933,0.04414712803974541,0.0,2026-03-11 12:54:35.163981
0.8198408984557791,0.5038176936559523,0.9449291166848419,0.010208955152058259,0.8591968269707486,0.24341935197151235,0.9000259672812256,0.0001313226378339971,0.00013912398265580883,0.007054565261317647,0.04414712803974541,0.0,2026-03-11 12:54:35.169447
0.8199251637043966,0.5038326993462289,0.9449591280653951,0.010249454701113181,0.8592666005946482,0.24342321749574727,0.9000778614066961,0.00019675410382602454,0.00020842801851528314,0.006970658565563226,0.04414712803974541,0.0,2026-03-11 12:54:35.174957
0.8200093501636279,0.5038476886904377,0.9449891067538126,0.010289913072948796,0.8593363051015354,0.24342707874788874,0.9001297016861218,0.0002620330489182532,0.0002775609332985596,0.006886988560064977,0.04414712803974541,0.0,2026-03-11 12:54:35.180564
0.8200934579439252,0.5038626617152734,0.945019052803484,0.010330330330330664,0.8594059405940594,0.2434309357350165,0.9001814882032667,0.0003271600057798141,0.00034652336000595696,0.006803554244723009,0.04414712803974541,0.0,2026-03-11 12:54:35.186230
0.8197104156936011,0.503759526401742,0.945019052803484,0.010059605377899513,0.8589807026224642,0.243030226104116,0.899948159668222,0.0002833175026651924,0.00030008598617681237,0.006803554244723009,0.0436025113660965,0.0,2026-03-11 12:54:35.188896
0.8197945845004668,0.5037744831338411,0.9450489662676823,0.010099994253203926,0.8590504451038575,0.2430340724913487,0.9,0.00023954334328102345,0.0002537210010831181,0.006849965038457695,0.0436025113660965,0.0,2026-03-11 12:54:35.194696
0.8198786747550163,0.5037894235997825,0.945078847199565,0.010140342143807808,0.8591201186356896,0.24303791463467758,0.9000517866390472,0.00019583736794581696,0.00020742823559238843,0.006896293616437399,0.0436025113660965,0.0,2026-03-11 12:54:35.200566
0.8199626865671642,0.503804347826087,0.9451086956521739,0.010180649112063659,0.8591897233201581,0.24304175254112387,0.900103519668737,0.0002608128667680454,0.0002762303761336682,0.00681309399677843,0.0436025113660965,0.0,2026-03-11 12:54:35.209561
0.8200466200466201,0.5038192558392178,0.9451385116784357,0.010220915220198423,0.8592592592592593,0.2430455862176934,0.9001551991722712,0.00021717491629713592,0.00023001284238366448,0.006859340577274886,0.0436025113660965,0.0,2026-03-11 12:54:35.217621
0.8196644920782852,0.5037167968228244,0.9451385116784357,0.009951719616141193,0.8588351431391905,0.24264682370758114,0.899922420480993,0.00017360483200112853,0.00018386718660212686,0.006859340577274886,0.04306487695749439,0.0,2026-03-11 12:54:35.227786
0.8197484862598975,0.5037316886491874,0.9451682953311618,0.009991957344136493,0.8589047853971387,0.24265064687831722,0.8999741535280436,0.00023842940051266304,0.00025250641308904864,0.006776374664412832,0.04306487695749439,0.0,2026-03-11 12:54:35.244178
0.8198324022346368,0.5037465643151313,0.9451980466630494,0.01003215434083637,0.8589743589743589,0.24265446584005906,0.9000258331180573,0.00030310356399276817,0.0003209769928277373,0.00669364147500906,0.04306487695749439,0.0,2026-03-11 12:54:35.254456
0.8199162401116799,0.5037614238469471,0.9452277657266811,0.010072310668055346,0.8590438639724002,0.24265828059975478,0.9000774593338497,0.0003676278452863224,0.0003892795466038379,0.006611140031233753,0.04306487695749439,0.0,2026-03-11 12:54:35.272263
0.8195348837209302,0.5035052645608423,0.9447154471544715,0.009369544822999147,0.8590438639724002,0.24259251063497445,0.8998451213216314,-0.0007254046425896332,-0.0007690179278496689,0.007927470759329203,0.04306487695749439,0.0,2026-03-11 12:54:35.288824
0.8196187819618782,0.503520238708417,0.9447453954496208,0.009409910316244084,0.8591133004926108,0.24259635580049693,0.8998968008255933,-0.0006598405235573868,-0.0006994633000945161,0.007843476541256722,0.04306487695749439,0.0,2026-03-11 12:54:35.299413
0.8192379182156134,0.5034184493587973,0.9447453954496208,0.00914242967999086,0.8586903003446578,0.24219963214043777,0.8996646891926747,-0.0005944278228138256,-0.0006300789407058804,0.007843476541256722,0.043333333333333335,0.0,2026-03-11 12:54:35.316853
0.819321876451463,0.5034334072918104,0.944775311315647,0.009182766873422175,0.8587598425196851,0.2422034668002432,0.8997164217581851,-0.0005291660164202794,-0.0005608642252279417,0.007759716616679624,0.043333333333333335,0.0,2026-03-11 12:54:35.333669
0.819405756731662,0.5034483490365843,0.9448051948051948,0.009223063334065928,0.8588293162813576,0.2422072972493715,0.8997681010048956,-0.0005726683927376186,-0.0006069724896131667,0.007805881417192961,0.043333333333333335,0.0,2026-03-11 12:54:35.344547
0.8190255220417634,0.5033472228097635,0.9448051948051948,0.0089570612914871,0.8584070796460177,0.24181250106638974,0.8995363214837713,-0.0006161032187811388,-0.000653009157314477,0.007805881417192961,0.04280254777070058,0.0,2026-03-11 12:54:35.361042
0.8186456400742115,0.5032467532467533,0.9448051948051948,0.008692502716406732,0.8579852579852579,0.24141962915612078,0.8993046613443214,-0.000659470651766414,-0.000698974394965246,0.007805881417192961,0.04227848101265819,0.0,2026-03-11 12:54:35.371141
0.8187297171998146,0.5032616788295534,0.944835045970795,0.008732782725310822,0.8580550098231827,0.24142344295839768,0.8993564993564994,-0.0007027708484214079,-0.0007448683686812618,0.007851964654454369,0.04227848101265819,0.0,2026-03-11 12:54:35.381185
0.8183503243744208,0.5031618595549768,0.944835045970795,0.008469669300789915,0.8576337751595483,0.24103247356346008,0.8991250643335048,-0.0007460039649888062,-0.000790691244065167,0.007851964654454369,0.04176100628930812,0.0,2026-03-11 12:54:35.388344
0.8184344603983326,0.5031767690020117,0.9448648648648649,0.008509920430370006,0.8577036310107949,0.24103627701313118,0.8991769547325102,-0.0006808925314210068,-0.0007216296914205333,0.007768438044430392,0.04176100628930812,0.0,2026-03-11 12:54:35.394086
0.8185185185185185,0.5031916623394335,0.9448946515397083,0.00855013102706917,0.8577734183423247,0.24104007629326757,0.899228791773779,-0.0007240587236592155,-0.0007673784763568836,0.007814439934406336,0.04176100628930812,0.0,2026-03-11 12:54:35.405314
0.8186024988431282,0.5032065395933374,0.9449244060475162,0.00859030115208378,0.8578431372549019,0.24104387141072323,0.8992805755395684,-0.0007671581468452482,-0.0008130564975112886,0.007860360692301227,0.04176100628930812,0.0,2026-03-11 12:54:35.412565
0.818686401480111,0.5032214007897627,0.944954128440367,0.008630430866482347,0.8579127878490935,0.24104766237233702,0.899332306111967,-0.0008101909557759468,-0.0008586639189420708,0.00790620053256108,0.04176100628930812,0.0,2026-03-11 12:54:35.422943
0.8187702265372169,0.5032362459546925,0.9449838187702265,0.008670520231214387,0.8579823702252694,0.24105144918493296,0.8993839835728953,-0.0008531573047702024,-0.000904200904200847,0.00795195966887674,0.04176100628930812,0.0,2026-03-11 12:54:35.430412
0.8188539741219963,0.5032510751140536,0.9450134770889488,0.008710569307104803,0.8580518844836026,0.24105523185532,0.8994356080041046,-0.0007881957249046279,-0.0008352952255392676,0.007868665399909824,0.04176100628930812,0.0,2026-03-11 12:54:35.440924
0.8189376443418014,0.5032658882937172,0.9450431034482759,0.008750578154856756,0.8581213307240705,0.2410590103902923,0.8994871794871796,-0.0008310957678046016,-0.000880758807588089,0.007914344045220623,0.04176100628930812,0.0,2026-03-11 12:54:35.451523
0.8190212373037857,0.5032806855194986,0.9450726978998385,0.008790546835052693,0.8581907090464548,0.24106278479662913,0.8995386981035367,-0.0008739296579785005,-0.0009261522838821534,0.007959942411717047,0.04176100628930812,0.0,2026-03-11 12:54:35.468400
0.8191047531149054,0.5032954668171573,0.9451022604951561,0.008830475408152376,0.8582600195503421,0.2410665550810949,0.8995901639344263,-0.0009166975483216877,-0.0009714758164531823,0.008005460710844847,0.04176100628930812,0.0,2026-03-11 12:54:35.479138
0.8191881918819188,0.503310232212398,0.9451317912856374,0.008870363934495125,0.8583292623351245,0.24107032125043928,0.8996415770609318,-0.0008518853054212405,-0.0009027286427727432,0.007922397814847382,0.04176100628930812,0.0,2026-03-11 12:54:35.486881
0.8192715537113877,0.5033249817308696,0.9451612903225807,0.008910212474297857,0.8583984375,0.2410740833113973,0.8996929375639714,-0.0008945873483581224,-0.0009479792851054825,0.007967836257309902,0.04176100628930812,0.0,2026-03-11 12:54:35.497908
0.8193548387096774,0.503339715398166,0.9451907576571735,0.008950021087657346,0.8584675451439727,0.2410778412706891,0.8997442455242967,-0.0009372236958443692,-0.000993160311065333,0.008013195053072408,0.04176100628930812,0.0,2026-03-11 12:54:35.505926
0.8194380469829572,0.5033544332398263,0.9452201933404941,0.00898978983455006,0.8585365853658536,0.24108159513502045,0.8997955010224948,-0.0009797944993682473,-0.0010382718811818847,0.008058474411364092,0.04176100628930812,0.0,2026-03-11 12:54:35.516990
0.8195211786372008,0.5033691352813345,0.9452495974235104,0.009029518774835031,0.8586055582642613,0.24108534491108216,0.8998467041389882,-0.0010222999099528396,-0.00108331415549201,0.008103674540682393,0.04176100628930812,0.0,2026-03-11 12:54:35.528202
0.8196042337781868,0.50338382154812,0.9452789699570815,0.009069207968245863,0.8586744639376218,0.2410890906055508,0.8998978549540347,-0.001064740078157378,-0.0011282872935407529,0.00814879564879567,0.04176100628930812,0.0,2026-03-11 12:54:35.539404
0.8196872125114996,0.5033984920655579,0.9453083109919571,0.00910885747440266,0.8587433024841695,0.24109283222508815,0.8999489535477284,-0.0010000766578583953,-0.0010596919330836396,0.008065963163050527,0.04176100628930812,0.0,2026-03-11 12:54:35.547698
0.8197701149425287,0.5034131468589683,0.9453376205787781,0.009148467352802205,0.8588120740019474,0.24109656977634167,0.8999999999999999,-0.0010424517337803696,-0.0011045930171809104,0.008111005457001053,0.04176100628930812,0.0,2026-03-11 12:54:35.559241
0.8198529411764706,0.5034277859536178,0.9453668987680771,0.009188037662823884,0.8588807785888077,0.24110030326594428,0.9000509943906169,-0.0010847618670573045,-0.0011494252873562871,0.008155969143108899,0.04176100628930812,0.0,2026-03-11 12:54:35.573692
0.819935691318328,0.5034424093747185,0.9453961456102784,0.009227568463728325,0.8589494163424124,0.24110403270051448,0.9001019367991846,-0.0011270072068682024,-0.0011941889016815477,0.008200854426974047,0.04176100628930812,0.0,2026-03-11 12:54:35.591253
0.820018365472911,0.5034570171474284,0.9454253611556982,0.009267059814659672,0.8590179873602334,0.24110775808665647,0.9001528273051451,-0.0010624920971661345,-0.001125751043413059,0.008118251394098053,0.04176100628930812,0.0,2026-03-11 12:54:35.609134
0.8201009637448371,0.503471609296852,0.9454545454545454,0.009306511774639415,0.859086491739553,0.24111147943096006,0.90020366598778,-0.0009981247884027766,-0.0010574792964510582,0.008035876862004576,0.04176100628930812,0.0,2026-03-11 12:54:35.623867
0.8197247706422018,0.5033724340175953,0.9454545454545454,0.009045063384843592,0.8586692569208354,0.2407222758205944,0.899974548231102,-0.0009339047732520589,-0.0009893730567542836,0.008035876862004576,0.04202590695155983,0.0,2026-03-11 12:54:35.635639
0.8198074277854195,0.5033870105687833,0.9454836985569214,0.009084487584263366,0.8587378640776699,0.2407259871291323,0.9000254388196387,-0.0009760854683196207,-0.0010340590294684038,0.008080683948511136,0.04202590695155983,0.0,2026-03-11 12:54:35.647735
0.8198900091659028,0.5034015715467328,0.9455128205128205,0.009123872515374176,0.858806404657933,0.24072969441547173,0.9000762776506482,-0.0010182016669115779,-0.0010786766750068288,0.008125413041829677,0.04202590695155983,0.0,2026-03-11 12:54:35.659643
0.8199725148877691,0.5034161169763878,0.9455419113721303,0.009163218236814099,0.8588748787584869,0.24073339768614918,0.9001270648030495,-0.0010602535168425797,-0.0011232261499640739,0.008170064345420669,0.04202590695155983,0.0,2026-03-11 12:54:35.671645
0.820054945054945,0.5034306468826385,0.9455709711846318,0.009202524807107683,0.8589432864760058,0.2407370969476869,0.9001778003556008,-0.001102241165475859,-0.0011677076104557038,0.008214638062037594,0.04202590695155983,0.0,2026-03-11 12:54:36.291199
0.820137299771167,0.5034451612903226,0.9456,0.009241792284660981,0.8590116279069767,0.24074079220659314,0.9002284843869002,-0.0011441647597253413,-0.00121212121212122,0.008259134393729828,0.04202590695155983,0.0,2026-03-11 12:54:36.292806
0.8202195791399817,0.5034596602242245,0.9456289978678039,0.009281020727766267,0.8590799031476998,0.24074448346936198,0.900279116975387,-0.0011860244460567548,-0.0012564671101256142,0.008303553541845865,0.04202590695155983,0.0,2026-03-11 12:54:36.300447
0.8203017832647462,0.503474143709076,0.9456579648375066,0.009320210194599502,0.8591481122942884,0.24074817074247354,0.9003296981993406,-0.0012278203704897406,-0.0013007454591611456,0.008347895707036201,0.04202590695155983,0.0,2026-03-11 12:54:36.302151
0.819926873857404,0.5033756062129655,0.9456579648375066,0.009060249162599308,0.8587324625060474,0.240360804166951,0.9001014198782962,-0.001269552678599406,-0.0013449564134495606,0.008347895707036201,0.04151490066225172,0.0,2026-03-11 12:54:36.320011
0.8200091365920512,0.5033900742734454,0.9456869009584664,0.009099411065895612,0.8588007736943907,0.2403644815304154,0.9001520527116066,-0.0013112215155179907,-0.0013891001267427594,0.008392161089256556,0.04151490066225172,0.0,2026-03-11 12:54:36.325315
0.8200913242009132,0.5034045269341803,0.9457158062799361,0.009138534113901793,0.8588690188496858,0.2403681549235393,0.9002026342451874,-0.0013528270259367536,-0.0014331767523256822,0.008436349887770644,0.04151490066225172,0.0,2026-03-11 12:54:36.330587
0.8201734367868553,0.5034189642197441,0.9457446808510638,0.009177618364418617,0.8589371980676328,0.2403718243527504,0.900253164556962,-0.0013943693541073054,-0.0014771864430178638,0.008480462301153291,0.04151490066225172,0.0,2026-03-11 12:54:36.332941
0.8202554744525548,0.5034333861546588,0.9457735247208932,0.009216663875128811,0.859005311443747,0.24037548982446275,0.9003036437246963,-0.0013302961275627467,-0.001409211999536808,0.008398315323015826,0.04151490066225172,0.0,2026-03-11 12:54:36.338407
0.8203374373005016,0.5034477927633939,0.9458023379383634,0.009255670703600597,0.859073359073359,0.24037915134507634,0.9003540718259989,-0.0012663691869234661,-0.001341401944068954,0.00831639495723191,0.04151490066225172,0.0,2026-03-11 12:54:36.343911
0.8204193254329991,0.5034621840703672,0.9458311205523101,0.009294638907289411,0.859141341051616,0.24038280892097755,0.9004044489383216,-0.0012025880317816373,-0.0012737556810054063,0.008234700267386708,0.04151490066225172,0.0,2026-03-11 12:54:36.349529
0.820501138952164,0.5034765600999447,0.945859872611465,0.009333568543537793,0.8592092574734812,0.2403864625585389,0.900454775138959,-0.001138952164009166,-0.0012062726176116367,0.00815323032221793,0.04151490066225172,0.0,2026-03-11 12:54:36.355207
0.8205828779599271,0.5034909208764403,0.9458885941644563,0.00937245966957044,0.859277108433735,0.24039011226411922,0.9005050505050505,-0.0010754610877447002,-0.001138952164009055,0.008071984195579751,0.04151490066225172,0.0,2026-03-11 12:54:36.360924
0.8206645425580337,0.5035052664241167,0.9459172852598091,0.009411312342505642,0.859344894026975,0.24039375804406368,0.900555275113579,-0.0010121143093808627,-0.001071793733159021,0.00799096096640839,0.04151490066225172,0.0,2026-03-11 12:54:36.366711
0.8207461328480437,0.5035195967671852,0.9459459459459459,0.009450126619343028,0.8594126143476167,0.24039739990470368,0.9006054490413724,-0.001053593599117053,-0.0011157188534571816,0.00803499719254852,0.04151490066225172,0.0,2026-03-11 12:54:36.372607
0.8208276489313324,0.5035339119298055,0.9459745762711864,0.009488902556972602,0.8594802694898941,0.24040103785235722,0.9006555723651034,-0.0010950099937969693,-0.0011595773700858736,0.008078957428652278,0.04151490066225172,0.0,2026-03-11 12:54:36.378573
0.8209090909090909,0.5035482119360862,0.946003176283748,0.009527640212172816,0.8595478595478595,0.24040467189332854,0.9007056451612904,-0.001136363636363602,-0.001203369434416235,0.008122841871245456,0.04151490066225172,0.0,2026-03-11 12:54:36.384602
0.8209904588823262,0.5035624968100852,0.946031746031746,0.009566339641605014,0.8596153846153847,0.24040830203390842,0.9007556675062972,-0.0011776546693276213,-0.0012470951973626576,0.00816665071617706,0.04151490066225172,0.0,2026-03-11 12:54:36.390678
0.821071752951862,0.5035767665758093,0.9460602855631941,0.009605000901824898,0.8596828447861605,0.24041192828037408,0.9008056394763344,-0.0011144516974981311,-0.001180086472951647,0.008085849468455475,0.04151490066225172,0.0,2026-03-11 12:54:36.396857
0.8206990467544257,0.503478860730315,0.9460602855631941,0.009346592364481895,0.8592699327569645,0.24002634354419208,0.9005789076264789,-0.0011556802629387741,-0.0012237431630397477,0.008085849468455475,0.04101024227715855,0.0,2026-03-11 12:54:36.403068
0.8207803992740472,0.50349311541172,0.9460887949260042,0.009385226688271953,0.8593374939990398,0.24002996009308655,0.90062893081761,-0.0010926206085056789,-0.0011568924090059607,0.008005269291179062,0.04101024227715855,0.0,2026-03-11 12:54:36.409419
0.8204081632653061,0.5033958351626826,0.9460887949260042,0.009128212577051292,0.8589251439539347,0.2396462189042941,0.9004024144869214,-0.0011337868480726376,-0.0012004801920768582,0.008005269291179062,0.04051181424249861,0.0,2026-03-11 12:54:36.415989
0.8204895738893926,0.5034100747836742,0.9461172741679873,0.00916681978726468,0.8589928057553957,0.23964982580215333,0.9004524886877828,-0.001070870024113879,-0.0011337868480725266,0.007924909278321457,0.04051181424249861,0.0,2026-03-11 12:54:36.422455
0.8205709107385591,0.5034242993681071,0.9461457233368532,0.009205389007042064,0.8590604026845637,0.23965342883705065,0.9005025125628141,-0.0010080955459107477,-0.0010672532486049047,0.00784476852880045,0.04051181424249861,0.0,2026-03-11 12:54:36.428990
0.8206521739130435,0.503438508939786,0.946174142480211,0.009243920292433072,0.859127934834691,0.23965702801518993,0.9005524861878453,-0.0009454629309351148,-0.001000878820427653,0.0077648461464443486,0.04051181424249861,0.0,2026-03-11 12:54:36.438611
0.8207333635129017,0.5034527035224653,0.9462025316455697,0.009282413699374449,0.8591954022988506,0.23966062334276148,0.9006024096385543,-0.0008829716988375536,-0.000934662993034685,0.0076851412399585595,0.04051181424249861,0.0,2026-03-11 12:54:36.445308
0.820814479638009,0.5034668831398492,0.9462308908803374,0.009320869283694853,0.8592628051699378,0.23966421482594247,0.9006522829904666,-0.000924075753752529,-0.0009781733785241276,0.007728874682403131,0.04051181424249861,0.0,2026-03-11 12:54:36.452868
0.8208955223880597,0.503481047815592,0.946259220231823,0.009359287101109904,0.8593301435406698,0.23966780247089695,0.9007021063189568,-0.0009651177648110076,-0.0010216180879600856,0.007772532916864083,0.04051181424249861,0.0,2026-03-11 12:54:36.840640
0.8209764918625678,0.5034951975732982,0.9462875197472354,0.00939766720723002,0.8593974175035868,0.23967138628377566,0.9007518796992481,-0.0010060978723838154,-0.001064997269930812,0.007816116137176476,0.04051181424249861,0.0,2026-03-11 12:54:36.853417
0.8210573881608676,0.5035093324365226,0.9463157894736842,0.009436009657554898,0.8594646271510517,0.23967496627071633,0.9008016032064128,-0.0010470162164184504,-0.0011083110725766954,0.007859624536509902,0.04051181424249861,0.0,2026-03-11 12:54:36.859390
0.8211382113821138,0.5035234524287704,0.9463440294581799,0.009474314507474038,0.8595317725752508,0.23967854243784348,0.900851276915373,-0.00108787293644097,-0.0011515596435922593,0.007903058307370925,0.04051181424249861,0.0,2026-03-11 12:54:36.866243
0.8212189616252822,0.5035375575734975,0.9463722397476341,0.009512581812269716,0.8595988538681948,0.2396821147912686,0.9009009009009008,-0.0011286681715575453,-0.0011947431302270495,0.007946417641606751,0.04051181424249861,0.0,2026-03-11 12:54:36.872422
0.8212996389891697,0.5035516478941103,0.9464004203888597,0.009550811627114502,0.8596658711217183,0.23968568333709012,0.9009504752376188,-0.001066317844154785,-0.0011286681715576563,0.007866929324540806,0.04051181424249861,0.0,2026-03-11 12:54:36.878660
0.8213802435723951,0.5035657234139662,0.9464285714285714,0.009589004007075458,0.8597328244274809,0.23968924808139358,0.901,-0.0010041079454172763,-0.0010627507217289,0.0077876567152551646,0.04051181424249861,0.0,2026-03-11 12:54:36.885056
0.8214607754733995,0.5035797841563734,0.9464566929133859,0.00962715900710982,0.8597997138769671,0.2396928090302514,0.9010494752623689,-0.0010448418343155241,-0.0011058635862599697,0.007830941804055636,0.04051181424249861,0.0,2026-03-11 12:54:36.894530
0.8215412347904462,0.5035938301445912,0.9464847848898216,0.009665276682069204,0.8598665395614872,0.23969636618972315,0.901098901098901,-0.0010855145152666168,-0.001148911668124919,0.00787415283795656,0.04051181424249861,0.0,2026-03-11 12:54:36.900252
0.8216216216216217,0.5036078614018304,0.9465128474043,0.00970335708669468,0.8599333015721772,0.2396999195658556,0.9011482775836246,-0.0010234445713068752,-0.0010831455046331762,0.007795095059590529,0.04051181424249861,0.0,2026-03-11 12:54:36.909039
0.8217019360648357,0.5036218779512528,0.9465408805031447,0.00974140027562281,0.86,0.23970346916468244,0.9011976047904192,-0.0009615141103672675,-0.0010175357410544539,0.0077162512400291705,0.04051181424249861,0.0,2026-03-11 12:54:36.918328
0.8217821782178217,0.5036358798159717,0.9465688842325825,0.009779406303384402,0.8600666349357449,0.23970701499222472,0.9012468827930173,-0.0008997226628080224,-0.0009520818201447234,0.007637620511872001,0.04051181424249861,0.0,2026-03-11 12:54:36.925254
0.8218623481781376,0.5036498670190522,0.9465968586387434,0.00981737522440017,0.8601332064700286,0.23971055705449063,0.9012961116650049,-0.0009403342736675757,-0.0009950568145342675,0.0076807576807575995,0.04051181424249861,0.0,2026-03-11 12:54:36.935253
0.8219424460431655,0.5036638395835109,0.9466248037676609,0.009855307092987408,0.8601997146932953,0.2397140953574756,0.9013452914798207,-0.0009808849518776475,-0.0010379673303122505,0.007723821173863832,0.04051181424249861,0.0,2026-03-11 12:54:36.943546
0.8220224719101124,0.5036777975323165,0.946652719665272,0.009893201963358127,0.8602661596958175,0.23971762990716233,0.9013944223107571,-0.0009192320501649753,-0.0009726630945992021,0.007645402674392732,0.04051181424249861,0.0,2026-03-11 12:54:36.953769
0.8221024258760108,0.5036917408883893,0.9466806063774177,0.009931059889614728,0.860332541567696,0.23972116070952085,0.9014435042309606,-0.0008577172288593005,-0.0009075136082599133,0.007567195545540084,0.04051181424249861,0.0,2026-03-11 12:54:36.961079
0.8221823080377189,0.5037056696746022,0.9467084639498433,0.009968880925758521,0.8603988603988604,0.23972468777050857,0.9014925373134328,-0.0007963400246034924,-0.0008425183218880861,0.007489198933858021,0.04051181424249861,0.0,2026-03-11 12:54:36.971546
0.822262118491921,0.5037195839137797,0.9467362924281985,0.01000666512568359,0.8604651162790697,0.23972821109607012,0.9015415216310294,-0.0008368299071941365,-0.0008853561384989383,0.007532188939774587,0.04051181424249861,0.0,2026-03-11 12:54:36.979009
0.8223418573351279,0.5037334836286993,0.9467640918580376,0.010044412543179181,0.8605313092979127,0.2397317306921377,0.9015904572564613,-0.0007755898587019638,-0.0008205117299506792,0.007454401996403459,0.04051181424249861,0.0,2026-03-11 12:54:36.991180
0.8219730941704035,0.5036368229990825,0.9467640918580376,0.009789030290964312,0.8601232811759127,0.2393496878506685,0.9013664596273292,-0.0008160190822923408,-0.0008632825988790227,0.007454401996403459,0.04001950188924552,0.0,2026-03-11 12:54:37.008207
0.822052891080233,0.5036507082124737,0.94679186228482,0.009826751794584187,0.8601895734597157,0.23935319812017422,0.9014154457412467,-0.0008563877830930489,-0.0009059894395606616,0.007497318703077238,0.04001950188924552,0.0,2026-03-11 12:54:37.019082
0.8221326164874552,0.5036645789470189,0.9468196037539103,0.009864436627586955,0.8602558029369967,0.23935670467793713,0.901464383221643,-0.0007952844311377438,-0.0008412926213687832,0.007419740583715195,0.04001950188924552,0.0,2026-03-11 12:54:37.036135
0.8222122704881325,0.5036784352253529,0.9468473163105784,0.009902084843421623,0.8603219696969697,0.2393602075298425,0.9015132721409079,-0.0007343173185402341,-0.0007767483900125161,0.007342370448587432,0.04001950188924552,0.0,2026-03-11 12:54:37.056320
0.8218442256042973,0.5035823883140194,0.9468473163105784,0.009648092992379826,0.8599148130619971,0.23897996867573884,0.9012896825396824,-0.0006734859901578183,-0.0007123562063153788,0.007342370448587432,0.04028091701646752,0.0,2026-03-11 12:54:37.070814
0.821923937360179,0.5035962301587301,0.946875,0.00968571523997154,0.8599810785241249,0.23898346226903494,0.901338621715419,-0.0007137943039714489,-0.0007549909127990695,0.007385214043324817,0.04028091701646752,0.0,2026-03-11 12:54:37.080852
0.8220035778175313,0.5036100575923584,0.9469026548672567,0.009723300981677393,0.8600472813238771,0.23898695217407498,0.9013875123885035,-0.0006530983066865836,-0.0006907475031896482,0.007308051057153153,0.04028091701646752,0.0,2026-03-11 12:54:37.090930
0.8220831470719714,0.5036238706373982,0.9469302809573361,0.009760850270604172,0.8601134215500945,0.23899043839669754,0.9014363546310055,-0.0006933463689100527,-0.0007333157478237595,0.007350821726622825,0.04028091701646752,0.0,2026-03-11 12:54:37.098153
0.82171581769437,0.5035284316179086,0.9469302809573361,0.009508238180699994,0.8597071327350023,0.23861198932569672,0.901213171577123,-0.000733534314535822,-0.0007758204103149868,0.007350821726622825,0.03979460847240046,0.0,2026-03-11 12:54:37.106495
0.8217954443948191,0.5035422302968068,0.9469578783151326,0.009545761449092841,0.8597733711048159,0.23861546635700423,0.9012620638455827,-0.0006729731972450193,-0.0007117225352768486,0.007273865058595952,0.03979460847240046,0.0,2026-03-11 12:54:37.114839
0.821875,0.503556014631964,0.946985446985447,0.009583248375458491,0.8598395469561114,0.2386189397233476,0.9013109077417759,-0.0007131011608623172,-0.000754161039689949,0.007316562988831876,0.03979460847240046,0.0,2026-03-11 12:54:37.125269
0.821954484605087,0.503569784645734,0.947012987012987,0.009620699012566276,0.8599056603773585,0.23862240943051938,0.9013597033374537,-0.0006526744744644875,-0.000690210917244638,0.007239811812575492,0.03979460847240046,0.0,2026-03-11 12:54:37.132710
0.8220338983050848,0.5035835403604243,0.9470404984423676,0.009658113413086866,0.85997171145686,0.23862587548430006,0.9014084507042254,-0.0005923817718502811,-0.0006264107364699623,0.007163265306122435,0.03979460847240046,0.0,2026-03-11 12:54:37.143251
0.8216674097191262,0.5034887034798589,0.9470404984423676,0.00940688071368649,0.8595664467483506,0.23824919667727293,0.9011857707509882,-0.0006324498876471019,-0.000668780537699476,0.007163265306122435,0.03931419457735241,0.0,2026-03-11 12:54:37.150828
0.82174688057041,0.5035024449177307,0.9470679813181111,0.009444269100973957,0.8596325953838907,0.23825265361790857,0.9012345679012345,-0.0005722907236875852,-0.0006051270766860295,0.007086922651883598,0.03931419457735241,0.0,2026-03-11 12:54:37.807869
0.821826280623608,0.5035161721009987,0.9470954356846473,0.00948162136166438,0.85969868173258,0.23825610692242624,0.9012833168805529,-0.0005122646552235821,-0.0005416225126575469,0.0070107830366188395,0.03931419457735241,0.0,2026-03-11 12:54:37.834466
0.8219056099732859,0.5035298850518322,0.9471228615863142,0.009518937548096195,0.859764705882353,0.23825955659656092,0.9013320177602367,-0.00045237124105446114,-0.00047826632377834244,0.006934845651407895,0.03931419457735241,0.0,2026-03-11 12:54:37.840136
0.8219848687138407,0.5035435837923539,0.9471502590673575,0.009556217712502866,0.8598306679209784,0.23826300264603548,0.9013806706114399,-0.00039261004192781,-0.0004150579906494478,0.006859109691621956,0.03931419457735241,0.0,2026-03-11 12:54:37.842778
0.8220640569395018,0.5035572683446409,0.9471776281719316,0.009593461907017209,0.8598965679360602,0.23826644507656083,0.901429275505175,-0.00043261844369224534,-0.00045735392063606106,0.006901735068025716,0.03931419457735241,0.0,2026-03-11 12:54:37.848580
0.8221431747443309,0.5035709387307248,0.9472049689440993,0.00963067018367441,0.8599624060150376,0.2382698838938358,0.9014778325123154,-0.0004725672648135948,-0.0004995868633852485,0.006944288075369398,0.03931419457735241,0.0,2026-03-11 12:54:37.854519
0.8222222222222222,0.5035845949725912,0.9472322814278323,0.009667842594405309,0.8600281822451855,0.23827331910354727,0.9015263417035942,-0.0005124566382844753,-0.0005417569594932115,0.006986768897798146,0.03931419457735241,0.0,2026-03-11 12:54:37.860454
0.8223011994669036,0.5035982370921808,0.9472595656670114,0.009704979191046818,0.860093896713615,0.23827675071137033,0.9015748031496064,-0.00045282721688455485,-0.0004786879786879972,0.006911233563071217,0.03931419457735241,0.0,2026-03-11 12:54:37.866428
0.822380106571936,0.5036118651113882,0.9472868217054263,0.009742080025327804,0.8601595495072736,0.23828017872296792,0.9016232169208068,-0.000393329137822529,-0.00041576584067848366,0.006835898057272138,0.03931419457735241,0.0,2026-03-11 12:54:37.872487
0.8220150909897914,0.5035176246891911,0.9472868217054263,0.009492265743972538,0.8597560975609756,0.23790522935028355,0.9014015244652077,-0.000433159196239985,-0.00045786792803936827,0.006835898057272138,0.03883956880152184,0.0,2026-03-11 12:54:37.878727
0.8216503992901508,0.5034239751160361,0.9472868217054263,0.009243769148510252,0.8593530239099859,0.2375320444470486,0.9011799410029498,-0.00037379202604270745,-0.00039508947868927,0.006835898057272138,0.03909756673753839,0.0,2026-03-11 12:54:37.890767
0.821729490022173,0.5034375890567113,0.9473140495867769,0.00928085403092093,0.85941893158388,0.23753545811633114,0.9012285012285012,-0.00031455533314272976,-0.0003324568561671182,0.006760761588476494,0.03909756673753839,0.0,2026-03-11 12:54:37.901698
0.8218085106382979,0.5049070247933884,0.9473140495867769,0.013230737091326992,0.85941893158388,0.2433251489245893,0.9012285012285012,0.00038861584181049125,0.0004107321905314487,0.006760761588476494,0.044616649054831536,0.0,2026-03-11 12:54:37.912193
0.821444395214887,0.5046624935467217,0.9468249870934434,0.012549789335066822,0.85941893158388,0.24326233102011544,0.9010071235568657,0.0010907429615669706,0.0011528177642577964,0.005955712782392597,0.044616649054831536,0.0,2026-03-11 12:54:37.923265
0.8215234720992028,0.5046762125902993,0.9468524251805985,0.012587160662085149,0.8594847775175644,0.2432658557500156,0.9010557328750307,0.001049988587080497,0.0011097440351257593,0.005998767361247048,0.044616649054831536,0.0,2026-03-11 12:54:37.931448
0.8216024789729969,0.5046899174832388,0.9468798349664775,0.0126244960776208,0.8595505617977528,0.24326937679330882,0.9011042944785276,0.0011090952323562497,0.0011721412490447447,0.0059238291417094135,0.044616649054831536,0.0,2026-03-11 12:54:37.948940
0.8216814159292035,0.5047036082474227,0.9469072164948453,0.012661795633415594,0.8596162845109967,0.24327289415577694,0.9011528084375766,0.0011680722577958047,0.001234393857601157,0.005849088387835932,0.044616649054831536,0.0,2026-03-11 12:54:37.960559
0.8217602830605927,0.5047172849046884,0.9469345698093766,0.0126990593811049,0.8596819457436857,0.24327640784318985,0.9012012748222603,0.0012269200893132437,0.001296502362897023,0.0057745443201568936,0.044616649054831536,0.0,2026-03-11 12:54:37.973005
0.8218390804597702,0.504730947476828,0.946961894953656,0.012736287372230988,0.8597475455820477,0.24327991786130543,0.901249693702524,0.001285639150958695,0.0013584672647124485,0.005700196163299531,0.044616649054831536,0.0,2026-03-11 12:54:37.984892
0.821917808219178,0.5047445959855893,0.9469891919711786,0.012773479658233335,0.8598130841121495,0.24328342421586938,0.9012980651481755,0.0012449451980801607,0.0013154681052546247,0.005743177891766704,0.044616649054831536,0.0,2026-03-11 12:54:37.996846
0.8219964664310954,0.5047582304526749,0.9470164609053497,0.012810636290455354,0.8598785614198973,0.24328692691261558,0.9013463892288862,0.0012043115325390819,0.0012725326482552202,0.005786086954589931,0.044616649054831536,0.0,2026-03-11 12:54:38.023892
0.822075055187638,0.504771850899743,0.9470437017994858,0.012847757320140115,0.8599439775910365,0.24329042595726588,0.9013946660141913,0.00116373802046299,0.001229660752258055,0.005828923535888042,0.044616649054831536,0.0,2026-03-11 12:54:38.047285
0.822153574580759,0.504785457348407,0.9470709146968139,0.012884842798432175,0.8600093327111525,0.2432939213555301,0.9014428955734898,0.0011232245283752107,0.001186852276225392,0.005871687819158589,0.044616649054831536,0.0,2026-03-11 12:54:38.065645
0.8222320247022497,0.5047990498202363,0.9470980996404725,0.012921892776381328,0.8600746268656716,0.24329741311310635,0.901491077976045,0.0011818152423448414,0.0012486846960110265,0.0057975348018206585,0.044616649054831536,0.0,2026-03-11 12:54:38.084206
0.822310405643739,0.5048126283367557,0.9471252566735113,0.012958907304935851,0.8601398601398601,0.2433009012356807,0.9015392132909845,0.001141361637163274,0.0012059421455016262,0.005840226969942464,0.044616649054831536,0.0,2026-03-11 12:54:38.096793
0.8223887174966946,0.5048261929194459,0.9471523858388917,0.012995886434949864,0.8602050326188257,0.24330438572892749,0.9015873015873016,0.0011998244238099476,0.0012676345700229907,0.0057662683248648205,0.044616649054831536,0.0,2026-03-11 12:54:38.119438
0.822466960352423,0.5048397435897436,0.9471794871794872,0.013032830217178503,0.8602701443875175,0.24330786659850923,0.9016353429338542,0.0011594305728458432,0.0012249577909190235,0.0058088885601000895,0.044616649054831536,0.0,2026-03-11 12:54:38.132393
0.8225451343020695,0.5048532803690415,0.9472065607380831,0.013069738702277926,0.8603351955307262,0.24331134385007655,0.9016833373993657,0.001217765850688446,0.0012865106970982865,0.00573512352404093,0.044616649054831536,0.0,2026-03-11 12:54:38.145420
0.8226232394366197,0.5048668032786885,0.9472336065573771,0.01310661194081328,0.8604001861330851,0.2433148174892686,0.9017312850524263,0.0011774316216445202,0.0012438995357696436,0.00577767200803847,0.044616649054831536,0.0,2026-03-11 12:54:38.161626
0.8227012758468983,0.5048803123399898,0.9472606246799795,0.013143449983247128,0.8604651162790697,0.24331828752171242,0.9017791859614915,0.001235639807378508,0.0013053133983583765,0.005704099821746911,0.044616649054831536,0.0,2026-03-11 12:54:38.174870
0.8227792436235708,0.5048938075742068,0.9472876151484135,0.013180252879949885,0.8605299860529986,0.2433217539530238,0.9018270401948841,0.0011953650683479422,0.001262767701661005,0.00574657673554424,0.044616649054831536,0.0,2026-03-11 12:54:38.198514
0.8228571428571428,0.5049072890025575,0.9473145780051151,0.01321702068119372,0.8605947955390335,0.24332521678880653,0.9018748478207939,0.0011551496878126066,0.0012202847104856307,0.005788982259570474,0.044616649054831536,0.0,2026-03-11 12:54:39.008535
0.8229349736379613,0.5049207566462168,0.9473415132924335,0.01325375343715384,0.8606595448211798,0.24332867603465294,0.9019226089072767,0.0011149935346418394,0.0011778642863075062,0.00583131657364877,0.044616649054831536,0.0,2026-03-11 12:54:39.009993
0.8230127360562143,0.5049342105263157,0.9473684210526315,0.013290451197913998,0.8607242339832869,0.24333213169614382,0.9019703235222574,0.0011730750431490078,0.0012391447869585237,0.0057579364818383105,0.044616649054831536,0.0,2026-03-11 12:54:39.014484
0.8230904302019315,0.5049476506639428,0.9473953013278856,0.013327114013459852,0.8607888631090487,0.2433355837788482,0.9020179917335278,0.0011329779865980605,0.0011967893904409888,0.0058001997651883075,0.044616649054831536,0.0,2026-03-11 12:54:39.015975
0.8231680561649847,0.5049610770801429,0.9474221541602859,0.013363741933682642,0.8608534322820037,0.24333903228832374,0.9020656136087485,0.001092939896306766,0.0011544962812711779,0.005842392196428681,0.044616649054831536,0.0,2026-03-11 12:54:39.023603
0.8228070175438597,0.5048637250552208,0.9474221541602859,0.013107566903876417,0.8604543347241539,0.24295970387019059,0.901846452866861,0.0010529606422979843,0.0011122653221515844,0.005842392196428681,0.044117647058823595,0.0,2026-03-11 12:54:39.025191
0.8228846996931171,0.5048771377709962,0.9474489795918367,0.013144170366610718,0.8605189990732159,0.24296314344184486,0.9018941233608547,0.0011109158866562385,0.001173412876835478,0.005769203447752003,0.044117647058823595,0.0,2026-03-11 12:54:39.032807
0.8229623137598597,0.5048905368073063,0.9474757776644569,0.01318073903763702,0.8605836035201482,0.24296657945690386,0.9019417475728155,0.001070995339334746,0.0011312465122709225,0.005811325204903239,0.044117647058823595,0.0,2026-03-11 12:54:39.034497
0.8230398598335523,0.5049039221850676,0.9475025484199796,0.013217272966536478,0.8606481481481482,0.24297001192088216,0.9019893255701117,0.0010311333694854596,0.001089142020581635,0.005853376465389748,0.044117647058823595,0.0,2026-03-11 12:54:39.052260
0.8231173380035026,0.5049172939251543,0.9475292919001528,0.013253772202795248,0.8607126330402591,0.24297344083928296,0.9020368574199805,0.0009913298482723265,0.001047099265683693,0.005895357406042745,0.044117647058823595,0.0,2026-03-11 12:54:39.060576
0.8231947483588622,0.5049306520483976,0.9475560081466395,0.013290236795807011,0.8607770582793709,0.24297686621759815,0.9020843431895298,0.0010491592397654514,0.001108114288788986,0.005822359253065845,0.044117647058823595,0.0,2026-03-11 12:54:39.068885
0.8232720909886264,0.5049439965755868,0.9475826972010178,0.013326666794869334,0.86084142394822,0.2429802880613081,0.9021317829457365,0.0010094140387300055,0.001066135699163251,0.005864270050125353,0.044117647058823595,0.0,2026-03-11 12:54:39.077308
0.8233493659816353,0.5049573275274685,0.9476093591047813,0.013363062249188044,0.86090573012939,0.24298370637588196,0.902179176755448,0.0010671179868576575,0.0011270134981474778,0.005791461749301785,0.044117647058823595,0.0,2026-03-11 12:54:39.079765
0.8234265734265734,0.5049706449247474,0.9476359938993391,0.013399423207877858,0.8609699769053117,0.24298712116677773,0.9022265246853822,0.0011246968993448014,0.0011877519886673849,0.00571884256094779,0.044117647058823595,0.0,2026-03-11 12:54:39.088413
0.8230668414154653,0.5048738975707875,0.9476359938993391,0.013144658305948203,0.8605724838411819,0.24260951857473473,0.9020082264698766,0.001085009890404498,0.0011458399643516914,0.00571884256094779,0.043624550411880736,0.0,2026-03-11 12:54:39.097982
0.8231441048034934,0.5048872014341261,0.9476626016260162,0.013180995022545824,0.8606368251038302,0.24261292454627276,0.9020556227327691,0.001045380945851826,0.0011039892597497492,0.005760683390065635,0.043624550411880736,0.0,2026-03-11 12:54:39.107556
0.8227848101265823,0.5047910531349895,0.9476626016260162,0.01292755813262589,0.860239852398524,0.24223707161021418,0.9018375241779497,0.0011028352286582832,0.0011645940014631817,0.005760683390065635,0.04387919772535154,0.0,2026-03-11 12:54:39.113841
0.8228621291448517,0.5048043434850084,0.9476891823260538,0.012963870450394354,0.8603042876901799,0.24224046880335964,0.901884968583857,0.0010632642211589882,0.0011228070175438587,0.005802454426307557,0.04387919772535154,0.0,2026-03-11 12:54:39.120563
0.8229393807239425,0.5048176203422859,0.9477157360406091,0.013000148427726295,0.8603686635944701,0.2422438625000088,0.9019323671497584,0.0011205942784889844,0.001183275921920468,0.0057300236145771954,0.04387919772535154,0.0,2026-03-11 12:54:39.130342
0.8230165649520488,0.5048308837273594,0.9477422628107559,0.013036392113310471,0.8604329801934593,0.24224725270555797,0.9019797199420568,0.00108108108108107,0.0011415525114155667,0.005771725032425401,0.04387919772535154,0.0,2026-03-11 12:54:39.137261
0.8230936819172113,0.5048441336607238,0.9477687626774848,0.01307260155574822,0.8604972375690608,0.2422506394253923,0.9020270270270271,0.0011382873153931161,0.001201886036549582,0.0056994818652849055,0.04387919772535154,0.0,2026-03-11 12:54:39.143352
0.823170731707317,0.5048573701628329,0.947795235681703,0.013108776803541848,0.8605614358030372,0.24225402266488594,0.9020742884708154,0.0011953701274090012,0.0012620821276858596,0.005627425614488923,0.04387919772535154,0.0,2026-03-11 12:54:39.149481
0.8228123639529822,0.5047618153717157,0.947795235681703,0.012856697868655726,0.860165593376265,0.24187988495487614,0.9018567639257294,0.0011559146135009524,0.0012204246545732822,0.005627425614488923,0.043391902215431655,0.0,2026-03-11 12:54:39.155808
0.8228894691035683,0.5047750384629818,0.9478216818642351,0.012892848774988966,0.8602298850574712,0.24188325949967546,0.9019040732706676,0.0011165166568706253,0.0011788279509328259,0.005669057587844528,0.043391902215431655,0.0,2026-03-11 12:54:39.162050
0.8229665071770335,0.5047882481637755,0.9478481012658228,0.012928965587810705,0.8602941176470589,0.24188663058020762,0.9019513370272224,0.0011734764455846314,0.0012388920836206019,0.005597187528911141,0.043391902215431655,0.0,2026-03-11 12:54:39.168499
0.8230434782608695,0.504801444494427,0.9478744939271255,0.012965048355328298,0.8603582912264585,0.24188999820180548,0.9019985552612569,0.0011341359203780321,0.001197358514346769,0.00563875023109639,0.043391902215431655,0.0,2026-03-11 12:54:39.174872
0.8231203824424164,0.5048146274752243,0.9479008598887203,0.01300109712565754,0.8604224058769513,0.2418933623697909,0.9020457280385079,0.0011909730830669263,0.0012572886297377295,0.005567065643282798,0.043391902215431655,0.0,2026-03-11 12:54:39.184365
0.8227628149435273,0.5047196607135909,0.9479008598887203,0.012750355811659763,0.8600275355667738,0.24152093202978628,0.9018286814244466,0.0011516898637964346,0.0012158180493941906,0.005567065643282798,0.04291030606820079,0.0,2026-03-11 12:54:39.191001
0.8228397742075554,0.5047328303647818,0.9479271991911021,0.012786380246145502,0.8600917431192661,0.24152428757514885,0.9018759018759019,0.0011124638253401375,0.0011744078337966313,0.005608559247043732,0.04291030606820079,0.0,2026-03-11 12:54:39.197689
0.8229166666666666,0.5047459867065729,0.9479535118746841,0.012822370783897074,0.8601558917927556,0.24152763968281102,0.9019230769230768,0.0011691787575714985,0.0012342068610005086,0.005537059413322387,0.04291030606820079,0.0,2026-03-11 12:54:39.204381
0.8229934924078091,0.5047591297591298,0.947979797979798,0.012858327472734899,0.8602199816681944,0.24153098835805384,0.9019702066314272,0.0011300097751709703,0.001192859354039677,0.005578484090831282,0.04291030606820079,0.0,2026-03-11 12:54:39.214894
0.8230702515177797,0.5047722595425775,0.9480060575466935,0.012894250360388567,0.8602840128263857,0.2415343336061475,0.9020172910662824,0.0010908977244310503,0.0011515719451996587,0.005619840013688648,0.04291030606820079,0.0,2026-03-11 12:54:39.221813
0.823146944083225,0.5047853760770007,0.9480322906155398,0.012930139494497544,0.8603479853479854,0.24153767543235155,0.9020643302928468,0.0011474908200733713,0.001211240310077466,0.005548524220723383,0.04291030606820079,0.0,2026-03-11 12:54:39.228814
0.8232235701906413,0.5047984793824432,0.9480584972264247,0.012965994922613692,0.8604118993135011,0.2415410138419146,0.9021113243761997,0.001108435576959721,0.0011700153312352857,0.0055898115599608555,0.04291030606820079,0.0,2026-03-11 12:54:39.238968
0.823300129926375,0.5048115694789082,0.9480846774193549,0.013001816692194627,0.8604757548032936,0.24154434884007467,0.902158273381295,0.0010694370177983803,0.0011288501854538335,0.005631030486042965,0.04291030606820079,0.0,2026-03-11 12:54:39.246214
0.8233766233766234,0.5048246463863593,0.9481108312342569,0.0130376048506173,0.8605395518975766,0.24154768043205907,0.9022051773729626,0.0010304950192739915,0.0010877447425670095,0.005672181168869916,0.04291030606820079,0.0,2026-03-11 12:54:39.256469
0.823453050627434,0.5048377101247192,0.9481369587109768,0.013073359445161485,0.8606032906764168,0.24155100862308432,0.9022520364159079,0.0009916094584285773,0.0010466988727857451,0.00571326377777992,0.04291030606820079,0.0,2026-03-11 12:54:39.263748
0.8235294117647058,0.5048507607138709,0.9481630598892803,0.013109080523023411,0.860666971219735,0.24155433341835636,0.9022988505747126,0.0009527802126605422,0.0010057124466972267,0.0057542784815513,0.04291030606820079,0.0,2026-03-11 12:54:39.277225
0.8236057068741893,0.5048637981736573,0.9481891348088531,0.013144768131309693,0.860730593607306,0.2415576548230706,0.9023456199138343,0.0010092518638916692,0.0010652579129637463,0.005683146019673346,0.04291030606820079,0.0,2026-03-11 12:54:39.287701
0.8232497839239412,0.5047694140301935,0.9481891348088531,0.012895420269297696,0.8603377453217709,0.24118688306987238,0.9021296960995453,0.000970478810953801,0.001024333241006703,0.005683146019673346,0.04243430987617036,0.0,2026-03-11 12:54:39.304319
0.8233261339092872,0.5047824383804175,0.9482151835093011,0.012931083911308528,0.8604014598540146,0.2411901959963182,0.9021765127959819,0.0009317618289530483,0.0009834677515110357,0.005724092986526763,0.04243430987617036,0.0,2026-03-11 12:54:39.317892
0.8234024179620034,0.5047954496408422,0.9482412060301507,0.012966714182108737,0.8604651162790697,0.24119350554775337,0.9022232847238822,0.000988112426269394,0.0010428833639245516,0.005653143149711326,0.04243430987617036,0.0,2026-03-11 12:54:39.563141
0.8234786361674579,0.5048084478311913,0.9482672024108488,0.013002311128515798,0.8605287146763901,0.24119681172933363,0.9022700119474313,0.0009494513936645355,0.0010020793555305385,0.005694022547312438,0.04243430987617036,0.0,2026-03-11 12:54:39.564490
0.8235547886108714,0.5048214329711485,0.9482931726907631,0.01303787479725838,0.8605922551252847,0.2412001145462042,0.9023166945306903,0.0010056813258902952,0.0010613631168152615,0.0056232546331556055,0.04243430987617036,0.0,2026-03-11 12:54:39.571926
0.8236308753773178,0.5048344050803579,0.9483191169091821,0.013073405234981348,0.860655737704918,0.2412034140034997,0.9023633325375985,0.0009670761214913837,0.0010206204491219895,0.0056640666286174035,0.04243430987617036,0.0,2026-03-11 12:54:39.573405
0.8237068965517241,0.5048473641784249,0.948345035105316,0.013108902488236034,0.8607191624943105,0.24120671010634454,0.9024099260319733,0.0010231857757871943,0.0010797727995045525,0.0055934799383123845,0.04243430987617036,0.0,2026-03-11 12:54:39.580941
0.8237828522188712,0.5048603102849147,0.9483709273182958,0.013144366603495699,0.8607825295723385,0.24121000285985245,0.9024564750775101,0.000984636278754003,0.0010390913325450946,0.005634224698196633,0.04243430987617036,0.0,2026-03-11 12:54:39.582519
0.8238587424633936,0.504873243419354,0.9483967935871743,0.013179797627137831,0.8608458390177354,0.24121329226912702,0.9025029797377832,0.0009461423685945825,0.0009984685266771764,0.005674902388517422,0.04243430987617036,0.0,2026-03-11 12:54:39.590160
0.8239345673697804,0.5048861636012301,0.9484226339509264,0.013215195605459584,0.860909090909091,0.24121657833926133,0.9025494400762449,0.0010021321304666264,0.0010574923045284512,0.005604496226832123,0.04243430987617036,0.0,2026-03-11 12:54:39.591774
0.8240103270223752,0.5048990708499911,0.9484484484484484,0.013250560584669308,0.8609722853248524,0.2412198610753381,0.9025958561562277,0.0009636936870366375,0.0010169304296124837,0.0056451070130569825,0.04243430987617036,0.0,2026-03-11 12:54:39.599528
0.8236559139784946,0.5048052639795759,0.9484484484484484,0.01300258436459355,0.8605812897366031,0.24085074094925935,0.9023809523809524,0.0009253105905373538,0.0009764269591239216,0.0056451070130569825,0.041963816530290465,0.0,2026-03-11 12:54:39.614295
0.8233018056749785,0.504712029102273,0.9484484484484484,0.012755876563761544,0.8601906491148434,0.240483310161784,0.9021661509164484,0.000886982721515106,0.0009359817670102633,0.0056451070130569825,0.04149873115390357,0.0,2026-03-11 12:54:39.619797
0.8233777395788568,0.5047249234373284,0.9484742371185593,0.01279122698544305,0.8602540834845736,0.2404865795553956,0.9022127052105638,0.0009428529748239933,0.0009948797718581925,0.0055748806883108015,0.04149873115390357,0.0,2026-03-11 12:54:39.675291
0.8234536082474226,0.5047378048780488,0.9485,0.01282654450909991,0.8603174603174604,0.24048984563523368,0.9022592152199762,0.0009045802141683934,0.0009544951133736435,0.005615424735363472,0.04149873115390357,0.0,2026-03-11 12:54:39.676883
0.8231000429368828,0.5046451367781155,0.9485,0.012581114538977783,0.8599274705349048,0.2401240813997736,0.9020446980504042,0.0009603313411375991,0.0010132629898617074,0.005615424735363472,0.041750092695587715,0.0,2026-03-11 12:54:39.678638
0.8231759656652361,0.5046580053438326,0.9485257371314343,0.012616408119100767,0.8599909379247848,0.24012733920848234,0.9020912547528518,0.0009221135700805405,0.0009729387274866053,0.00565590220762624,0.041750092695587715,0.0,2026-03-11 12:54:39.683008
0.8232518232518232,0.5046708610538397,0.9485514485514486,0.012651668897620717,0.8600543478260869,0.24013059371850504,0.9021377672209026,0.0008839506701953104,0.0009326723606785103,0.005696313268942044,0.041750092695587715,0.0,2026-03-11 12:54:39.684438
0.823327615780446,0.5046837039273916,0.9485771342985522,0.012686896920247746,0.8601177003168855,0.24013384493485013,0.9021842355175689,0.0009395830514201675,0.0009913129048129132,0.005626266092983556,0.041750092695587715,0.0,2026-03-11 12:54:39.688886
0.8234033433347621,0.5046965339837043,0.9486027944111777,0.012722092232600107,0.8601809954751132,0.24013709286251603,0.9022306597057428,0.0009014749046193371,0.0009511066690309766,0.005666610906657654,0.041750092695587715,0.0,2026-03-11 12:54:39.690424
0.8234790059982862,0.5047093512419559,0.9486284289276808,0.012757254880220309,0.8602442333785617,0.24014033750649091,0.9022770398481974,0.0009569889190756964,0.0010096179393166427,0.005596742194841742,0.041750092695587715,0.0,2026-03-11 12:54:39.694987
0.8235546038543897,0.504722155721286,0.948654037886341,0.012792384908556805,0.8603074141048824,0.24014357887175286,0.9023233760075865,0.0009189354076107881,0.0009694716982650009,0.005637020923645153,0.041750092695587715,0.0,2026-03-11 12:54:39.700338
0.8236301369863014,0.5047349474407961,0.9486796213253612,0.012827482362981282,0.8603705377315861,0.24014681696327006,0.9023696682464456,0.00088093641407061,0.0009293829733180159,0.005677233729815323,0.041750092695587715,0.0,2026-03-11 12:54:39.702014
0.8237056054771074,0.5047477264195498,0.9487051792828686,0.012862547288777136,0.8604336043360433,0.24015005178600057,0.9024159166271909,0.0008429918213801457,0.0008893516409622659,0.005717380775059788,0.041750092695587715,0.0,2026-03-11 12:54:39.754081
0.823781009409752,0.5047604926765724,0.9487307117969139,0.012897579731145754,0.8604966139954854,0.24015328334489236,0.9024621212121213,0.0008983878464327022,0.000947738748310778,0.005647689846225545,0.041750092695587715,0.0,2026-03-11 12:54:39.755320
0.8238563488670372,0.5047732462308518,0.9487562189054727,0.012932579735202891,0.8605595667870036,0.24015651164488347,0.902508282063417,0.0008604975378520008,0.0009077670214335809,0.00568777129172271,0.041750092695587715,0.0,2026-03-11 12:54:39.759620
0.8235042735042735,0.5046811397557667,0.9487562189054727,0.012688488414858404,0.8601714027965719,0.2397923620621849,0.9022947717057014,0.0009157759492632866,0.0009660256933997635,0.00568777129172271,0.041998231653404106,0.0,2026-03-11 12:54:39.761136
0.8231524989320803,0.5045895898152741,0.9487562189054727,0.012445638218523628,0.8597835888187556,0.2394298639530928,0.902081362346263,0.0009709371212017759,0.0010241540327665666,0.00568777129172271,0.04224320960538841,0.0,2026-03-11 12:54:39.765515
0.8232280102476516,0.50460233068576,0.9487817006464445,0.012480623155253813,0.8598467778278504,0.2394330792410073,0.9021276595744679,0.0009331009803245083,0.0009842440989329404,0.005727787298125286,0.04224320960538841,0.0,2026-03-11 12:54:39.766806
0.8233034571062741,0.5046150588913648,0.9488071570576541,0.012515575753133605,0.8599099099099099,0.23943629128969818,0.9021739130434782,0.0008953188910770793,0.0009443911792904602,0.00576773802556152,0.04224320960538841,0.0,2026-03-11 12:54:39.771220
0.8233788395904437,0.504627774450963,0.9488325881768505,0.012550496056982873,0.859972985141828,0.23943950010405884,0.9022201228153047,0.0009503631961258474,0.0010023942537907837,0.005698224202010271,0.04224320960538841,0.0,2026-03-11 12:54:39.772954
0.823454157782516,0.5046404773833918,0.948857994041708,0.012585384111537219,0.86003600360036,0.23944270568897286,0.9022662889518415,0.0009126350427660634,0.0009626005367275869,0.005738109810086267,0.04224320960538841,0.0,2026-03-11 12:54:39.780836
0.8235294117647058,0.504653167707451,0.9488833746898263,0.012620239961449281,0.8600989653621233,0.23944590804931393,0.9023124115148655,0.0009675628519312252,0.0010204764453962678,0.0056687724175592535,0.04224320960538841,0.0,2026-03-11 12:54:39.782748
0.8236046016190882,0.5046658454419028,0.9489087301587301,0.012655063651291352,0.8601618705035972,0.23944910718994597,0.9023584905660378,0.001022374534649817,0.0010782233107901051,0.0055996107852159804,0.04224320960538841,0.0,2026-03-11 12:54:39.790765
0.8232538330494037,0.5045748470070759,0.9489087301587301,0.012413496738517047,0.8597752808988764,0.23908821910664302,0.9021457203489743,0.001077070458798901,0.001135841564011808,0.0055996107852159804,0.042485086570638764,0.0,2026-03-11 12:54:39.808873
0.8233290762026394,0.5045875121706459,0.9489340604858701,0.01244829671682245,0.8598382749326146,0.23909141021564917,0.9021918453924109,0.0010393961259145268,0.0010961115047227743,0.0056394314330182604,0.042485086570638764,0.0,2026-03-11 12:54:39.821003
0.823404255319149,0.5046001647820221,0.9489593657086224,0.012483064628819514,0.8599012123933543,0.23909459811948283,0.9022379269729093,0.0010939766578185184,0.00115360386163732,0.005570444893415183,0.042485086570638764,0.0,2026-03-11 12:54:39.829751
0.8230540195661421,0.5045097128843412,0.9489593657086224,0.012242737880982329,0.8595152603231598,0.23873532729576566,0.9020254357041921,0.0011484421622579566,0.0012109684577586988,0.005570444893415183,0.042723921058338776,0.0,2026-03-11 12:54:39.838669
0.8231292517006803,0.5045223529621746,0.9489846458642892,0.012277481995651275,0.8595782862270076,0.23873850721382175,0.9020715630885121,0.0011108215347662709,0.0011712995961035144,0.00561020073951235,0.042723921058338776,0.0,2026-03-11 12:54:39.847644
0.8227794305142372,0.5044324426926237,0.9489846458642892,0.012038378624930401,0.8591928251121076,0.23838084632802448,0.9018592610025888,0.0011651723749859233,0.0012285391301183335,0.00561020073951235,0.042959770114942564,0.0,2026-03-11 12:54:39.854467
0.822429906542056,0.5041975455030533,0.9485148514851485,0.011381493017179861,0.8591928251121076,0.2383218338636153,0.9016470588235294,0.00016788420187174857,0.0001772007502552908,0.006805611131741385,0.042959770114942564,0.0,2026-03-11 12:54:39.862935
0.8225053078556264,0.5042102830459813,0.9485403265710044,0.011416428489653354,0.8592559390407889,0.2383250342502011,0.9016933207902165,0.00013031716501743507,0.00013754897217710393,0.006845302334186343,0.042959770114942564,0.0,2026-03-11 12:54:39.869045
0.8225806451612904,0.5042230079899548,0.9485657764589516,0.011451331839681979,0.8593189964157706,0.23832823142830897,0.9017395392571699,9.28036043722491e-05,9.795363791120781e-05,0.006884929050518518,0.042959770114942564,0.0,2026-03-11 12:54:39.878313
0.8226559185405176,0.5042357203536575,0.9485912011863569,0.011486203111548382,0.8593819973130318,0.23833142540276217,0.9017857142857143,0.00014803074254610138,0.00015623643780915408,0.006814694467009663,0.042959770114942564,0.0,2026-03-11 12:54:39.883369
0.8227311280746396,0.5042484201557359,0.9486166007905138,0.011521042349458383,0.8594449418084154,0.23833461617837437,0.9018318459370596,0.0002031419790659017,0.0002143901506642676,0.0067446370199030214,0.042959770114942564,0.0,2026-03-11 12:54:39.890706
0.8228062738448495,0.5042611074148,0.948641975308642,0.011555849597530662,0.8595078299776286,0.2383378037599497,0.9018779342723005,0.00016568178052689397,0.00017485574401121529,0.006784199407150249,0.042959770114942564,0.0,2026-03-11 12:54:39.897754
0.8228813559322034,0.5042737821494228,0.9486673247778875,0.01159062489980369,0.8595706618962433,0.23834098815228244,0.9019239793524167,0.00022067747986320718,0.00023288309268754137,0.006714318427164745,0.042959770114942564,0.0,2026-03-11 12:54:39.907370
0.8229563744176197,0.5042864443781406,0.9486926492353231,0.011625368300240736,0.859633437639696,0.23834416936015743,0.9019699812382739,0.00018327052965183555,0.00019340717399096707,0.006753816641845378,0.042959770114942564,0.0,2026-03-11 12:54:39.914201
0.8230313293818797,0.5042990941194534,0.9487179487179487,0.011660079842717129,0.8596961572832886,0.23834734738835,0.9020159399906236,0.00023815105474866982,0.0002513085715856178,0.006684111463067466,0.042959770114942564,0.0,2026-03-11 12:54:39.921324
0.822683030046551,0.504209720627631,0.9487179487179487,0.011422443704027348,0.8593121929432782,0.2379913392025011,0.9018045465198031,0.0002929167670315813,0.00030908215152558594,0.006684111463067466,0.04319268936960097,0.0,2026-03-11 12:54:39.931284
0.8227580372250423,0.5042223579000022,0.948743223262691,0.011457131565395738,0.859375,0.23799450931364835,0.9018505504802062,0.0002555629516927116,0.0002696668673490832,0.00672354566119282,0.04319268936960097,0.0,2026-03-11 12:54:39.939061
0.8228329809725159,0.5042349827218587,0.948768472906404,0.011491787661291827,0.8594377510040161,0.23799767625937007,0.9018965113556544,0.00031021421107635394,0.0003273153252481009,0.006654015621055054,0.04319268936960097,0.0,2026-03-11 12:54:39.949227
0.8224852071005917,0.5041461412151067,0.948768472906404,0.01125536301331618,0.8590544157002676,0.23764324914349327,0.901685393258427,0.0002729134174767056,0.0002879582585724183,0.006654015621055054,0.042732919254658386,0.0,2026-03-11 12:54:39.956414
0.8225602027883396,0.5041587536048393,0.9487936976858691,0.011289995345562166,0.8591172536781096,0.23764640821700753,0.9017313991576976,0.0003274505823730456,0.00034548200210726687,0.006584660060315328,0.042732919254658386,0.0,2026-03-11 12:54:39.966141
0.8226351351351351,0.5041713535808023,0.9488188976377953,0.011324596004580228,0.8591800356506238,0.23764956413926586,0.90177736202058,0.0003818740096992457,0.00040287918074977114,0.006515478323036117,0.042732919254658386,0.0,2026-03-11 12:54:39.973558
0.8222878851836218,0.5039379992036165,0.9483521888834235,0.010673449002042635,0.8591800356506238,0.23759110895103955,0.9015665185877951,-0.0006054826117813938,-0.0006394535833995629,0.007698034212133109,0.042732919254658386,0.0,2026-03-11 12:54:39.981028
0.8223628691983123,0.5039506953223767,0.948377581120944,0.010708230464915529,0.8592427616926503,0.23759428969420598,0.9016125262911895,-0.0005502016544453037,-0.0005810371317822582,0.00762763371150732,0.042732919254658386,0.0,2026-03-11 12:54:40.152993
0.8224377899620413,0.503963378963379,0.9484029484029484,0.010742980146298776,0.8593054318788959,0.23759746726881678,0.9016584910067741,-0.0004950356263344613,-0.0005227489270402952,0.0075574089924062005,0.042732919254658386,0.0,2026-03-11 12:54:40.160142
0.822512647554806,0.5039760501450089,0.9484282907662083,0.010777698089731851,0.8593680462839342,0.23760064167960496,0.90170441279477,-0.0005322835110069812,-0.0005620820390654924,0.007596779329481884,0.042732919254658386,0.0,2026-03-11 12:54:40.161300
0.8225874420564686,0.5039887088856161,0.9484536082474226,0.010812384338676961,0.8594306049822064,0.2376038129312942,0.9017502917152858,-0.0004772320540863406,-0.0005039193729003966,0.00752672973436852,0.042732919254658386,0.0,2026-03-11 12:54:40.165510
0.8226621735467565,0.5040013552035142,0.9484789008832188,0.010847038936514907,0.8594931080480214,0.23760698102859887,0.9017961278283182,-0.00042229481180666717,-0.0004458841167378491,0.007456854608981489,0.042732919254658386,0.0,2026-03-11 12:54:40.169809
0.8227368421052632,0.5040139891169808,0.9485041687101521,0.010881661926548937,0.8595555555555555,0.2376101459762238,0.9018419211937515,-0.0004594899000444075,-0.00048515691527151183,0.00749616124001018,0.042732919254658386,0.0,2026-03-11 12:54:40.171142
0.8228114478114478,0.5040266106442577,0.9485294117647058,0.010916253352002409,0.8596179475788538,0.2376133077788646,0.9018876718713587,-0.000496632304021305,-0.0005243740866116564,0.0075354043194930664,0.042732919254658386,0.0,2026-03-11 12:54:40.176884
0.8228859907446361,0.504039219803551,0.9485546300832925,0.010950813256018389,0.8596802841918295,0.23761646644120754,0.9019333799208015,-0.0005337221355933286,-0.0005635357488631421,0.007574584001432405,0.042732919254658386,0.0,2026-03-11 12:54:40.178412
0.8229604709840201,0.5040518166130311,0.9485798237022527,0.010985341681665265,0.8597425654682646,0.23761962196792943,0.9019790454016299,-0.0004788987528830946,-0.0005056206745428504,0.007504882694765236,0.042732919254658386,0.0,2026-03-11 12:54:40.185914
0.8230348886086591,0.5040644010908328,0.9486049926578561,0.011019838671932056,0.8598047914818101,0.23762277436369802,0.9020246683732837,-0.0005159361235901327,-0.0005447246819085816,0.007543999132666013,0.042732919254658386,0.0,2026-03-11 12:54:40.187517
0.823109243697479,0.5040769732550554,0.9486301369863014,0.011054304269725453,0.8598669623059867,0.23762592363317167,0.9020702488950918,-0.0005529211446566595,-0.0005837734185927257,0.007583052479537833,0.042732919254658386,0.0,2026-03-11 12:54:40.197144
0.8231835363292734,0.5040895331237629,0.9486552567237164,0.011088738517878014,0.8599290780141844,0.23762906978099949,0.902115787026273,-0.0004982112679148276,-0.0005259804205526297,0.007513524343818911,0.042732919254658386,0.0,2026-03-11 12:54:40.270708
0.8232577665827037,0.504102080714984,0.9486803519061584,0.011123141459143976,0.8599911386796633,0.23763221281182137,0.9021612828259354,-0.0004436145450027462,-0.00046831360809784783,0.007444168734491385,0.042732919254658386,0.0,2026-03-11 12:54:40.277908
0.8233319345362988,0.5041146160467118,0.9487054225696141,0.011157513136196997,0.8600531443755536,0.2376353527302681,0.9022067363530778,-0.00048054732733882055,-0.000507302691633793,0.007483159142850915,0.042732919254658386,0.0,2026-03-11 12:54:40.279077
0.8234060402684564,0.5041271391369048,0.94873046875,0.011191853591638917,0.8601150951748562,0.2376384895409612,0.9022521476665893,-0.0004260634075733405,-0.00044975940952118876,0.0074139754185525986,0.042732919254658386,0.0,2026-03-11 12:54:40.283403
0.8234800838574423,0.504139650003486,0.9487554904831625,0.011226162867989468,0.8601769911504424,0.23764162324851312,0.9022975168252495,-0.0004629440617763825,-0.0004886912233363905,0.0074529030404252294,0.042732919254658386,0.0,2026-03-11 12:54:40.284687
0.8235540653813914,0.5041521486643438,0.948780487804878,0.011260441007691383,0.8602388323750553,0.23764475385752712,0.9023428438877289,-0.0004997726981313955,-0.0005275681262717491,0.00749176802734719,0.042732919254658386,0.0,2026-03-11 12:54:40.286005
0.8236279849183075,0.5041646351373313,0.9488054607508533,0.011294688053112383,0.8603006189213086,0.23764788137259737,0.9023881289125898,-0.0005365494266128534,-0.0005663902344179572,0.00753057053036732,0.042732919254658386,0.0,2026-03-11 12:54:40.290429
0.8237018425460636,0.5041771094402673,0.9488304093567251,0.011328904046542285,0.860362350861688,0.23765100579830903,0.9024333719582851,-0.000573274356885034,-0.0006051576635384137,0.007569310700049181,0.042732919254658386,0.0,2026-03-11 12:54:40.291859
0.8237756383424026,0.5041895715909355,0.9488553336580614,0.011363089030195646,0.8604240282685512,0.2376541271392382,0.9024785730831596,-0.0005189028910304039,-0.0005477308294210559,0.007500298222593349,0.042732919254658386,0.0,2026-03-11 12:54:40.296431
0.8238493723849373,0.5042020216070848,0.9488802336903602,0.01139724304620762,0.860485651214128,0.23765724539995167,0.9025237323454504,-0.0005555761324493869,-0.0005864414731411305,0.007538976209017445,0.042732919254658386,0.0,2026-03-11 12:54:40.297947
0.8235048097030531,0.5041137073496311,0.9488802336903602,0.01116237681204829,0.8601059135039718,0.23730437624407835,0.9023148148148149,-0.0005013167727098145,-0.0005291373988340897,0.007538976209017445,0.04296296296296287,0.0,2026-03-11 12:54:40.302589
0.8235785953177257,0.5041261452489766,0.948905109489051,0.011196508021715509,0.8601676224084693,0.2373074868037643,0.902360018509949,-0.0005379384343237037,-0.00056779138334484,0.007577592161782332,0.04296296296296287,0.0,2026-03-11 12:54:40.314215
0.8236523192645215,0.5041385710491981,0.9489299610894941,0.011230608352360746,0.8602292768959435,0.23731059429690157,0.9024051803885291,-0.0005745086248741815,-0.0006063910404003892,0.007616146230007614,0.04296296296296287,0.0,2026-03-11 12:54:40.319402
0.8237259816207184,0.5041509847679415,0.948954788526981,0.011264677845873082,0.8602908770383428,0.23731369872802355,0.9024503005085529,-0.0005203610248868396,-0.0005492071251795849,0.0075473043643624615,0.04296296296296287,0.0,2026-03-11 12:54:40.321629
0.8237995824634655,0.5041633864228184,0.9489795918367347,0.011298716544060205,0.860352422907489,0.23731680010165462,0.9024953789279113,-0.0005568798528100549,-0.0005877503663898054,0.007585796696689906,0.04296296296296287,0.0,2026-03-11 12:54:40.326937
0.8234557595993323,0.5040755947349355,0.9489795918367347,0.011065055500913724,0.8599735799207398,0.2369654797016244,0.9022869022869023,-0.0005933474262380667,-0.0006262395118230568,0.007585796696689906,0.042508417508417495,0.0,2026-03-11 12:54:40.332390
0.8235294117647058,0.5040879843435229,0.9490043710539097,0.01109907140369984,0.8600352112676056,0.23696857343557037,0.9023320249365042,-0.0006297638529991767,-0.0006646746752849708,0.007624227441285547,0.042508417508417495,0.0,2026-03-11 12:54:40.337857
0.8236030025020851,0.5041003619233642,0.9490291262135923,0.0111330565992115,0.8600967883853937,0.2369716641255604,0.9023771059312254,-0.0006661292406198172,-0.000703055970262767,0.00766259674584191,0.042508417508417495,0.0,2026-03-11 12:54:40.343432
0.8236765318882868,0.5041127274919683,0.9490538573508006,0.011167011129007868,0.8601583113456465,0.23697475177608543,0.9024221453287197,-0.0007024436963249947,-0.0007413835099256971,0.007700904757579563,0.042508417508417495,0.0,2026-03-11 12:54:40.346016
0.8233333333333334,0.5040254537491466,0.9490538573508006,0.01093453856247328,0.8597802197802198,0.23662497335403232,0.9022140221402214,-0.0006484075111525822,-0.0006843128130731291,0.007700904757579563,0.04273563859453433,0.0,2026-03-11 12:54:40.351806
0.8234069137859226,0.5040378073239888,0.949078564500485,0.010968470262718582,0.8598418277680141,0.2366280534166341,0.9022591055786077,-0.000594482397275442,-0.0006273659138276155,0.007632232871849554,0.04273563859453433,0.0,2026-03-11 12:54:40.357721
0.8234804329725229,0.5040501489225102,0.9491032476975279,0.01100237138490141,0.8599033816425121,0.23663113045319958,0.9023041474654379,-0.0005406680125848995,-0.0005705424098132461,0.00756373033725577,0.04273563859453433,0.0,2026-03-11 12:54:40.363541
0.8235538909696213,0.5040624785621184,0.9491279069767442,0.011036241970332766,0.8599648814749781,0.23663420446818695,0.9023491478581299,-0.0005769316432996385,-0.0006088097731027364,0.007601977202925103,0.04273563859453433,0.0,2026-03-11 12:54:40.369434
0.8236272878535774,0.504074796260187,0.9491525423728814,0.011070082060257764,0.8600263273365512,0.23663727546604532,0.9023941068139963,-0.0006131445556497583,-0.0006470236156044251,0.007640163068808659,0.04273563859453433,0.0,2026-03-11 12:54:40.375430
0.8237006237006237,0.504087102034056,0.9491771539206195,0.01110389169583978,0.8600877192982456,0.23664034345121526,0.9024390243902439,-0.0006493068559629833,-0.0006851840495210038,0.007678288080722795,0.04273563859453433,0.0,2026-03-11 12:54:40.381453
0.8237738985868661,0.5040993959010323,0.9492017416545718,0.011137670918174233,0.8601490574309514,0.23664340842812867,0.9024839006439742,-0.0005956028597537966,-0.0006284770435713849,0.007609954271583619,0.04273563859453433,0.0,2026-03-11 12:54:40.387711
0.8238471125882841,0.5041116778783885,0.9492263056092843,0.011171419768277058,0.8602103418054339,0.23664647040120862,0.9025287356321839,-0.0005420089127172734,-0.0005718926473643471,0.0075417885652960814,0.04273563859453433,0.0,2026-03-11 12:54:40.393881
0.8239202657807309,0.5041239479833645,0.9492508458192364,0.011205138287095351,0.8602715724923347,0.2366495293748696,0.9025735294117647,-0.0005781207070244543,-0.0006099954703306931,0.007579852868592418,0.04273563859453433,0.0,2026-03-11 12:54:40.400134
0.8239933582399336,0.5041362062331666,0.9492753623188406,0.011238826515498967,0.8603327495621717,0.2366525853535175,0.9026182820395039,-0.0006141821010604565,-0.0006480451141999133,0.007617856608160389,0.04273563859453433,0.0,2026-03-11 12:54:40.409441
0.8240663900414937,0.504148452644968,0.9492998551424433,0.011272484494286854,0.8603938730853392,0.23665563834154937,0.9026629935720845,-0.0006501932002652699,-0.0006860416902259026,0.007655799928428575,0.04273563859453433,0.0,2026-03-11 12:54:40.415838
0.8241393612608876,0.5041606872359085,0.9493243243243243,0.011306112264182346,0.8604549431321085,0.23665868834335393,0.9027076640660854,-0.0006861541097846757,-0.0007239853093512494,0.0076936829733667,0.04273563859453433,0.0,2026-03-11 12:54:40.422299
0.824212271973466,0.5041729100230951,0.9493487698986975,0.011339709865837648,0.8605159597726278,0.23666173536331114,0.9027522935779817,-0.000722064934471911,-0.0007618760822103443,0.007731505886487411,0.04273563859453433,0.0,2026-03-11 12:54:40.428816
0.824285122254455,0.5041851210236017,0.9493731918997107,0.011373277339831586,0.8605769230769231,0.2366647794057924,0.902796882164145,-0.0007579257788882243,-0.000799714119129602,0.007769268810848273,0.04273563859453433,0.0,2026-03-11 12:54:40.438446
0.824357912178956,0.5041973202544692,0.9493975903614458,0.01140681472667104,0.8606378331148974,0.2366678204751607,0.9028414298808434,-0.0007937367473038748,-0.0008374995301281274,0.007806971889053327,0.04273563859453433,0.0,2026-03-11 12:54:40.632568
0.8244306418219461,0.5042095077327059,0.9494219653179191,0.011440322066788067,0.8606986899563319,0.23667085857577033,0.9028859367842419,-0.0008294979436995753,-0.0008752324249197141,0.00784461526325475,0.04273563859453433,0.0,2026-03-11 12:54:40.633942
0.8245033112582781,0.504221683475287,0.9494463168030813,0.011473799400545024,0.8607594936708861,0.23667389371196723,0.9029304029304029,-0.0007760137079159124,-0.0008187531237946466,0.007776617040274991,0.04273563859453433,0.0,2026-03-11 12:54:40.638418
0.8241621845262722,0.504134923107423,0.9494463168030813,0.011242606398082689,0.8603839441535777,0.2363255875722257,0.9027237354085603,-0.0008117252359831628,-0.0008564314854810906,0.007776617040274991,0.042286229246819906,0.0,2026-03-11 12:54:40.639904
0.8242349048800661,0.5041470871312914,0.9494706448508181,0.011276061460307197,0.8604448320976886,0.23632861528598118,0.9027682452528026,-0.0007583503749147846,-0.0008000719165768277,0.00770878568410005,0.042286229246819906,0.0,2026-03-11 12:54:40.643594
0.8243075651095494,0.504159239453357,0.9494949494949495,0.011309486601239642,0.8605056669572798,0.23633164004834012,0.9028127143837182,-0.000794012338057648,-0.0008376958647469124,0.007746369496000605,0.042286229246819906,0.0,2026-03-11 12:54:40.649242
0.8243801652892562,0.5041713800904977,0.9495192307692307,0.011342881861001703,0.8605664488017429,0.2363346618636167,0.9028571428571428,-0.0007407465165419902,-0.0007814556462226729,0.00767870439314966,0.042286229246819906,0.0,2026-03-11 12:54:40.650634
0.8244527054935977,0.5041835090595584,0.9495434887073523,0.0113762472796453,0.8606271777003485,0.23633768073611663,0.9029015307288096,-0.000776359017877537,-0.0008190253001101322,0.007716228784003798,0.042286229246819906,0.0,2026-03-11 12:54:40.652070
0.8245251857968621,0.504195626377352,0.9495677233429395,0.011409582897149698,0.8606878537222464,0.23634069667013732,0.9029458780543503,-0.0008119221602367332,-0.0008565428824049981,0.00775369389461944,0.042286229246819906,0.0,2026-03-11 12:54:40.656621
0.824597606273215,0.504207732060659,0.9495919347095535,0.011442888753425454,0.8607484769364665,0.23634370966996768,0.9029901848892946,-0.0008474360461662167,-0.0008940085012896226,0.007791099865360529,0.042286229246819906,0.0,2026-03-11 12:54:40.661241
0.8246699669966997,0.5042198261262278,0.949616122840691,0.01147616488830842,0.8608090474119182,0.23634671973988838,0.9030344512890713,-0.0007942789304087317,-0.0008378830482245192,0.007723600405356135,0.042286229246819906,0.0,2026-03-11 12:54:40.662835
0.8243298969072165,0.5041335746168264,0.949616122840691,0.011246171516080235,0.8604347826086957,0.2359999158557297,0.9028284671532847,-0.0008297436621707011,-0.0008752947135923783,0.007723600405356135,0.04184186944233814,0.0,2026-03-11 12:54:40.674514
0.8244023083264633,0.504145657081373,0.9496402877697842,0.01127942552422087,0.8604954367666232,0.23600291858747327,0.9028727770177839,-0.0007766949197379747,-0.0008192878669495141,0.007656265980706345,0.04184186944233814,0.0,2026-03-11 12:54:40.679718
0.8244746600741656,0.5041577279615816,0.9496644295302014,0.011312649895001154,0.8605560382276282,0.23600591840213017,0.9029170464904285,-0.000812110599312188,-0.0008566456966938585,0.007693612951493511,0.04184186944233814,0.0,2026-03-11 12:54:40.681966
0.8241350906095551,0.504071980846972,0.9496644295302014,0.011083809625554204,0.8601823708206687,0.23566062791962883,0.9027113237639554,-0.0008474773283964065,-0.0008939518915664912,0.007693612951493511,0.04140247455187307,0.0,2026-03-11 12:54:40.687384
0.8242074927953891,0.5040840401594947,0.9496885481552467,0.011117011792995131,0.8602430555555556,0.23566362043680575,0.9027556365292644,-0.0008827952084072832,-0.0009312065585458384,0.007730901061806739,0.04140247455187307,0.0,2026-03-11 12:54:40.693747
0.8242798353909465,0.5040960879209517,0.9497126436781609,0.011150184406896094,0.8603036876355749,0.23566661004964212,0.9027999089460506,-0.0009180643404815836,-0.0009684098043143408,0.00776813045068625,0.04140247455187307,0.0,2026-03-11 12:54:40.700008
0.8243521184697655,0.5041081241479317,0.9497367161321206,0.011183327506698896,0.8603642671292281,0.23566959676236499,0.902844141069397,-0.0009532848254771853,-0.00100556173526134,0.007805301256735175,0.04140247455187307,0.0,2026-03-11 12:54:40.709334
0.8244243421052632,0.504120148856991,0.9497607655502392,0.011216441131775678,0.8604247941048981,0.23567258057919271,0.902888332954287,-0.000988456763973744,-0.0010426624574819687,0.007842413618120547,0.04140247455187307,0.0,2026-03-11 12:54:40.715844
0.8244965063707357,0.5041321620646547,0.9497847919655668,0.011249525321424805,0.8604852686308492,0.23567556150433586,0.9029324846556035,-0.0009355160637862792,-0.0009867634528872848,0.007775243624300265,0.04140247455187307,0.0,2026-03-11 12:54:40.722409
0.8245686113393591,0.5041441637874162,0.9498087954110899,0.011282580114880383,0.8605456907752274,0.23567853954199672,0.90297659622813,-0.0008826830761119453,-0.0009309844032381331,0.007708237459733147,0.04140247455187307,0.0,2026-03-11 12:54:40.733316
0.8246406570841889,0.5041561540417376,0.9498327759197325,0.01131560555130255,0.8606060606060606,0.23568151469636942,0.9030206677265501,-0.0008299574725588732,-0.0008753249228272697,0.007641394525773948,0.04140247455187307,0.0,2026-03-11 12:54:40.739142
0.8247126436781609,0.504168132844049,0.9498567335243553,0.011348601669783935,0.8606663781912592,0.2356844869716399,0.9030646992054484,-0.0008650809648592661,-0.0009123683487903822,0.007678448580228592,0.04140247455187307,0.0,2026-03-11 12:54:40.746974
0.8247845711940911,0.5041801002107495,0.9498806682577565,0.011381568509347361,0.860726643598616,0.2356874563719861,0.9031086907193103,-0.0009001561109899248,-0.0009493607858672704,0.007715444465053012,0.04140247455187307,0.0,2026-03-11 12:54:40.753939
0.8248564397046759,0.5041920561582072,0.9499045801526718,0.011414506108944854,0.8607868568958064,0.23569042290157793,0.9031526423225222,-0.0009351830107022785,-0.0009863023392615577,0.007752382317116835,0.04140247455187307,0.0,2026-03-11 12:54:40.763996
0.8249282492824929,0.5042040007027584,0.949928469241774,0.011447414507462218,0.8608470181503889,0.23569338656457706,0.903196554069372,-0.0009701617634733095,-0.00102319311388821,0.0077892622728609195,0.04140247455187307,0.0,2026-03-11 12:54:40.775982
0.825,0.5042159338607084,0.949952335557674,0.01148029374371488,0.8609071274298056,0.2356963473651373,0.9032404260140494,-0.0009175432169832298,-0.0009676446131996475,0.007722581973777509,0.04140247455187307,0.0,2026-03-11 12:54:40.783478
0.8250716919295371,0.5042278556483315,0.9499761791329204,0.011513143856448192,0.8609671848013817,0.23569930530740432,0.9032842582106454,-0.0009524739220170275,-0.0010044826693649256,0.007759404169215056,0.04140247455187307,0.0,2026-03-11 12:54:40.800039
0.8251433251433251,0.5042397660818714,0.95,0.011545964884340678,0.8610271903323263,0.2357022603955158,0.9033280507131538,-0.0008999621068586094,-0.0009490509490508447,0.007692885912170766,0.04140247455187307,0.0,2026-03-11 12:54:40.810681
0.8252148997134671,0.50425166517754,0.9500237981913374,0.011578756866003728,0.8610871440897325,0.23570521263360153,0.9033718035754695,-0.0008475566986204663,-0.0008937376725837165,0.0076265291072067365,0.04140247455187307,0.0,2026-03-11 12:54:40.826983
0.8252864157119476,0.5042635529515194,0.9500475737392959,0.011611519839977416,0.8611470461405778,0.23570816202578318,0.9034155168513912,-0.0008824394548484493,-0.0009305210918113538,0.007663293677925176,0.04140247455187307,0.0,2026-03-11 12:54:40.845339
0.8253578732106339,0.5042754294199598,0.9500713266761769,0.011644253844733277,0.8612068965517241,0.2357111085761746,0.903459190594619,-0.0008301401304326994,-0.0008753238515128992,0.007597097737942815,0.04140247455187307,0.0,2026-03-11 12:54:40.859476
0.8254292722812756,0.5042872945989816,0.9500950570342205,0.011676958918679465,0.8612666953899182,0.23571405228888168,0.903502824858757,-0.0008649750365150588,-0.0009120547877021767,0.007633804819105805,0.04140247455187307,0.0,2026-03-11 12:54:40.877789
0.8255006129955047,0.5042991485046742,0.9501187648456056,0.011709635100151066,0.8613264427217916,0.23571699316800235,0.9035464196973119,-0.0008997621908412023,-0.0009487353730535109,0.007670454545454564,0.04140247455187307,0.0,2026-03-11 12:54:41.168510
0.8255718954248366,0.5043109911530964,0.9501424501424501,0.011742282427419055,0.8613861386138614,0.23571993121762674,0.9035899751636938,-0.0008475686284565853,-0.0008936517841615643,0.007604418886198561,0.04140247455187307,0.0,2026-03-11 12:54:41.169744
0.8256431196406696,0.5043228225602767,0.9501661129568106,0.011774900938684295,0.8614457831325302,0.2357228664418371,0.9036334913112165,-0.0008823081291466917,-0.0009302801063177935,0.00764101139205331,0.04140247455187307,0.0,2026-03-11 12:54:41.173992
0.8257142857142857,0.5043346427422128,0.9501897533206831,0.011807490672082765,0.861505376344086,0.23572579884470773,0.9036769681930973,-0.0008302200083022404,-0.0008753118298394647,0.007575135432094204,0.04140247455187307,0.0,2026-03-11 12:54:41.175283
0.8257853937168502,0.5043464517148728,0.9502133712660028,0.011840051665680177,0.8615649183147034,0.23572872843030518,0.9037204058624577,-0.0008649119532075922,-0.0009118880017844333,0.0076116708513565,0.04140247455187307,0.0,2026-03-11 12:54:41.179624
0.8258564437194127,0.5043582494941936,0.9502369668246445,0.011872583957477248,0.8616244091104426,0.2357316552026882,0.9037638043723236,-0.0008995564399121303,-0.0009484141379265676,0.0076481493175099,0.04140247455187307,0.0,2026-03-11 12:54:41.180984
0.8259274357929066,0.5043700360960826,0.9502605400284225,0.011905087585408652,0.8616838487972509,0.23573457916590773,0.9038071637756252,-0.000934153565732565,-0.0009848903408682386,0.007684570963622628,0.04140247455187307,0.0,2026-03-11 12:54:41.185455
0.8259983700081499,0.5043818115364168,0.9502840909090909,0.011937562587338926,0.8617432374409618,0.23573750032400692,0.9038504841251971,-0.0009687034277198192,-0.001021316712931375,0.00772093592234846,0.04140247455187307,0.0,2026-03-11 12:54:41.186947
0.8260692464358452,0.5043935758310432,0.9503076194983436,0.011970009001070201,0.8618025751072962,0.2357404186810211,0.9038937654737791,-0.0010032061226600275,-0.0010576933561592394,0.007757244325928392,0.04140247455187307,0.0,2026-03-11 12:54:41.191550
0.8261400651465798,0.5044053289957786,0.9503311258278145,0.012002426864332444,0.8618618618618619,0.235743334240978,0.9039370078740158,-0.0010376617470750915,-0.0010940203723155406,0.00779349630619286,0.04140247455187307,0.0,2026-03-11 12:54:41.193165
0.8262108262108262,0.5044170710464104,0.950354609929078,0.012034816214795598,0.8619210977701544,0.23574624700789756,0.9039802113784574,-0.00107207039722379,-0.0011302978628877636,0.007829691994562404,0.04140247455187307,0.0,2026-03-11 12:54:41.197798
0.8262815296989422,0.5044288019986956,0.9503780718336484,0.012067177090059196,0.8619802828975568,0.23574915698579196,0.9040233760395595,-0.0011064321691024448,-0.0011665259290856156,0.007865831522050115,0.04140247455187307,0.0,2026-03-11 12:54:41.209456
0.8263521756811713,0.5044405218683616,0.9504015115729806,0.012099509527658873,0.8620394173093402,0.23575206417866582,0.9040665019096832,-0.0011407471584462536,-0.0012027046718443568,0.00790191501926274,0.04140247455187307,0.0,2026-03-11 12:54:41.211660
0.8264227642276423,0.5044522306711064,0.9504249291784702,0.012131813565059723,0.8620985010706638,0.23575496859051603,0.9041095890410958,-0.0011750154607297336,-0.00123883419182369,0.007937942616402127,0.04140247455187307,0.0,2026-03-11 12:54:41.220007
0.8260869565217391,0.5043669835396725,0.9504249291784702,0.01190433753159044,0.8617294520547946,0.23541105160421738,0.9039066008082622,-0.001123032462228113,-0.0011839629468808344,0.007937942616402127,0.041626924649134756,0.0,2026-03-11 12:54:41.222356
0.826157595450853,0.5043786812911641,0.9504483246814536,0.011936620576746243,0.8617886178861789,0.2354139490061574,0.9039497307001797,-0.0011572541726662111,-0.0012200413671406007,0.007973914443267338,0.041626924649134756,0.0,2026-03-11 12:54:41.227788
0.8262281770198945,0.5043903680070411,0.9504716981132075,0.011968875300627641,0.8618477331052181,0.23541684363908988,0.9039928218932256,-0.0011053759785969453,-0.0011652847723360171,0.007908197603984424,0.041626924649134756,0.0,2026-03-11 12:54:41.233314
0.8262987012987013,0.5044020437029125,0.9504950495049505,0.01200110174048737,0.8619067977768277,0.23541973550698309,0.9040358744394619,-0.0010536022723305338,-0.0011106444335713395,0.007842639309548982,0.041626924649134756,0.0,2026-03-11 12:54:41.235913
0.8259634888438134,0.5043172921943357,0.9504950495049505,0.011774765556007597,0.8615384615384616,0.2350773066195398,0.9038332212508406,-0.0010877774858794043,-0.001146669897535313,0.007842639309548982,0.041192411924119154,0.0,2026-03-11 12:54:41.241683
0.8260340632603407,0.5043289568857813,0.9505183788878416,0.011806970970170732,0.8615976078598889,0.2350801915240149,0.9038763163791171,-0.0010361079520601058,-0.001092143482871455,0.007777238986907409,0.041192411924119154,0.0,2026-03-11 12:54:41.247431
0.8261045804620997,0.5043406105883513,0.9505416862929816,0.011839148178890039,0.8616567036720751,0.23508307367537484,0.903919372900336,-0.0010702367634182197,-0.0011281180729987295,0.007813155172895714,0.041192411924119154,0.0,2026-03-11 12:54:41.256250
0.8261750405186385,0.5043522533175667,0.9505649717514124,0.01187129721920462,0.8617157490396927,0.2350859530775594,0.9039623908663532,-0.0011043192670268098,-0.0011640438509274986,0.007849015847004703,0.041192411924119154,0.0,2026-03-11 12:54:41.259076
0.8262454434993924,0.5043638850889193,0.9505882352941176,0.011903418128084186,0.8617747440273038,0.23508882973450074,0.9040053703289326,-0.0010527535915670905,-0.001109629050433547,0.007783772925861632,0.041192411924119154,0.0,2026-03-11 12:54:41.265065
0.8263157894736842,0.5043755059178717,0.9506114769520225,0.011935510942439971,0.8618336886993604,0.23509170365012372,0.9040483113397451,-0.0010012914616402968,-0.001055329413538253,0.007718686838663613,0.041192411924119154,0.0,2026-03-11 12:54:41.274060
0.8263860785107244,0.5043871158198576,0.9506346967559943,0.011967575699110607,0.8618925831202046,0.23509457482834564,0.9040912139503688,-0.0010353277516846893,-0.0010912025827278793,0.0077544921294920854,0.041192411924119154,0.0,2026-03-11 12:54:41.280224
0.8264563106796117,0.5043987148102815,0.9506578947368421,0.01199961243487801,0.861951427354069,0.23509744327307633,0.9041340782122905,-0.000983968855719719,-0.0010370158024868292,0.007689562311411047,0.041192411924119154,0.0,2026-03-11 12:54:41.286372
0.8265264860493328,0.504410302904519,0.9506810709253171,0.012031621186455777,0.8620102214650767,0.23510030898821815,0.9041769041769042,-0.0010179590261298888,-0.0010728384239444555,0.007725312347161117,0.041192411924119154,0.0,2026-03-11 12:54:41.292645
0.8265966046887632,0.5044218801179168,0.9507042253521126,0.01206360199049383,0.8620689655172413,0.23510317197766611,0.9042196918955123,-0.0010519031705814585,-0.0011086125381287726,0.0077610072556393295,0.041192411924119154,0.0,2026-03-11 12:54:41.301974
0.8266666666666667,0.5044334464657929,0.9507273580478649,0.0120955548835799,0.8621276595744681,0.23510603224530774,0.9042624414193261,-0.0010858013824965873,-0.001144338243497911,0.007796647164258652,0.041192411924119154,0.0,2026-03-11 12:54:41.316498
0.8267366720516963,0.5044450019634364,0.950750469043152,0.012127479902236721,0.8621863037005529,0.2351088897950232,0.9043051527994647,-0.0011196537550447472,-0.00118001563824488,0.007832232200039368,0.041192411924119154,0.0,2026-03-11 12:54:41.323950
0.826806620912394,0.5044565466261081,0.9507735583684951,0.01215937708292037,0.8622448979591837,0.23511174463068535,0.9043478260869565,-0.001068397782718944,-0.0011259355724957398,0.00776745808895607,0.041192411924119154,0.0,2026-03-11 12:54:41.333496
0.8268765133171913,0.5044680804690395,0.950796626054358,0.012191246462029959,0.8623034424139396,0.23511459675615953,0.904390461332739,-0.0011022044088175864,-0.001161562829989471,0.007802988378527997,0.041192411924119154,0.0,2026-03-11 12:54:41.340161
0.826946349334409,0.5044796035074343,0.9508196721311475,0.012223088075894119,0.8623619371282922,0.23511744617530397,0.9044330585876587,-0.0011359653811335857,-0.0011971419750489432,0.007838464048131155,0.041192411924119154,0.0,2026-03-11 12:54:41.349844
0.8266129032258065,0.5043953433119506,0.9508196721311475,0.011997961736230188,0.861995753715499,0.2347764489745724,0.9042316258351893,-0.0011696807920834607,-0.0012326731050678053,0.007838464048131155,0.040762700444684,0.0,2026-03-11 12:54:41.369561
0.826682789197904,0.5044068555609835,0.9508426966292135,0.0120297827415677,0.8620543293718166,0.23477929156256747,0.904274265360641,-0.001203350733834485,-0.0012681563171772492,0.007873885223618315,0.040762700444684,0.0,2026-03-11 12:54:41.379540
0.8267526188557615,0.5044183570358012,0.9508656995788488,0.012061576058280675,0.8621128553245652,0.2347821314558409,0.9043168669336893,-0.001236975298305465,-0.0013035917082457882,0.00790925203045545,0.040762700444684,0.0,2026-03-11 12:54:41.389581
0.8268223922674185,0.5044298477515218,0.95088868101029,0.01209334172249236,0.8621713316369805,0.23478496865822326,0.9043594306049821,-0.0011858219405388448,-0.0012496161588588794,0.007844633066943607,0.040762700444684,0.0,2026-03-11 12:54:41.396651
0.8268921095008052,0.5044413277232351,0.9509116409537167,0.012125079770261282,0.8622297583721916,0.23478780317353806,0.9044019564250779,-0.0012194012194012283,-0.0012850019179133643,0.007879945630211993,0.040762700444684,0.0,2026-03-11 12:54:41.403867
0.8269617706237424,0.504452796966003,0.9509345794392523,0.012156790237589065,0.8622881355932204,0.2347906350056012,0.9044444444444444,-0.0011683501683502628,-0.0012311382174396979,0.007815481257521961,0.040762700444684,0.0,2026-03-11 12:54:41.414139
0.827031375703942,0.5044642554948588,0.950957496496964,0.01218847316040816,0.8623464633629818,0.23479346415822183,0.9044868947134607,-0.0012018842530283624,-0.001266474449977295,0.007850739701919296,0.040762700444684,0.0,2026-03-11 12:54:41.418608
0.8266988339364696,0.5043804823525283,0.950957496496964,0.011964489983657383,0.8619813717188823,0.234453921733055,0.9042860315345327,-0.0012353732347007984,-0.001301763155638458,0.007850739701919296,0.0403377110694183,0.0,2026-03-11 12:54:41.429058
0.8267684887459807,0.5043919301824776,0.9509803921568627,0.011996152386147362,0.8620397799407533,0.23445674412257483,0.9043285238623752,-0.0012688172043011647,-0.001337004430243649,0.007885944151761803,0.0403377110694183,0.0,2026-03-11 12:54:41.436525
0.8268380875853757,0.504403367328498,0.9510032664489034,0.012027787319986365,0.862098138747885,0.23445956384411215,0.9043709784779232,-0.0013022162525184733,-0.0013721983693555373,0.00792109473098479,0.0403377110694183,0.0,2026-03-11 12:54:41.447049
0.8269076305220884,0.5044147938055388,0.9510261194029851,0.012059394820904207,0.8621564482029598,0.23446238090144866,0.9044133954313596,-0.001335570469798708,-0.0014073450682809963,0.007956191563144754,0.0403377110694183,0.0,2026-03-11 12:54:41.725224
0.8269771176234444,0.5044262096285218,0.951048951048951,0.012090974924569196,0.8622147083685545,0.2344651952983592,0.9044557747727777,-0.0013688799463448253,-0.0014424446220704379,0.007991234771420497,0.0403377110694183,0.0,2026-03-11 12:54:41.733155
0.8270465489566613,0.5044376148123407,0.951071761416589,0.012122527666588423,0.8622729193071398,0.23446800703861137,0.9044981165521826,-0.0013179308953957802,-0.0013886829750433538,0.007926924435463278,0.0403377110694183,0.0,2026-03-11 12:54:41.735014
0.8271159245888487,0.5044490093718618,0.9510945505356311,0.012154053082504281,0.862331081081081,0.23447081612596554,0.9045404208194906,-0.001267083539159164,-0.0013350343914169116,0.007862767584794761,0.0403377110694183,0.0,2026-03-11 12:54:41.743030
0.8271852445870088,0.5044603933219234,0.9511173184357542,0.012185551207803525,0.8623891937526382,0.2344736225641752,0.9045826876245295,-0.0013003483649323133,-0.0013700831352914111,0.007897757291989271,0.0403377110694183,0.0,2026-03-11 12:54:41.752018
0.8272545090180361,0.5044717666773362,0.9511400651465798,0.012217022077904392,0.8624472573839662,0.23447642635698654,0.9046249170170393,-0.001249602399236549,-0.001316545384909995,0.00783375337779435,0.0403377110694183,0.0,2026-03-11 12:54:41.758718
0.827323717948718,0.5044831294528834,0.9511627906976744,0.012248465728168796,0.8625052720371151,0.23447922750813882,0.9046671090466709,-0.0012828226639571838,-0.001351545306669255,0.007868689706335585,0.0403377110694183,0.0,2026-03-11 12:54:41.767997
0.8273928714457349,0.5058407613430735,0.9511627906976744,0.015937646586573883,0.8625052720371151,0.23992325024398994,0.9046671090466709,-0.0022281937220974823,-0.002349901782548125,0.007868689706335585,0.034498834498834396,0.0,2026-03-11 12:54:41.776411
0.8274619695756605,0.5058521135535111,0.9511854951185496,0.01596914387036023,0.8625632377740303,0.23992611373171144,0.9047092637629891,-0.0022613695152455815,-0.0023848896988514223,0.007903572778278356,0.034498834498834396,0.0,2026-03-11 12:54:41.778686
0.827531012404962,0.5058634552135671,0.9512081784386617,0.01600061393242957,0.8626211546565529,0.2399289745240716,0.9047513812154695,-0.002294500926061649,-0.002419830808577661,0.007938402715305881,0.034498834498834396,0.0,2026-03-11 12:54:41.802548
0.8276,0.5058747863379428,0.9512308406874129,0.01603205680805349,0.8626790227464195,0.23993183262487502,0.9047934614535011,-0.0023275880435477125,-0.0024547252055902025,0.007973179638730565,0.034498834498834396,0.0,2026-03-11 12:54:41.805021
0.8276689324270292,0.5058861069413115,0.9512534818941504,0.0160634725324482,0.8627368421052631,0.2399346880379189,0.9048355045263855,-0.002276052890627156,-0.0024002446538093913,0.007909328114807601,0.034498834498834396,0.0,2026-03-11 12:54:41.812349
0.8273381294964028,0.5057991547401787,0.9512534818941504,0.015832431900875542,0.8623737373737373,0.23958970628071957,0.904635761589404,-0.002309095803547434,-0.0024350905378438537,0.007909328114807601,0.03407848981619466,0.0,2026-03-11 12:54:41.820831
0.8270075908909309,0.505712700832462,0.9512534818941504,0.01560250577441705,0.8620109381573412,0.23924620831729787,0.9044361068196867,-0.002342094600429112,-0.002469889898668587,0.007909328114807601,0.03366271409749666,0.0,2026-03-11 12:54:41.829267
0.827076677316294,0.5057240109294704,0.951276102088167,0.01563390869506815,0.8620689655172413,0.23924905286061943,0.9044782704610632,-0.0023750493695632313,-0.002504642829392445,0.007944052145573144,0.03366271409749666,0.0,2026-03-11 12:54:41.837674
0.8267465069860279,0.5056380510440835,0.951276102088167,0.015405096995054652,0.8617065994115174,0.23890702401831976,0.9042787825319806,-0.002323616672214923,-0.0024502708304487975,0.007944052145573144,0.033918281822943985,0.0,2026-03-11 12:54:41.846205
0.8264166001596169,0.5055525809586134,0.951276102088167,0.015177385695314016,0.8613445378151261,0.23856645788079212,0.9040793825799338,-0.002272286125209022,-0.002396012699565908,0.007944052145573144,0.03417078885706848,0.0,2026-03-11 12:54:41.848744
0.8260869565217391,0.5054675964986289,0.951276102088167,0.014950767905324477,0.8609827803443931,0.23822734405211252,0.9038800705467371,-0.002305196954650812,-0.002430715532286243,0.007944052145573144,0.033759508011005024,0.0,2026-03-11 12:54:41.857638
0.8261562998405104,0.5054788961038961,0.9512987012987013,0.014982164090368642,0.8610411418975651,0.23823017378677985,0.9039224327897752,-0.002338063932221357,-0.0024653721253893313,0.007978723404255317,0.033759508011005024,0.0,2026-03-11 12:54:41.866336
0.826225587883619,0.5054901852320142,0.9513212795549374,0.015013533249654524,0.8610994544691565,0.23823300086411348,0.903964757709251,-0.002370887145507483,-0.0024999825712315182,0.008013342011064184,0.033759508011005024,0.0,2026-03-11 12:54:41.887152
0.8262948207171315,0.5055014638975482,0.9513438368860055,0.015044875418063194,0.8611577181208053,0.23823582528785536,0.9040070453544694,-0.0024036666818630925,-0.002534546961922679,0.008047908085844435,0.033759508011005024,0.0,2026-03-11 12:54:41.894591
0.8259657506969335,0.5054169609359206,0.9513438368860055,0.014819363753161674,0.8607966457023061,0.2378981414536471,0.9038080563504293,-0.0023524379811805662,-0.0024803948588179026,0.008047908085844435,0.03400900900900905,0.0,2026-03-11 12:54:41.902421
0.8260350318471338,0.5054282291534088,0.951366373320982,0.014850685457671752,0.8608549874266554,0.2379009592278508,0.9038503850385038,-0.0023013108240077518,-0.0024263559262527323,0.007984208408589488,0.03400900900900905,0.0,2026-03-11 12:54:41.913021
0.8257063270990848,0.5053442036096435,0.951366373320982,0.014626259587908263,0.8604943443653121,0.23756470328703053,0.9036515618125825,-0.002250284908730471,-0.002372429809830656,0.007984208408589488,0.034255557332480424,0.0,2026-03-11 12:54:41.920735
0.8257756563245824,0.505355461393597,0.9513888888888888,0.014657560724181312,0.8605527638190955,0.23756751443986923,0.9036939313984169,-0.0021993599349273696,-0.002318616156633535,0.007920660036981109,0.034255557332480424,0.0,2026-03-11 12:54:41.937888
0.8258449304174951,0.5053667087585001,0.951411383618695,0.01468883498271949,0.8606111343658435,0.2375703229577751,0.9037362637362637,-0.0021485356033651426,-0.002264914615214053,0.007857262432565348,0.034255557332480424,0.0,2026-03-11 12:54:41.948890
0.825516693163752,0.5051466783737594,0.9509713228492137,0.014064341057592626,0.8606111343658435,0.23751537434527703,0.9035376840254888,-0.0015163779328905003,-0.001598515070922124,0.0071336259810760305,0.034255557332480424,0.0,2026-03-11 12:54:41.957012
0.8255860150973381,0.5051580118636232,0.9509939898289412,0.014095779564064003,0.8606694560669456,0.2375182049900951,0.9035800571052053,-0.0014656539455167872,-0.0015449609227975447,0.007070378607950234,0.034255557332480424,0.0,2026-03-11 12:54:41.968144
0.8256552819698173,0.5051693348789122,0.9510166358595195,0.0141271910970154,0.8607277289836889,0.2375210329851032,0.9036223929747531,-0.0014987881789231272,-0.0015798880595725429,0.00710541433290246,0.034255557332480424,0.0,2026-03-11 12:54:41.979335
0.8257244938467646,0.505180647434141,0.9510392609699769,0.014158575691146395,0.8607859531772575,0.23752385833402082,0.9036646916831249,-0.0015318784093635296,-0.0016147688123675508,0.007140397013608135,0.034255557332480424,0.0,2026-03-11 12:54:41.997781
0.8257936507936507,0.5051919495437971,0.951061865189289,0.014189933381096207,0.8608441287087338,0.23752668104056068,0.903706953279228,-0.001564924724435035,-0.0016496032735200394,0.007175326770439749,0.034255557332480424,0.0,2026-03-11 12:54:42.009400
0.8258627528758429,0.5052032412223413,0.9510844485463775,0.014221264201445882,0.8609022556390977,0.2375295011084286,0.9037491778118832,-0.0015979272115024257,-0.0016843915351216765,0.007210203723406194,0.034255557332480424,0.0,2026-03-11 12:54:42.022010
0.8259318001586042,0.505214522484208,0.9511070110701108,0.014252568186714821,0.8609603340292276,0.2375323185413234,0.903791365329827,-0.001630885957699002,-0.0017191336890209907,0.007245027992153652,0.034255557332480424,0.0,2026-03-11 12:54:42.034053
0.8260007927070947,0.5052257933438045,0.9511295527893038,0.01428384537136669,0.8610183639398998,0.2375351333429369,0.9038335158817086,-0.0015802620176378346,-0.0016656815861588736,0.007181930316952467,0.034255557332480424,0.0,2026-03-11 12:54:42.048548
0.8260697305863708,0.505237053815512,0.9511520737327189,0.01431509578980289,0.8610763454317898,0.23753794551695426,0.9038756295160938,-0.0016131771098658598,-0.0017003758725613327,0.007216702020765964,0.034255557332480424,0.0,2026-03-11 12:54:42.076190
0.8261386138613861,0.505248303913685,0.9511745739290649,0.014346319476369053,0.8611342785654712,0.2375407550670534,0.903917706281462,-0.0015626529214105567,-0.0016470329337816558,0.007153753512645578,0.034255557332480424,0.0,2026-03-11 12:54:42.094464
0.8262074425969913,0.5052595436526516,0.9511970534069981,0.01437751646534915,0.8611921634014172,0.2375435619969058,0.9039597462262088,-0.0015955244463425888,-0.0016816794527909629,0.007188472770450316,0.034255557332480424,0.0,2026-03-11 12:54:42.112901
0.8258804907004353,0.5051759914922315,0.9511970534069981,0.014154439798412584,0.8608333333333333,0.23720875765574712,0.9037620297462817,-0.0016283524904213698,-0.001716280143071236,0.007188472770450316,0.033848698861105864,0.0,2026-03-11 12:54:42.131409
0.8255537974683544,0.5049571242457043,0.9507593189139438,0.013534558427953479,0.8608333333333333,0.23715417043660167,0.9035643997375902,-0.0010001986071452862,-0.0010542072546755321,0.00646956019817535,0.033848698861105864,0.0,2026-03-11 12:54:42.161456
0.8256227758007118,0.504968449149358,0.9507819687212512,0.013565924040377644,0.8608912952936276,0.23715699526522285,0.9036065573770492,-0.0010333764991442562,-0.0010891766839371542,0.006504742373750316,0.033848698861105864,0.0,2026-03-11 12:54:42.201575
0.8256916996047431,0.5049797636393071,0.9508045977011494,0.013597262865680197,0.8609492089925063,0.23715981746270007,0.903648678173476,-0.0010665105919458462,-0.0011240999489356973,0.006539871603989611,0.033848698861105864,0.0,2026-03-11 12:54:42.215377
0.8253654681943896,0.5048966808730466,0.9508045977011494,0.013375454638459426,0.8605909280066584,0.2368264935910694,0.9034512887723898,-0.0010996009722239464,-0.001158977141025197,0.006539871603989611,0.03344619181723252,0.0,2026-03-11 12:54:42.232468
0.825434439178515,0.5049079849636484,0.9508272058823529,0.013406773206200854,0.860648918469218,0.23682930919822262,0.9034934497816594,-0.0010491762408326721,-0.0011057708098403118,0.0064770717346133155,0.03344619181723252,0.0,2026-03-11 12:54:42.249607
0.825503355704698,0.5049192786692335,0.9508497932935231,0.013438065059620603,0.8607068607068608,0.23683212218526278,0.9035355739851593,-0.001082222995032689,-0.001140600169038608,0.0065121481389424085,0.03344619181723252,0.0,2026-03-11 12:54:42.262808
0.8255722178374112,0.5049305620041065,0.950872359963269,0.013469330232886113,0.8607647547797174,0.2368349325558461,0.9035776614310645,-0.0010318974273215709,-0.001087502262783424,0.006449496382465614,0.03344619181723252,0.0,2026-03-11 12:54:42.287712
0.8256410256410256,0.5049418349825453,0.9508949059201468,0.013500568760102825,0.8608226007478189,0.2368377403136219,0.9036197121674663,-0.0010649006416609819,-0.0011222838886728592,0.0064845200799512615,0.03344619181723252,0.0,2026-03-11 12:54:42.303327
0.8257097791798107,0.5049530976188022,0.9509174311926606,0.013531780675321256,0.8608803986710963,0.2368405454622328,0.9036617262423714,-0.0010146739453992248,-0.0010692940749652546,0.00642201591300684,0.03344619181723252,0.0,2026-03-11 12:54:43.216496
0.8257784785179346,0.5049643499271028,0.9509399358092618,0.013562966012534223,0.8609381486093814,0.23684334800531465,0.9037037037037037,-0.0009645458295030052,-0.0010164138575632364,0.006359658814690472,0.03344619181723252,0.0,2026-03-11 12:54:43.224209
0.8258471237194641,0.504975591921647,0.9509624197983502,0.013594124805672163,0.8609958506224067,0.23684614794649644,0.9037456445993032,-0.0009975055899722474,-0.0010511460146656049,0.006394629924041717,0.03344619181723252,0.0,2026-03-11 12:54:43.225851
0.8259157148483655,0.5049868236166084,0.950984883188273,0.01362525708861342,0.861053504769805,0.23684894528940062,0.9037875489769265,-0.0010304219823356053,-0.0010858324715614653,0.0064295485636115535,0.03344619181723252,0.0,2026-03-11 12:54:43.234013
0.8259842519685039,0.5049980450261349,0.951007326007326,0.013656362895176431,0.8611111111111112,0.23685174003764278,0.9038294168842472,-0.0009803921568627416,-0.0010330578512396382,0.006367338015467516,0.03344619181723252,0.0,2026-03-11 12:54:43.235885
0.8260527351436442,0.5050092561643483,0.9510297482837529,0.013687442259121914,0.8611686697057604,0.23685453219483182,0.9038712483688561,-0.0010132652666590136,-0.001067696871892787,0.006402204303253778,0.03344619181723252,0.0,2026-03-11 12:54:43.243865
0.8261211644374509,0.5050204570453447,0.9510521500457456,0.013718495214152575,0.8612261806130903,0.2368573217645699,0.903913043478261,-0.0010460951792018447,-0.0011022903747788249,0.006437018356901136,0.03344619181723252,0.0,2026-03-11 12:54:43.251918
0.826189539913488,0.5050316476831944,0.9510745313214449,0.013749521793913365,0.8612836438923396,0.23686010875045266,0.903954802259887,-0.0009961633553459137,-0.0010496210379857818,0.006374953842907649,0.03344619181723252,0.0,2026-03-11 12:54:43.253967
0.8262578616352201,0.5050428280919418,0.9510968921389397,0.013780522031995597,0.8613410596026491,0.23686289315606887,0.9039965247610774,-0.0009463292454310324,-0.0009970602977633636,0.006313034849462773,0.03344619181723252,0.0,2026-03-11 12:54:43.339046
0.8263261296660118,0.5050539982856058,0.9511192325262677,0.01381149596192975,0.8613984278030616,0.23686567498500086,0.9040382110290925,-0.0008965925629059734,-0.0009446078185919582,0.006251260865370201,0.03344619181723252,0.0,2026-03-11 12:54:43.340241
0.826394344069128,0.5050651582781797,0.9511415525114155,0.013842443617192602,0.8614557485525227,0.23686845424082423,0.9040798611111112,-0.0009293793632851877,-0.0009791504517413507,0.006286022802170832,0.03344619181723252,0.0,2026-03-11 12:54:43.344702
0.8264625049077345,0.5050763080836312,0.9511638521223186,0.013873365031200765,0.8615130219098801,0.2368712309271079,0.9041214750542298,-0.0009621231363674543,-0.0010136477533511101,0.00632073273906586,0.03344619181723252,0.0,2026-03-11 12:54:43.345927
0.826530612244898,0.5050874477159026,0.9511861313868614,0.013904260237318427,0.8615702479338843,0.2368740050474144,0.904163052905464,-0.0009124835958005395,-0.0009612995906376209,0.006259103255521037,0.03344619181723252,0.0,2026-03-11 12:54:43.350252
0.8265986661435857,0.5050985771889106,0.9512083903328773,0.013935129268847692,0.8616274266831888,0.2368767766052994,0.9042045947117469,-0.000945184426229484,-0.0009957498482089377,0.006293761309102419,0.03344619181723252,0.0,2026-03-11 12:54:43.351660
0.8266666666666667,0.5051096965165467,0.9512306289881495,0.013965972159038916,0.8616845582163501,0.23687954560431226,0.9042461005199306,-0.0009778423984272422,-0.001030154954721807,0.006328367595613393,0.03344619181723252,0.0,2026-03-11 12:54:43.353035
0.826734613876911,0.5051208057126769,0.95125284738041,0.01399678894108474,0.8617416425918283,0.2368823120479956,0.9042875703767865,-0.0010104575965946827,-0.001064514998881716,0.006362922230950585,0.03344619181723252,0.0,2026-03-11 12:54:43.357694
0.8268025078369906,0.5051319047911422,0.9512750455373407,0.01402757964812168,0.8617986798679867,0.23688507593988561,0.9043290043290043,-0.0010430301047120727,-0.0010988300691616715,0.006397425330664563,0.03344619181723252,0.0,2026-03-11 12:54:43.362250
0.826478652565609,0.5050492874745527,0.9512750455373407,0.013806958937506877,0.8614432989690721,0.23655307146567248,0.9041333044795499,-0.0010755600065401882,-0.0011331002538037538,0.006397425330664563,0.033047966763187775,0.0,2026-03-11 12:54:43.363785
0.8265465935787001,0.5050603764491687,0.9512972234865726,0.013837730040495062,0.8615004122011541,0.2365558289391587,0.9041747782825006,-0.0011080473856208695,-0.0011673256408186727,0.006431877009961617,0.033047966763187775,0.0,2026-03-11 12:54:43.368427
0.8262230919765167,0.5049782206818338,0.9512972234865726,0.013618159400807224,0.8611454470539761,0.23622521266447064,0.9039792387543253,-0.0010585047026940853,-0.001115074327092902,0.006431877009961617,0.03329161451814777,0.0,2026-03-11 12:54:43.377074
0.8262910798122066,0.5049892995663909,0.9513193812556869,0.01364891079884054,0.8612026359143328,0.23622796374642124,0.9040207522697795,-0.0010090585941978647,-0.0010629303055924577,0.006370391520537089,0.03329161451814777,0.0,2026-03-11 12:54:43.382261
0.8263590144700821,0.5050003683746548,0.9513415188722146,0.01367963622905635,0.8612597776862907,0.2362307122942563,0.9040622299049267,-0.0009597087780259805,-0.0010108932461874165,0.0063090495211696185,0.03329161451814777,0.0,2026-03-11 12:54:43.387669
0.8264268960125097,0.5050114271203657,0.9513636363636364,0.013710335724334576,0.8613168724279835,0.23623345831147605,0.9041036717062635,-0.0009921537176826867,-0.0010450685826257633,0.006343449894913089,0.03329161451814777,0.0,2026-03-11 12:54:43.392963
0.8264947245017585,0.505022475817239,0.951385733757383,0.01374100931749862,0.8613739201974496,0.23623620180157445,0.9041450777202072,-0.0010245563010212733,-0.0010791993037424508,0.006377799077624147,0.03329161451814777,0.0,2026-03-11 12:54:43.398389
0.8265625,0.5050335144789653,0.9514078110808356,0.013771657041315692,0.8614309210526315,0.23623894276803886,0.9041864479930944,-0.0010569166109308803,-0.001113285496847194,0.006412097183483567,0.03329161451814777,0.0,2026-03-11 12:54:43.400855
0.8266302225693088,0.5050445431192102,0.9514298683613255,0.013802278928497788,0.8614878750513769,0.23624168121435046,0.9042277825711821,-0.0010076628060744497,-0.0010613497588571885,0.006350898172459485,0.03329161451814777,0.0,2026-03-11 12:54:43.406414
0.8263075722092116,0.5049628450441724,0.9514298683613255,0.013583782521047067,0.8611339359079704,0.2359124243557887,0.9040327798145351,-0.0010399809252279457,-0.0010953897450147743,0.006350898172459485,0.03289760348583881,0.0,2026-03-11 12:54:43.412171
0.8263753413968006,0.5049738636765769,0.9514519056261344,0.013614384788420121,0.8611909650924024,0.23591515647227781,0.9040741539124812,-0.001072256936082927,-0.001129385379398773,0.00638514531530876,0.03289760348583881,0.0,2026-03-11 12:54:43.417827
0.8264430577223089,0.5049848723147569,0.9514739229024943,0.013644961288559746,0.861247947454844,0.2359178860790597,0.9041154923507864,-0.0010230988626256377,-0.0010775524356620991,0.006324088793251081,0.03289760348583881,0.0,2026-03-11 12:54:43.423602
0.8265107212475633,0.5049958709723039,0.9514959202175884,0.013675512053996813,0.861304883052934,0.23592061317959145,0.9041567951755332,-0.0009740362417380855,-0.001025825489765042,0.006263174263105187,0.03289760348583881,0.0,2026-03-11 12:54:43.429421
0.8265783320342946,0.5050068596627848,0.9515178975985501,0.013706037117205413,0.8613617719442166,0.23592333777732372,0.9041980624327234,-0.0009250687956730008,-0.0009742042168936482,0.00620240123012572,0.03289760348583881,0.0,2026-03-11 12:54:43.435303
0.8266458901441371,0.5050178383997416,0.9515398550724637,0.013736536510609368,0.8614186141861419,0.23592605987570087,0.9042392941682806,-0.0008761962477590313,-0.0009226882935584602,0.006141769201863045,0.03289760348583881,0.0,2026-03-11 12:54:43.441282
0.8267133956386293,0.5050288071966922,0.9515617926663649,0.01376701026657265,0.8614754098360655,0.23592877947816104,0.904280490428049,-0.000908430232558155,-0.000956632653061229,0.006175965495205382,0.03289760348583881,0.0,2026-03-11 12:54:43.447306
0.8267808485792137,0.5050397660671296,0.9515837104072398,0.013797458417407142,0.8615321589512495,0.23593149658813603,0.904321651257794,-0.0009406222733301384,-0.0009905328429353766,0.00621011105220759,0.03289760348583881,0.0,2026-03-11 12:54:43.453416
0.8268482490272373,0.5050507150245228,0.9516056083220262,0.01382788099537236,0.8615888615888616,0.2359342112090512,0.9043627767032022,-0.0009727724518905356,-0.0010243889493377623,0.006244205985700413,0.03289760348583881,0.0,2026-03-11 12:54:43.459589
0.8269155970439518,0.5050616540823162,0.951627486437613,0.0138582780326727,0.8616455178059763,0.23593692334432578,0.9044038668098819,-0.000923994526528249,-0.0009729728296674622,0.0061837144719877335,0.03289760348583881,0.0,2026-03-11 12:54:43.465851
0.8269828926905132,0.50507258325393,0.9516493447808405,0.01388864956145645,0.8617021276595744,0.23593963299737275,0.9044449216233627,-0.0009561029244797847,-0.0010067832018223477,0.006217758894468073,0.03289760348583881,0.0,2026-03-11 12:54:43.475232
0.8270501360279829,0.5050835025527599,0.9516711833785004,0.01391899561381996,0.8617586912065439,0.2359423401715988,0.9044859411890964,-0.000907419347135674,-0.0009554700661285054,0.006157407407407445,0.03289760348583881,0.0,2026-03-11 12:54:43.484647
0.8271173271173271,0.5050944119921779,0.9516930022573363,0.013949316221804757,0.8618152085036794,0.23594504487040432,0.9045269255524564,-0.0008588298443370501,-0.0009042613315246584,0.006097195461357341,0.03289760348583881,0.0,2026-03-11 12:54:43.500142
0.8267961165048544,0.5050131677953348,0.9516930022573363,0.013731922640927046,0.8614630159378831,0.23561711553212333,0.9043329043329044,-0.0008103341436674905,-0.0008531566797149726,0.006097195461357341,0.033138401559454134,0.0,2026-03-11 12:54:43.509680
0.8268633540372671,0.5050240673886883,0.9517148014440433,0.013762223931436493,0.8615196078431373,0.23561981400319992,0.9043739279588336,-0.0007619319737609542,-0.0008021557936954693,0.006037122572919329,0.033138401559454134,0.0,2026-03-11 12:54:43.519323
0.826930539386884,0.5050349571493008,0.9517365809652684,0.013792499845548993,0.8615761535320539,0.23562251000906934,0.9044149164166309,-0.0007939986724943005,-0.000835915353681882,0.006071116596550685,0.033138401559454134,0.0,2026-03-11 12:54:43.695532
0.8269976726144298,0.5050458370904719,0.9517583408476105,0.013822750415128765,0.8616326530612245,0.23562520355310876,0.9044558697514996,-0.000745689763030799,-0.000785016200837596,0.00601118228455666,0.033138401559454134,0.0,2026-03-11 12:54:43.696738
0.8270647537805351,0.5050567072254769,0.9517800811176206,0.013852975671986855,0.8616891064871481,0.23562789463868916,0.9044967880085655,-0.0007777148437255743,-0.000818730231021414,0.006045126021170799,0.033138401559454134,0.0,2026-03-11 12:54:43.700953
0.8271317829457364,0.5050675675675675,0.9518018018018019,0.013883175647881451,0.8617455138662317,0.23563058326917533,0.9045376712328768,-0.0008096983873506769,-0.0008524005335395213,0.006079019582268863,0.033138401559454134,0.0,2026-03-11 12:54:43.702223
0.8271987601704766,0.5050784181299715,0.9518235029266097,0.013913350374517632,0.86180187525479,0.235633269447926,0.9045785194694053,-0.0008416404746652839,-0.0008860271934103547,0.00611286307902259,0.033138401559454134,0.0,2026-03-11 12:54:43.706630
0.8272656855151046,0.5050892589258925,0.9518451845184518,0.013943499883547046,0.8618581907090465,0.23563595317829372,0.9046193327630453,-0.0008735411862190734,-0.0009196102954314167,0.006146656622275537,0.033138401559454134,0.0,2026-03-11 12:54:43.707996
0.8273325590398761,0.505100089968511,0.9518668466036887,0.013973624206568893,0.8619144602851324,0.23563863446362493,0.9046601111586148,-0.0009054006023533345,-0.0009531499241812735,0.00618040032254441,0.033138401559454134,0.0,2026-03-11 12:54:43.712457
0.8273993808049536,0.5051109112709832,0.9518884892086331,0.01400372337513028,0.8619706840390879,0.23564131330725996,0.9047008547008548,-0.0008571846840533803,-0.0009023453766277001,0.0061206041080433815,0.033138401559454134,0.0,2026-03-11 12:54:43.713970
0.8274661508704062,0.505121722846442,0.9519101123595506,0.014033797420722792,0.8620268620268621,0.2356439897125332,0.9047415634344298,-0.0008090614886732128,-0.0008516436722876275,0.006060945514289262,0.033138401559454134,0.0,2026-03-11 12:54:43.718514
0.8275328692962104,0.5051325247079964,0.9519317160826595,0.014063846374790355,0.8620829943043125,0.23564666368277273,0.9047822374039283,-0.0007610307489998025,-0.0008010444991999321,0.006001424066727656,0.033138401559454134,0.0,2026-03-11 12:54:43.720181
0.8272129880170082,0.5050517306175071,0.9519317160826595,0.013847540607542615,0.8617324115494104,0.2353200569233401,0.9045891141942368,-0.0007928489498479907,-0.0008345356489298794,0.006001424066727656,0.03274853801169586,0.0,2026-03-11 12:54:43.724805
0.8272797527047914,0.5050625227782428,0.9519533004041311,0.013877570504536429,0.8617886178861789,0.2353227247591102,0.9046298271815661,-0.0008246260153362828,-0.0008679835004703484,0.006035118034203202,0.03274853801169586,0.0,2026-03-11 12:54:43.790299
0.8273464658169177,0.5050733052512222,0.9519748653500898,0.013907575376724386,0.8618447785453068,0.2353253901698507,0.9046705054382598,-0.0007766874651824462,-0.0008174831704244045,0.005975733260459193,0.03274853801169586,0.0,2026-03-11 12:54:43.791485
0.8274131274131274,0.5050840780494836,0.9519964109466128,0.013937555255372078,0.8619008935824533,0.23532805315886707,0.9047111490087401,-0.0008084234750306285,-0.0008508861222038533,0.0060093776050077485,0.03274853801169586,0.0,2026-03-11 12:54:43.792707
0.8274797375530684,0.5050948411860428,0.9520179372197309,0.013967510171695277,0.8619569630531871,0.23533071372945877,0.9047517579373535,-0.0008401185087525409,-0.0008842459455760121,0.006042972436172023,0.03274853801169586,0.0,2026-03-11 12:54:43.800065
0.8275462962962963,0.5051055946738914,0.9520394441954281,0.013997440156858438,0.862012987012987,0.23533337188491932,0.9047923322683707,-0.0008717726456566322,-0.0009175627240143314,0.00607651786317287,0.03274853801169586,0.0,2026-03-11 12:54:43.801397
0.8272271500192827,0.5050252469595925,0.9520394441954281,0.013782178083331537,0.8616632860040568,0.2350081010012184,0.9045996592844975,-0.0009033859648471809,-0.0009508365407786545,0.00607651786317287,0.03236275680475176,0.0,2026-03-11 12:54:43.808774
0.8272937548188126,0.5050359908116993,0.9520609318996416,0.013812089057254468,0.8617193836171938,0.23501075307414435,0.9046402724563645,-0.0009349585452242959,-0.0009840674789127757,0.006110013994909846,0.03236275680475176,0.0,2026-03-11 12:54:43.810713
0.8273603082851638,0.5050467250410097,0.9520824003582624,0.013841975166217569,0.8617754357519254,0.23501340274183724,0.9046808510638297,-0.0008871119194234778,-0.0009336606780612211,0.0060507654247753395,0.03236275680475176,0.0,2026-03-11 12:54:43.818659
0.827426810477658,0.5050574496604461,0.9521038495971352,0.01387183644121277,0.8618314424635333,0.23501605000756814,0.9047213951509997,-0.0009186438396843188,-0.0009668471491328656,0.006084212369828479,0.03236275680475176,0.0,2026-03-11 12:54:43.826755
0.8274932614555256,0.5050681646829075,0.9521252796420582,0.013901672913180448,0.8618874038072094,0.23501869487460222,0.9047619047619048,-0.0008708888740862619,-0.0009165403070021672,0.006025099535249878,0.03236275680475176,0.0,2026-03-11 12:54:43.828878
0.8271747498075442,0.5049882596557398,0.9521252796420582,0.013687441341348364,0.8615384615384616,0.23469475441067628,0.9045696068012754,-0.0009023802127250402,-0.0009496824012953375,0.006025099535249878,0.03198099415204669,0.0,2026-03-11 12:54:43.837009
0.8272412466333205,0.5049989650941025,0.9521466905187835,0.013717258813317841,0.8615944961554026,0.23469739323999453,0.9046101550881666,-0.0009338310480343504,-0.000982781869100613,0.006058497401880358,0.03198099415204669,0.0,2026-03-11 12:54:43.852845
0.8273076923076923,0.5050096609612195,0.9521680822530174,0.013747051548064151,0.8616504854368932,0.2347000296804258,0.9046506689318327,-0.0008861674794996555,-0.0009325730272680133,0.005999519836946021,0.03198099415204669,0.0,2026-03-11 12:54:43.858673
0.8273740868896579,0.5063038213462889,0.9521680822530174,0.01727728733461796,0.8616504854368932,0.2398929351939144,0.9046506689318327,-0.0002749043677199303,-0.00028930016542538795,0.005999519836946021,0.03678453473926613,0.0,2026-03-11 12:54:43.864694
0.8274404304381245,0.5063145076549902,0.9521894548704201,0.017307132631380916,0.8617064294379296,0.239895627529042,0.904691148376141,-0.00030668719442672465,-0.00032274734962323137,0.006032868733097607,0.03678453473926613,0.0,2026-03-11 12:54:43.870692
0.8275067230119093,0.506325184418083,0.9522108083966057,0.017336953186023147,0.8617623282134196,0.23989831742905024,0.9047315934648843,-0.0003384292216127571,-0.00035615159776969385,0.0060661687663976505,0.03678453473926613,0.0,2026-03-11 12:54:43.876701
0.8275729646697388,0.5063358516483516,0.9522321428571429,0.017366749029297378,0.8618181818181818,0.2399010048972418,0.9047720042417814,-0.00029085678800833126,-0.00030607263607307367,0.006007326007326008,0.03678453473926613,0.0,2026-03-11 12:54:43.886447
0.8276391554702495,0.5063465093585575,0.9522534582775547,0.017396520191909542,0.8618739903069467,0.2399036899369134,0.904812380750477,-0.0002433752282026136,-0.0002560943356062495,0.0059486175924532425,0.03678453473926613,0.0,2026-03-11 12:54:43.892614
0.8277052954719877,0.5063571575614394,0.9522747546833185,0.017426266704511105,0.8619297537343561,0.23990637255135597,0.9048527230345412,-0.0001959842820605795,-0.0002062163931721983,0.005890043062220962,0.03678453473926613,0.0,2026-03-11 12:54:43.898837
0.82777138473341,0.5063677962697133,0.9522960320998662,0.017455988597704343,0.8619854721549637,0.23990905274385424,0.9048930311374709,-0.00014868369043929963,-0.00015643850679114557,0.005831601959164656,0.03678453473926613,0.0,2026-03-11 12:54:43.905260
0.8278374233128835,0.5063784254960725,0.9523172905525846,0.017485685902039628,0.8620411456232352,0.23991173051768722,0.904933305102689,-0.00018038499661543472,-0.0001897932411731862,0.005864853236925427,0.03678453473926613,0.0,2026-03-11 12:54:43.911952
0.8279034112686853,0.5063890452531877,0.9523385300668151,0.017515358648019497,0.8620967741935484,0.23991440587612786,0.9049735449735449,-0.0002120456600913645,-0.0002231052130750033,0.005898055866145224,0.03678453473926613,0.0,2026-03-11 12:54:43.923018
0.8279693486590038,0.5063996555537071,0.9523597506678539,0.01754500686609407,0.8621523579201935,0.23991707882244329,0.905013750793315,-0.00016483516483511984,-0.00017342377061813075,0.005839747734881939,0.03678453473926613,0.0,2026-03-11 12:54:43.929975
0.8276522405208733,0.5063168616352969,0.9523597506678539,0.017324265010906857,0.8618049959709911,0.2395881998757582,0.9048223350253807,-0.00019645526371980804,-0.0002066914097251793,0.005839747734881939,0.03638391511424599,0.0,2026-03-11 12:54:43.937132
0.8273353751914242,0.5061049435777384,0.951935914552737,0.016717304931387407,0.8618049959709911,0.23953488103680357,0.9046310002114611,0.0004121699896347808,0.0004336457806778382,0.005141907670199397,0.03638391511424599,0.0,2026-03-11 12:54:43.947202
0.8270187523918867,0.5060226020851116,0.951935914552737,0.01649779163419115,0.8614579138139348,0.23920742376677442,0.9044397463002114,0.0004592906456992729,0.0004831976662962312,0.005141907670199397,0.036621913210261314,0.0,2026-03-11 12:54:44.208127
0.8267023718439174,0.5059407093199653,0.951935914552737,0.016279290011614055,0.8611111111111112,0.23888130579132247,0.9042485732403298,0.0004273418424277642,0.000449585862253854,0.005141907670199397,0.03622540250447226,0.0,2026-03-11 12:54:44.209737
0.8267686424474188,0.5059513997304295,0.9519572953736655,0.01630910910245952,0.8611670020120724,0.23888398845601957,0.904289034439045,0.00039543389440332977,0.0004160170400580032,0.005175547284208881,0.03622540250447226,0.0,2026-03-11 12:54:44.214315
0.8268348623853211,0.5059620806340814,0.9519786571809693,0.01633890359017655,0.8612228479485117,0.2388866687049797,0.9043294614572334,0.0003635667233092832,0.00038249111731536445,0.005209137789292773,0.03622540250447226,0.0,2026-03-11 12:54:44.215857
0.8269010317157051,0.5059727520435967,0.952,0.016368673505201266,0.8612786489746683,0.23888934654146501,0.9043698543381888,0.000410597796377532,0.00043194888178921254,0.005150962176509677,0.03622540250447226,0.0,2026-03-11 12:54:44.271512
0.8269671504965622,0.5059834139716287,0.952021323856064,0.016398418877920314,0.8613344051446945,0.23889202196873172,0.9044102131251318,0.00045753954167160327,0.0004813078295506923,0.005092918630951959,0.03622540250447226,0.0,2026-03-11 12:54:44.272625
0.827033218785796,0.505994066430808,0.9520426287744227,0.01642813973867188,0.8613901165126557,0.23889469499003022,0.9044505378612107,0.0005043922134452261,0.0005305682564583636,0.005035006703411282,0.03622540250447226,0.0,2026-03-11 12:54:44.279778
0.8270992366412214,0.5060047094337432,0.952063914780293,0.016457836117741664,0.8614457831325302,0.23889736560860494,0.9044908285895004,0.0004725657411648321,0.0004970901109657699,0.005068548207028956,0.03622540250447226,0.0,2026-03-11 12:54:44.280929
0.8271652041205647,0.50601534299302,0.9520851818988465,0.016487508045364488,0.8615014050582096,0.23890003382769462,0.9045310853530032,0.000519329592707618,0.0005462539584312198,0.005010767450332243,0.03622540250447226,0.0,2026-03-11 12:54:44.288189
0.8272311212814645,0.5060259671212021,0.9521064301552107,0.016517155551727777,0.8615569823434992,0.2389026996505321,0.9045713081946493,0.0004875437413236483,0.0005128201865368665,0.005044260059629768,0.03622540250447226,0.0,2026-03-11 12:54:44.289440
0.8272969881814716,0.5060365818308308,0.9521276595744681,0.016546778666970706,0.8616125150421179,0.23890536308034444,0.9046114971572963,0.00045579843311738255,0.00047942905975950634,0.005077703881441131,0.03622540250447226,0.0,2026-03-11 12:54:44.290736
0.8273628048780488,0.5060471871344252,0.9521488701816571,0.01657637742118077,0.8616680032076984,0.23890802412035295,0.9046516522837297,0.00042409359056849727,0.0004460804965600307,0.005111099022289012,0.03622540250447226,0.0,2026-03-11 12:54:44.298177
0.8274285714285714,0.5060577830444825,0.9521700620017715,0.01660595184439355,0.8617234468937875,0.2389106827737731,0.9046917736166632,0.0004707688742106031,0.0004951513258629747,0.005053448991286125,0.03622540250447226,0.0,2026-03-11 12:54:44.299589
0.8274942878903275,0.5060683695734772,0.952191235059761,0.016635501966600585,0.8617788461538461,0.23891333904381454,0.9047318611987382,0.0005173558413272827,0.0005441245017741014,0.004995929242839092,0.03622540250447226,0.0,2026-03-11 12:54:44.307147
0.8275599543205177,0.5060789467338622,0.952212389380531,0.016665027817739705,0.8618342010412495,0.23891599293368132,0.9047719150725247,0.0004856913871128521,0.0005108216877396377,0.005029275808936751,0.03622540250447226,0.0,2026-03-11 12:54:44.308660
0.8276255707762558,0.5060895145380682,0.952233524988943,0.016694529427701707,0.8618895116092874,0.23891864444657163,0.9048119352805212,0.0004540672441069038,0.0004775612706676702,0.005062573906188361,0.03622540250447226,0.0,2026-03-11 12:54:44.385423
0.8276911373145682,0.5061000729985039,0.9522546419098143,0.016724006826327503,0.8619447779111644,0.23892129358567796,0.9048519218651543,0.000422483335379531,0.00044434316964792053,0.0050958236401905666,0.03622540250447226,0.0,2026-03-11 12:54:44.386561
0.8277566539923954,0.5061106221275561,0.9522757401679187,0.016753460043409857,0.862,0.23892394035418704,0.9048918748687801,0.0004689822363959095,0.0004932238629292707,0.005038433733162262,0.03622540250447226,0.0,2026-03-11 12:54:44.393734
0.8278221208665907,0.5061211619375896,0.9522968197879859,0.016782889108693657,0.8620551779288285,0.23892658475528006,0.9049317943336831,0.0004374384852129376,0.00046004961963741486,0.00507163520920495,0.03622540250447226,0.0,2026-03-11 12:54:44.394927
0.827887537993921,0.5061316924409478,0.952317880794702,0.016812294051871953,0.8621103117505995,0.23892922679213238,0.9049716803020769,0.00048384956960789705,0.0005088348502628737,0.005014374704447211,0.03622540250447226,0.0,2026-03-11 12:54:44.402235
0.8279529054310673,0.5061422136499516,0.9523389232127096,0.0168416749025907,0.8621654015181782,0.23893186646791362,0.905011532816104,0.0005301730859191833,0.0005575232847959688,0.004957243164790293,0.03622540250447226,0.0,2026-03-11 12:54:44.403566
0.8280182232346242,0.5061527255769007,0.9523599470666079,0.01687103169044788,0.862220447284345,0.23893450378578787,0.9050513519178369,0.0005764092817472921,0.0006061152110345969,0.004900240155031432,0.03622540250447226,0.0,2026-03-11 12:54:44.404923
0.8280834914611006,0.5061632282340729,0.9523809523809523,0.016900364444993245,0.8622754491017964,0.23893713874891354,0.9050911376492773,0.0006225584037602427,0.0006546109156370106,0.004843365241923636,0.03622540250447226,0.0,2026-03-11 12:54:44.412462
0.8281487101669196,0.5061737216337245,0.9524019391802556,0.0169296731957268,0.8623304070231445,0.23893977136044342,0.9051308900523561,0.0005910547335826744,0.0006214852743215982,0.004876518564991716,0.03622540250447226,0.0,2026-03-11 12:54:44.413922
0.8278346605991658,0.5060922739379539,0.9524019391802556,0.01671230491496844,0.8619864379736737,0.23861490408395183,0.9049413735343383,0.0005595910680656901,0.0005884016973126682,0.004876518564991716,0.035832937826293376,0.0,2026-03-11 12:54:44.424961
0.8275208491281274,0.5060112676931089,0.9524019391802556,0.01649593337386586,0.8616427432216905,0.23829135830248072,0.9047519363617333,0.0005281673310582047,0.0005553601045383827,0.004876518564991716,0.035444457561090825,0.0,2026-03-11 12:54:44.432652
0.8275862068965517,0.5060217518474744,0.9524229074889868,0.016525229724118858,0.8616978876046234,0.23829398142779273,0.9047917974471646,0.0004967834466024224,0.0005223604161305184,0.0049096238397655645,0.035444457561090825,0.0,2026-03-11 12:54:44.450989
0.8276515151515151,0.506032226768767,0.952443857331572,0.016554502136856452,0.8617529880478088,0.23829660221416207,0.9048316251830162,0.0004654393389329492,0.0004894025524225798,0.004942681170622132,0.035444457561090825,0.0,2026-03-11 12:54:44.459845
0.8277167739492617,0.5060426924691782,0.9524647887323944,0.016583750641409493,0.8618080446037435,0.2382992206647161,0.9048714196111228,0.00043413493247657087,0.00045648643395057587,0.0049756906616368335,0.035444457561090825,0.0,2026-03-11 12:54:44.468731
0.8274034822104467,0.5059621240959269,0.9524647887323944,0.016368386675375476,0.8614649681528662,0.23797697681119584,0.9046822742474917,0.0004028701518511424,0.00042361198145135504,0.0049756906616368335,0.03505990133897119,0.0,2026-03-11 12:54:44.477884
0.827090427544457,0.5058819900535287,0.9524647887323944,0.016154007182636067,0.8611221647433347,0.23765603670992727,0.9044932079414839,0.00044893244578880775,0.00047202293756032354,0.0049756906616368335,0.035295148011911026,0.0,2026-03-11 12:54:44.487282
0.8271558245083207,0.5058924465452286,0.952485701715794,0.016183242901715536,0.8611774065234685,0.23765864576672802,0.9045331105076247,0.0004177072158029205,0.00043919166211525695,0.005008652416583437,0.035295148011911026,0.0,2026-03-11 12:54:44.496477
0.8272211720226843,0.5059028938403658,0.9525065963060686,0.016212454778889294,0.8612326043737575,0.2376612525002393,0.9045729797452496,0.000386521461455569,0.0004064018927074642,0.005041566538936171,0.035295148011911026,0.0,2026-03-11 12:54:44.504958
0.827286470143613,0.5059133319510678,0.9525274725274725,0.01624164284331286,0.8612877583465819,0.23766385691356337,0.9046128156960968,0.00035537510793481886,0.0003736535506773109,0.005074433131870393,0.035295148011911026,0.0,2026-03-11 12:54:44.513537
0.8273517189270873,0.5059237608894405,0.9525483304042179,0.01627080712408929,0.8613428684942391,0.23766645900979697,0.904652618401836,0.0003242680806180287,0.00034094655756378156,0.005107252298263587,0.035295148011911026,0.0,2026-03-11 12:54:44.521285
0.827416918429003,0.5059341806675687,0.9525691699604744,0.016299947650276984,0.8613979348689436,0.23766905879203148,0.9046923879040667,0.00029320030507085093,0.0003082808351041466,0.005140024140696475,0.035295148011911026,0.0,2026-03-11 12:54:44.530272
0.8271045677614194,0.5058544774533554,0.9525691699604744,0.01608657359875043,0.8610559745930925,0.23734939616076028,0.9045037531276063,0.00026217170704634363,0.000275656305232741,0.005140024140696475,0.03491445667644577,0.0,2026-03-11 12:54:44.533131
0.8271698113207547,0.5058648880833027,0.9525899912203687,0.01611569577976329,0.8611111111111112,0.23735199013850714,0.9045435598165903,0.0002311822124849705,0.00024307289008063115,0.005172748761454571,0.03491445667644577,0.0,2026-03-11 12:54:44.548607
0.8272350056582422,0.5058752895771113,0.952610794207986,0.016144794268127205,0.8611662038873463,0.23735458181152502,0.9045833333333333,0.0002771579231632959,0.00029139923937326895,0.005116001513696067,0.03491445667644577,0.0,2026-03-11 12:54:44.557703
0.8273001508295625,0.5058856819468025,0.9526315789473684,0.01617386909274682,0.8612212529738303,0.23735717118288452,0.9046230737192835,0.00032304729447896197,0.0003396301763278764,0.005059381501919091,0.03491445667644577,0.0,2026-03-11 12:54:44.566703
0.8273652468903129,0.5058960652043765,0.9526523454625164,0.016202920282474557,0.8612762584225129,0.23735975825565098,0.9046627810158201,0.0002920968295077042,0.0003070909411901912,0.005092059002992699,0.03491445667644577,0.0,2026-03-11 12:54:44.575772
0.827430293896006,0.5059064393618125,0.9526730937773883,0.016231947866117123,0.8613312202852615,0.23736234303288423,0.9047024552642531,0.00033790010444179064,0.0003552283149259594,0.005035565799752728,0.03491445667644577,0.0,2026-03-11 12:54:44.584949
0.8274952919020716,0.5059168044310683,0.9526938239159002,0.016260951872436022,0.8613861386138614,0.23736492551763858,0.9047420965058236,0.00038361752506499425,0.00040327083669389197,0.004979198979517818,0.03491445667644577,0.0,2026-03-11 12:54:44.594355
0.8275602409638554,0.5059271604240815,0.9527145359019265,0.01628993233014594,0.8614410134600158,0.23736750571296295,0.9047817047817048,0.0004292493325408486,0.000451218786568508,0.004922958118657728,0.03491445667644577,0.0,2026-03-11 12:54:44.603612
0.8276251411366202,0.5059375073527682,0.9527352297592998,0.016318889267913368,0.8614958448753463,0.23737008362190098,0.9048212801330009,0.0003983378234726498,0.0004187251923905011,0.004955588601744276,0.03491445667644577,0.0,2026-03-11 12:54:44.609911
0.8276899924755455,0.5059478452290238,0.952755905511811,0.016347822714360027,0.8615506329113924,0.23737265924749082,0.9048608226007478,0.00044388425806274334,0.0004665804049843736,0.004899473278520028,0.03491445667644577,0.0,2026-03-11 12:54:44.616381
0.8277547950357277,0.505958174064723,0.9527765631832095,0.016376732698057027,0.8616053776196125,0.2373752325927652,0.9049003322259137,0.000489345559130161,0.0005143415994786071,0.004843483073073251,0.03491445667644577,0.0,2026-03-11 12:54:44.625564
0.8278195488721805,0.5059684938717197,0.9527972027972028,0.01640561924753776,0.8616600790513834,0.2373778036607516,0.9049398090493981,0.00045847293246337184,0.0004818919820587242,0.004876066639577403,0.03491445667644577,0.0,2026-03-11 12:54:44.632133
0.8278842540398347,0.505978804661847,0.9528178243774574,0.016434482391279537,0.8617147372580007,0.23738037245447197,0.9049792531120332,0.0004276391148809733,0.0004494831561125956,0.004908603390612387,0.03491445667644577,0.0,2026-03-11 12:54:44.759144
0.8279489105935387,0.5059891064469174,0.9528384279475982,0.01646332215772207,0.8617693522906793,0.23738293897694307,0.9050186644545831,0.0004730155208950704,0.0004971537025305617,0.004852737884955105,0.03491445667644577,0.0,2026-03-11 12:54:44.760289
0.8280135185880586,0.5059993992387228,0.952859013531209,0.016492138575251034,0.8618239242005526,0.23738550323117633,0.9050580431177446,0.0005183072694353585,0.0005447307772888932,0.004796996662958852,0.03491445667644577,0.0,2026-03-11 12:54:44.761456
0.8280780780780781,0.5060096830490345,0.9528795811518325,0.016520931672212153,0.861878453038674,0.23738806522017775,0.9050973891421467,0.0005635145971953914,0.000592214655034895,0.0047413793103449065,0.03491445667644577,0.0,2026-03-11 12:54:44.765702
0.8281425891181988,0.5060199578896032,0.9529001308329699,0.016549701476903485,0.8619329388560157,0.23739062494694801,0.9051367025683512,0.0006086377399876497,0.0006396056093411762,0.0046858854146734075,0.03491445667644577,0.0,2026-03-11 12:54:44.766958
0.8282070517629407,0.5060302237721592,0.952920662598082,0.016578448017577095,0.86198738170347,0.23739318241448262,0.905175983436853,0.0005778426583570306,0.0006072436546726845,0.00471837545106224,0.03491445667644577,0.0,2026-03-11 12:54:44.771364
0.8282714660667416,0.5060404807084123,0.9529411764705882,0.016607171322439364,0.8620417816318486,0.23739573762577176,0.9052152317880795,0.0006228818511160306,0.0006545434896869651,0.004663004601722642,0.03491445667644577,0.0,2026-03-11 12:54:44.772743
0.828335832083958,0.5060507287100521,0.9529616724738676,0.01663587141965083,0.8620961386918834,0.23739829058380024,0.9052544476623915,0.0005921254324879888,0.0006222236949409155,0.004695448023999016,0.03491445667644577,0.0,2026-03-11 12:54:44.783224
0.8284001498688648,0.5060609677887473,0.9529821506312581,0.016664548337325922,0.8621504529342261,0.23740084129154773,0.9052936311000827,0.0006370809092753893,0.0006694326741994994,0.00464019981219943,0.03491445667644577,0.0,2026-03-11 12:54:44.784736
0.8280898876404494,0.505981691937613,0.9529821506312581,0.016452252353475316,0.8618110236220472,0.2370823960223962,0.90510647095307,0.0006063630808841314,0.0006371549560852952,0.00464019981219943,0.03453757225433518,0.0,2026-03-11 12:54:44.792315
0.8281542493448146,0.5059919221050126,0.9530026109660574,0.016480911456014397,0.8618654073199528,0.2370849410643775,0.9051456912585245,0.0006512350748920648,0.0006842733421060787,0.004585073830956965,0.03453757225433518,0.0,2026-03-11 12:54:44.793882
0.8282185628742516,0.5060021433727451,0.9530230535015224,0.01650954743888733,0.8619197482297404,0.23708748386503178,0.9051848791571989,0.0006205557641538739,0.0006520376175548348,0.004617470739366247,0.03453757225433518,0.0,2026-03-11 12:54:44.814513
0.8282828282828283,0.5060123557524187,0.9530434782608695,0.0165381603300575,0.8619740464018876,0.23709002442731902,0.9052240346892422,0.0006653445077090536,0.0006990656718424137,0.004562466583496683,0.03453757225433518,0.0,2026-03-11 12:54:44.822673
0.8283470456245325,0.5060225592556215,0.9530638852672751,0.016566750157446523,0.8620283018867925,0.23709256275419385,0.9052631578947369,0.000710050232276993,0.0007460021427719843,0.004507583849604813,0.03453757225433518,0.0,2026-03-11 12:54:44.824909
0.8284112149532711,0.5060327538939213,0.9530842745438749,0.016595316948928913,0.862082514734774,0.23709509884860577,0.9053022488136991,0.000679409366790451,0.0007138098410582883,0.0045399343441052675,0.03453757225433518,0.0,2026-03-11 12:54:44.833287
0.82847533632287,0.5060429396788663,0.9531046461137647,0.016623860732333132,0.8621366849960723,0.2370976327134992,0.9053413074860795,0.0006488068743351061,0.000681657855314044,0.004572238524368721,0.03453757225433518,0.0,2026-03-11 12:54:44.841667
0.8285394097870751,0.5060531166219839,0.953125,0.01665238153544826,0.8621908127208481,0.2371001643518132,0.9053803339517627,0.0006934298105243375,0.0007285060266208898,0.004517476810838139,0.03453757225433518,0.0,2026-03-11 12:54:44.850156
0.828603435399552,0.5060632847347821,0.9531453362255965,0.016680879386010598,0.8622448979591837,0.23710269376648174,0.9054193282505666,0.0007379701880897427,0.0007752631422012213,0.004462835717822022,0.03453757225433518,0.0,2026-03-11 12:54:44.857149
0.82829413960433,0.5059844328186806,0.9531453362255965,0.016469589202027863,0.8619066300510004,0.2367854993853144,0.9052327976926247,0.0007824282359367718,0.0008219294672656696,0.004462835717822022,0.034770114942528685,0.0,2026-03-11 12:54:44.865928
0.8283582089552238,0.5059945921126473,0.9531656548135299,0.016498069374860293,0.8619607843137255,0.23678802319840342,0.9052718286655684,0.0007518640444732494,0.0007898222292427315,0.004495093683235307,0.034770114942528685,0.0,2026-03-11 12:54:44.874635
0.8284222305110034,0.5060047425992503,0.953185955786736,0.016526526654247947,0.8620148961191689,0.23679054479666645,0.9053108275010293,0.0007213380821423643,0.0007577551503670232,0.004527305532901038,0.034770114942528685,0.0,2026-03-11 12:54:44.883405
0.8284862043251305,0.5060148842899378,0.9532062391681109,0.016554961067782047,0.8620689655172413,0.2367930641830182,0.905349794238683,0.0007657140283314767,0.0008043339405267025,0.004472784662311824,0.034770114942528685,0.0,2026-03-11 12:54:44.892239
0.8285501304509877,0.5060250171961379,0.9532265049805111,0.016583372643012864,0.8621229925577751,0.23679558136036824,0.9053887289181406,0.0007352262234533447,0.0007723084384092527,0.004504950495049509,0.034770114942528685,0.0,2026-03-11 12:54:44.901179
0.8286140089418778,0.506035141329259,0.9532467532467532,0.01661176140744384,0.8621769772905247,0.23679809633162086,0.9054276315789475,0.0007795202952028957,0.0008187984496123013,0.004450549450549457,0.034770114942528685,0.0,2026-03-11 12:54:44.910191
0.8286778398510242,0.5060452567006898,0.9532669839896148,0.01664012738853449,0.8622309197651663,0.23680060909967557,0.9054665022605836,0.0007490705762772665,0.0007868144425238199,0.004482669364896386,0.034770114942528685,0.0,2026-03-11 12:54:44.919264
0.8287416232315711,0.5060553633217992,0.9532871972318339,0.016668470613702677,0.8622848200312989,0.2368031196674265,0.9055053410024652,0.0007186588719819698,0.000754870365531457,0.004514743459108739,0.034770114942528685,0.0,2026-03-11 12:54:44.925398
0.8288053591365836,0.5060654612039368,0.953307392996109,0.016696791110319395,0.8623386781384434,0.23680562803776298,0.9055441478439424,0.0006882851111730259,0.0007229661439065449,0.004546771831162477,0.034770114942528685,0.0,2026-03-11 12:54:44.931572
0.8288690476190477,0.506075550358432,0.9533275713050994,0.01672508890571289,0.8623924941360438,0.23680813421356905,0.9055829228243021,0.000657949222883758,0.0006911017031066002,0.0045787545787546735,0.034770114942528685,0.0,2026-03-11 12:54:44.937810
0.8285608032725921,0.5059971189858831,0.9533275713050994,0.01651480231188224,0.8620554904259476,0.23649217925736818,0.9053970859839933,0.0007021616465748837,0.0007375076345922382,0.0045787545787546735,0.03499999999999992,0.0,2026-03-11 12:54:44.944171
0.8286245353159851,0.506007199424046,0.9533477321814254,0.016543082596455556,0.862109375,0.23649467990064868,0.9054358974358974,0.0006718635600155842,0.0007056843781383382,0.0046106917993039565,0.03499999999999992,0.0,2026-03-11 12:54:44.950606
0.8286882199925678,0.5060172711571675,0.9533678756476683,0.01657134023805887,0.8621632174931667,0.2364971783580723,0.905474677055567,0.000715994561195199,0.0007520020246208903,0.004556410186295601,0.03499999999999992,0.0,2026-03-11 12:54:44.960149
0.8287518573551264,0.5060273341965185,0.9533880017263703,0.016599575263875906,0.8622170179547228,0.2364996746325043,0.9055134248821479,0.000685734205752353,0.0007202198718057051,0.0045883019769437094,0.03499999999999992,0.0,2026-03-11 12:54:44.963689
0.8288154474563684,0.5060373885533506,0.9534081104400345,0.016627787701045053,0.8622707764338665,0.23650216872680474,0.9055521409547223,0.0006555115109884158,0.0006884772736299727,0.004620148434556048,0.03499999999999992,0.0,2026-03-11 12:54:44.973426
0.8285077951002228,0.5059593743689534,0.9534081104400345,0.0164184718872401,0.8619344773790951,0.2361874617760536,0.905366653011061,0.0006253264066408137,0.0006567741562978346,0.004620148434556048,0.03462686567164175,0.0,2026-03-11 12:54:44.987008
0.8285714285714286,0.505969420054499,0.9534282018111255,0.016446666824655686,0.8619883040935673,0.23618995037715215,0.9054054054054055,0.0005951788226218335,0.0006251104461966195,0.004651949655722909,0.03462686567164175,0.0,2026-03-11 12:54:44.999003
0.8286350148367952,0.5059794570799706,0.9534482758620689,0.016474839231343002,0.8620420888542478,0.23619243680671814,0.9054441260744984,0.0005650686890177337,0.0005934860698967315,0.004683705736760468,0.03462686567164175,0.0,2026-03-11 12:54:45.011052
0.8286985539488321,0.5059894854565622,0.9534683326152521,0.016502989134295737,0.8620958317101675,0.2361949210675929,0.905482815057283,0.0006091184924030824,0.0006397215470939077,0.004629543162377181,0.03462686567164175,0.0,2026-03-11 12:54:45.023261
0.8287620459599704,0.5059995051954478,0.9534883720930233,0.016531116560467206,0.8621495327102804,0.23619740316261315,0.9055214723926381,0.0005790457394738713,0.0006081378925681946,0.004661254199328058,0.03462686567164175,0.0,2026-03-11 12:54:45.035511
0.828825490922564,0.5060095163077825,0.9535083943176926,0.016559221536768903,0.8622031919034644,0.23619988309461026,0.9055600981193785,0.0006230145689559707,0.0006542855704866346,0.004607210272424278,0.03462686567164175,0.0,2026-03-11 12:54:45.057349
0.8288888888888889,0.5060195188047021,0.9535283993115319,0.016587304090063367,0.8622568093385214,0.23620236086641097,0.9055986922762567,0.0005929791271346296,0.0006227425582263635,0.0046388763610591965,0.03462686567164175,0.0,2026-03-11 12:54:45.070172
0.8285820066641985,0.5059419184886572,0.9535283993115319,0.01637896250315644,0.8619214313496694,0.2358888871239539,0.9054136874361594,0.0005629809270266684,0.0005912386569546513,0.0046388763610591965,0.03425742574257418,0.0,2026-03-11 12:54:45.082595
0.8286454478164322,0.5059519123812783,0.9535483870967741,0.01640702762966095,0.8619751166407466,0.23589135945289144,0.9054523177455585,0.0005330198994095703,0.0005597737939745384,0.004670497596877321,0.03425742574257418,0.0,2026-03-11 12:54:45.098417
0.8287088420273769,0.5059618976806987,0.9535683576956148,0.01643507039054473,0.8620287602020987,0.2358938296301305,0.9054909165135742,0.0005030959752321262,0.0005283478967689215,0.004702074075107587,0.03425742574257418,0.0,2026-03-11 12:54:45.114242
0.8287721893491125,0.5059718743979965,0.9535883111302106,0.016463090812533884,0.8620823620823621,0.23589629765847916,0.9055294837788206,0.0005469840538796511,0.0005744123767357223,0.004648148406249608,0.03425742574257418,0.0,2026-03-11 12:54:46.325506
0.8288354898336414,0.5059818425442315,0.9536082474226805,0.016491088922308,0.8621359223300971,0.23589876354074074,0.9055680195798491,0.0005170971642619593,0.000543026819557646,0.004679680221851501,0.03425742574257418,0.0,2026-03-11 12:54:46.359180
0.8285291943828529,0.5057771177165323,0.9531987977672821,0.015902824260075377,0.8621359223300971,0.2358481143155642,0.9053833605220228,0.0011056764303517541,0.0011611201857791853,0.004004453688597476,0.03425742574257418,0.0,2026-03-11 12:54:46.369009
0.828592537864795,0.505787160892977,0.9532188841201716,0.01593096737497123,0.8621894409937888,0.235850599265979,0.905421932327762,0.0011494839804144785,0.0012070689197030138,0.003950645890053894,0.03425742574257418,0.0,2026-03-11 12:54:46.375963
0.8282865583456426,0.5057099711606149,0.9532188841201716,0.01572378171176264,0.8618548700038805,0.23553842096996797,0.9052374159364174,0.001193211223327717,0.001252929205630915,0.003950645890053894,0.03448469846984692,0.0,2026-03-11 12:54:46.383048
0.8279808047249908,0.5055055055055055,0.9528099528099528,0.015138110685146861,0.8618548700038805,0.23548789250838267,0.9050529747351264,0.0003211074639645206,0.0003374873442244519,0.004988658632555043,0.03448469846984692,0.0,2026-03-11 12:54:46.398527
0.8280442804428044,0.5055156234401518,0.9528301886792453,0.015166403079447785,0.8619084561675717,0.235490393152345,0.905091649694501,0.0002909122192187308,0.00030575182231651343,0.0050206004983592845,0.03448469846984692,0.0,2026-03-11 12:54:46.405888
0.8277388417558097,0.505311416370139,0.9524217745392198,0.014583120909297531,0.8619084561675717,0.23543991830594968,0.9049073508450418,-0.0005795957418656128,-0.0006097191009231118,0.0060563493090339815,0.03448469846984692,0.0,2026-03-11 12:54:46.416394
0.827433628318584,0.5052346339714568,0.9524217745392198,0.014377237464375343,0.8615742535866615,0.23512910639710224,0.9047231270358306,-0.0005344354982679267,-0.0005621850337549361,0.0060563493090339815,0.03470940314370419,0.0,2026-03-11 12:54:46.423290
0.8271286398820494,0.5051582556906625,0.9524217745392198,0.01417227542808599,0.8612403100775193,0.23481952218595253,0.9045389782210461,-0.0004893577391333892,-0.0005147422904427934,0.0060563493090339815,0.034931583045945014,0.0,2026-03-11 12:54:46.433938
0.8271923360353721,0.5051684481125693,0.9524421593830334,0.014200721498261883,0.861294072065091,0.23482203511341776,0.9045778229908443,-0.0004443622386833823,-0.0004673906080585599,0.00600051696761561,0.034931583045945014,0.0,2026-03-11 12:54:46.447856
0.827255985267035,0.5051786318043503,0.9524625267665953,0.014229144973929988,0.8613477924089853,0.23482454586162552,0.9046166361602603,-0.00047452018232396753,-0.000499111439373312,0.00603241374962904,0.034931583045945014,0.0,2026-03-11 12:54:46.458823
0.8273195876288659,0.505188806777217,0.9524828767123288,0.014257545881995409,0.8614014711575687,0.2348270544334099,0.904655417767839,-0.0004296067156032146,-0.00045184905754247495,0.00597670291493857,0.034931583045945014,0.0,2026-03-11 12:54:46.469910
0.8270150901729849,0.5051128294322799,0.9524828767123288,0.014053514845675373,0.8610681114551083,0.2345186799675673,0.9044715447154471,-0.00038477505847578364,-0.00040467721667281076,0.00597670291493857,0.03515128049117755,0.0,2026-03-11 12:54:46.478050
0.8270787343635025,0.5051229956974249,0.9525032092426188,0.014081898208390148,0.8611218568665377,0.23452118307435985,0.9045103616416093,-0.0004148957700871314,-0.00043635589612622816,0.00600855470854289,0.03515128049117755,0.0,2026-03-11 12:54:46.489357
0.8271423317396102,0.5051331532660214,0.9525235243798118,0.014110259060961135,0.8611755607115236,0.23452368401323295,0.904549147034931,-0.0004449793185749007,-0.00046799549022535913,0.00604036160885113,0.03515128049117755,0.0,2026-03-11 12:54:46.507134
0.8272058823529411,0.5051433021492236,0.9525438221462164,0.014138597430159402,0.8612292230382682,0.23452618278700227,0.9045879009338206,-0.00047502577267499735,-0.0004995960712617098,0.006072123710708199,0.03515128049117755,0.0,2026-03-11 12:54:46.518673
0.8269018743109151,0.5049397671444915,0.9521367521367521,0.013559040245318964,0.8612292230382682,0.23447606499974621,0.9044043028211892,-0.001340193809191037,-0.0014107978891770845,0.007103490508266974,0.03515128049117755,0.0,2026-03-11 12:54:46.531142
0.8269654665686995,0.504949989965479,0.9521571977787271,0.013587521023725714,0.8612828438948995,0.23447858248892525,0.9044430919050517,-0.0013702032374696138,-0.0014423882739262872,0.0071352079062509954,0.03515128049117755,0.0,2026-03-11 12:54:46.543020
0.8270290121189864,0.5049602040564741,0.9521776259607173,0.01361597924070771,0.8613364233294708,0.23448109780124743,0.9044818495234233,-0.0014001757083241806,-0.0014739397542606891,0.0071668806946737496,0.03515128049117755,0.0,2026-03-11 12:54:46.560042
0.8267254038179148,0.5047570078068027,0.9517712334613743,0.013038932566932945,0.8613364233294708,0.23443105381437906,0.9042984590429846,-0.002263770712046531,-0.002385199026102569,0.008196007824919693,0.03515128049117755,0.0,2026-03-11 12:54:46.588130
0.826788990825688,0.5047672955129756,0.9517918088737202,0.01306753220843533,0.8613899613899614,0.23443358776863243,0.9043372517227402,-0.00221753175572581,-0.0023363659933532954,0.008138303876792041,0.03515128049117755,0.0,2026-03-11 12:54:46.612655
0.826485693323551,0.5046917159551847,0.9517918088737202,0.012864778954556967,0.8610575067541489,0.2341265364413564,0.9041540020263424,-0.002247467337385567,-0.0023679057784320445,0.008138303876792041,0.034785480364366905,0.0,2026-03-11 12:54:46.630651
0.8265493215988265,0.5047019948871945,0.9518123667377398,0.012893361158749303,0.8611111111111112,0.23412906489109983,0.9041928296536358,-0.002277366097911626,-0.0023994067691872623,0.008169932149700632,0.034785480364366905,0.0,2026-03-11 12:54:46.649314
0.8266129032258065,0.5047122650562615,0.9518329070758739,0.012921920754935812,0.8611646741226379,0.23413159115803167,0.9042316258351892,-0.0023072281051980115,-0.0024308690371512842,0.008201516000877485,0.034785480364366905,0.0,2026-03-11 12:54:46.667905
0.8266764382557713,0.5047225264735866,0.951853429910524,0.012950457769930151,0.8612181958365459,0.23413411524497774,0.9042703906091883,-0.002337053426971658,-0.0024622926536801426,0.008233055523842236,0.034785480364366905,0.0,2026-03-11 12:54:46.700248
0.8267399267399267,0.5047327791503519,0.9518739352640545,0.012978972230502706,0.861271676300578,0.234136637154759,0.9043091240137568,-0.002290898388902063,-0.002413546868613947,0.008175476611355093,0.034785480364366905,0.0,2026-03-11 12:54:46.716166
0.8268033687294032,0.5047430230977201,0.951894423158791,0.013007464163381572,0.8613251155624037,0.2341391568901916,0.9043478260869565,-0.002244827040837949,-0.002364894198705114,0.008118022328548635,0.034785480364366905,0.0,2026-03-11 12:54:46.729202
0.8265007320644217,0.5045404923693884,0.9514893617021276,0.012433728471285524,0.8613251155624037,0.23408933474750812,0.9041649818034774,-0.0016607422026094776,-0.0017495689106765688,0.0074482553444684685,0.034785480364366905,0.0,2026-03-11 12:54:46.742295
0.8265642151481888,0.50455080939157,0.9515099957464909,0.0124623605912531,0.8613785136696188,0.23409187297007045,0.9042037186742118,-0.00169087096540943,-0.0017813091450302743,0.007480197914675801,0.034785480364366905,0.0,2026-03-11 12:54:46.758541
0.8266276517922458,0.5045611176407736,0.951530612244898,0.012490970107627676,0.8614318706697459,0.23409440900679407,0.9042424242424242,-0.001720962783068103,-0.001813010458189268,0.007512095747389869,0.034785480364366905,0.0,2026-03-11 12:54:46.782559
0.8263254113345521,0.5044859327543028,0.951530612244898,0.012289314363611302,0.8611004232397076,0.2337886029859666,0.9040597859018381,-0.0017510177234991708,-0.0018446729216996527,0.007512095747389869,0.03442326651330918,0.0,2026-03-11 12:54:46.796148
0.8263888888888888,0.5044962322417136,0.9515512112197195,0.012317906563875452,0.8611538461538462,0.2337911335296093,0.9040985261457702,-0.0017810358544503302,-0.0018762966069327813,0.0075439489365310974,0.03442326651330918,0.0,2026-03-11 12:54:47.667971
0.8264523200584581,0.5045065229784979,0.9515717926932881,0.012346476217535577,0.8612072279892349,0.23379366189590214,0.9041372351160444,-0.001811017243503077,-0.001907881585084814,0.007575757575757569,0.03442326651330918,0.0,2026-03-11 12:54:47.669620
0.8265157048940833,0.5045168049758029,0.9515923566878981,0.012375023351250698,0.861260568793236,0.23379618808765446,0.9041759128505145,-0.0018409619580738168,-0.0019394279271780501,0.00760752175846513,0.03442326651330918,0.0,2026-03-11 12:54:47.674323
0.8265790434465133,0.5045270782447571,0.9516129032258065,0.012403547991635278,0.8613138686131386,0.23379871210767095,0.904214559386973,-0.0018708700654139765,-0.0019709357040607056,0.007639241577789058,0.03442326651330918,0.0,2026-03-11 12:54:47.679931
0.8266423357664233,0.5045373427964698,0.951633432329232,0.01243205016526464,0.8613671274961597,0.23380123395875124,0.9042531747631526,-0.0019007416326107807,-0.002002404986408468,0.007670917126604504,0.03442326651330918,0.0,2026-03-11 12:54:47.681961
0.8267055819044145,0.5045475986420319,0.9516539440203562,0.012460529898672879,0.8614203454894434,0.2338037536436904,0.9042917590167238,-0.001930576726587585,-0.0020338358447240523,0.007702548497527495,0.03442326651330918,0.0,2026-03-11 12:54:47.687081
0.8267687819110139,0.5045578457925151,0.9516744383213226,0.012488987218349496,0.8614735226400614,0.2338062711652785,0.904330312185297,-0.0019603754141044316,-0.0020652283493383106,0.007734135782916263,0.03442326651330918,0.0,2026-03-11 12:54:47.692356
0.8268319358366751,0.5045680842589725,0.9516949152542373,0.012517422150743598,0.8615266589950135,0.23380878652630094,0.9043688343064225,-0.0019143875286273815,-0.002016683045424239,0.0076768057255862665,0.03442326651330918,0.0,2026-03-11 12:54:47.697613
0.8268950437317785,0.5045783140524382,0.951715374841169,0.012545834722264936,0.861579754601227,0.23381129972953824,0.9044073254175891,-0.0019441498762813314,-0.0020480357475329836,0.0077083490175412495,0.03442326651330918,0.0,2026-03-11 12:54:47.711009
0.8269581056466302,0.5045885351839283,0.951735817104149,0.012574224959276145,0.8616328095055577,0.23381381077776628,0.904445785556226,-0.0019738759505073533,-0.002079350237939037,0.0077398484079068686,0.03442326651330918,0.0,2026-03-11 12:54:47.720077
0.8270211216314639,0.5045987476644395,0.9517562420651714,0.012602592888103859,0.8616858237547893,0.23381631967375607,0.9044842147597023,-0.0020035658175784343,-0.0021106265864567764,0.0077713039882719714,0.03442326651330918,0.0,2026-03-11 12:54:47.735291
0.8267200582453585,0.504523954365919,0.9517562420651714,0.01240188762469891,0.8613558023745691,0.2335116728737926,0.904302372336148,-0.002033219543606135,-0.0021418648627300474,0.0077713039882719714,0.034064586455920365,0.0,2026-03-11 12:54:47.744705
0.826783114992722,0.5045341582064298,0.9517766497461929,0.012430238457635467,0.8614088820826953,0.2335141763541898,0.9043408360128616,-0.002062837194541367,-0.0021730651362343867,0.007802715849970943,0.034064586455920365,0.0,2026-03-11 12:54:47.879633
0.8268461258639506,0.5045443534178999,0.9517970401691332,0.012458567038380941,0.8614619211634137,0.23351667769067358,0.9043792687826436,-0.0020169325450561937,-0.0021246048258218853,0.0077455096156588965,0.034064586455920365,0.0,2026-03-11 12:54:47.880907
0.8269090909090909,0.5045545400112708,0.9518174133558749,0.012486873393122684,0.8615149196633511,0.23351917688599727,0.904417670682731,-0.0019711109057870546,-0.0020762368207623005,0.0076884268036430115,0.034064586455920365,0.0,2026-03-11 12:54:47.885249
0.8269720101781171,0.5045647179974652,0.9518377693282636,0.012515157548006996,0.8615678776290631,0.23352167394290932,0.9044560417503009,-0.002000692547420302,-0.00210739614994937,0.007719795037756216,0.034064586455920365,0.0,2026-03-11 12:54:47.886591
0.8270348837209303,0.5045748873873874,0.9518581081081081,0.012543419529139512,0.8616207951070336,0.23352416886415356,0.9044943820224719,-0.0020302382453820655,-0.002138517618469171,0.007751119735111445,0.034064586455920365,0.0,2026-03-11 12:54:47.887981
0.8270977115873592,0.5045850481919235,0.9518784297171803,0.012571659362586248,0.861673672143676,0.2335266616524691,0.9045326915363017,-0.001984499391369021,-0.0020902386548482532,0.007694159946397439,0.034064586455920365,0.0,2026-03-11 12:54:47.892513
0.8271604938271605,0.504595200421941,0.9518987341772152,0.012599877074369664,0.8617265087853323,0.23352915231059046,0.9045709703287891,-0.0020140092111303742,-0.002121320834178153,0.0077254411975704596,0.034064586455920365,0.0,2026-03-11 12:54:47.894025
0.8272232304900181,0.504605344088289,0.9519190215099115,0.01262807269047468,0.8617793050782742,0.23353164084124736,0.9046092184368738,-0.0020434832180037388,-0.0021523652924169134,0.007756679092886021,0.034064586455920365,0.0,2026-03-11 12:54:47.898623
0.8272859216255443,0.5046154792017987,0.9519392917369308,0.01265624623684476,0.8618320610687022,0.23353412724716488,0.9046474358974358,-0.0019978269250990888,-0.002104175126435237,0.007699841930197127,0.034064586455920365,0.0,2026-03-11 12:54:47.903310
0.8273485672832789,0.5046256057732827,0.9519595448798989,0.012684397739378527,0.861884776802747,0.23353661153106353,0.9046856227472967,-0.001952252969963375,-0.0020560764897334938,0.007643126997965766,0.034064586455920365,0.0,2026-03-11 12:54:47.914461
0.8274111675126904,0.5046357238135355,0.9519797809604044,0.012712527223940255,0.8619374523264683,0.2335390936956591,0.9047237790232185,-0.0019067611300621623,-0.0020080691217922997,0.007586533902323445,0.034064586455920365,0.0,2026-03-11 12:54:47.916625
0.8274737223631751,0.5046458333333333,0.952,0.012740634716350214,0.8619900876858559,0.23354157374366274,0.9047619047619048,-0.0018613511836620411,-0.0019601527630792592,0.007530062251092318,0.034064586455920365,0.0,2026-03-11 12:54:47.921860
0.827536231884058,0.5046559343434344,0.952020202020202,0.012768720242388912,0.8620426829268293,0.23354405167778108,0.9048,-0.0018160229098275193,-0.0019123271550456344,0.007473711653775972,0.034064586455920365,0.0,2026-03-11 12:54:47.927194
0.8275986961245926,0.5046660268545786,0.9520403870424905,0.012796783827798098,0.8620952380952381,0.233546527500716,0.9048380647740905,-0.0018454611689665557,-0.0019433265339874328,0.007504906283308577,0.034064586455920365,0.0,2026-03-11 12:54:47.932585
0.8276611151339609,0.5046761108774881,0.9520605550883096,0.01282482549827557,0.8621477532368621,0.23354900121516486,0.9048760991207034,-0.0018002143475557286,-0.0018955899421282396,0.007448676351082817,0.034064586455920365,0.0,2026-03-11 12:54:47.934989
0.827723488961274,0.5046861864228668,0.9520807061790668,0.012852845279484377,0.8622002283974115,0.23355147282382038,0.9049141030763084,-0.0017550487592175035,-0.0018479435895730756,0.007392566696787006,0.034064586455920365,0.0,2026-03-11 12:54:47.940525
0.8277858176555717,0.5046962535014006,0.9521008403361344,0.012880843197041938,0.8622526636225266,0.23355394232937074,0.9049520766773163,-0.0017844513356183311,-0.0018789024460101889,0.007423718150361691,0.034064586455920365,0.0,2026-03-11 12:54:47.946173
0.8278481012658228,0.5047063121237575,0.9521209575808484,0.012908819276529263,0.8623050589577786,0.23355640973449956,0.9049900199600798,-0.001813818294119085,-0.0019098237992898337,0.007454826517555357,0.034064586455920365,0.0,2026-03-11 12:54:47.951884
0.8279103398409255,0.5047163623005877,0.9521410579345088,0.012936773543488269,0.8623574144486692,0.23355887504188583,0.9050279329608939,-0.001768733720289073,-0.0018622644930332832,0.0073988367556833134,0.034064586455920365,0.0,2026-03-11 12:54:47.957637
0.8279725334297072,0.5047264040425234,0.9521611414183802,0.01296470602341775,0.8624097301406309,0.23356133825420403,0.9050658157159953,-0.0017237299431863695,-0.0018147949213169756,0.007342966502374426,0.034064586455920365,0.0,2026-03-11 12:54:47.966504
0.8280346820809249,0.504736437360179,0.9521812080536913,0.012992616741778274,0.8624620060790273,0.23356379937412405,0.9051036682615631,-0.001753061348468754,-0.0018456759102747355,0.0073740318725158405,0.034064586455920365,0.0,2026-03-11 12:54:47.975450
0.8277356446370531,0.5046620325982742,0.9521812080536913,0.012792906051068125,0.8621344473984048,0.2332602725410506,0.9049232609128961,-0.0017823572650573771,-0.0018765195356642561,0.0073740318725158405,0.03370938872918583,0.0,2026-03-11 12:54:47.985772
0.8274368231046931,0.5045880133532705,0.9521812080536913,0.012594075236325719,0.8618071374335611,0.23295792598164916,0.904742925468314,-0.0017374340676808986,-0.0018291365255416192,0.0073740318725158405,0.03392664509169363,0.0,2026-03-11 12:54:48.001946
0.8274990977986286,0.5045980382572425,0.9522012578616352,0.012621974401216245,0.8618595825426945,0.23296037863301844,0.9047808764940238,-0.0017666945599448258,-0.0018599413981699175,0.007405054334687522,0.03392664509169363,0.0,2026-03-11 12:54:48.012183
0.8272005772005772,0.5045244015406367,0.9522012578616352,0.012424023348595017,0.8615326251896813,0.23265920154699604,0.904600677155945,-0.0017218517260698674,-0.001812646167369314,0.007405054334687522,0.03414150083141121,0.0,2026-03-11 12:54:48.028458
0.8272628921745402,0.504534418041504,0.9522212908633697,0.012451905740827827,0.8615851346226773,0.2326616489485487,0.9046386621540912,-0.0016770890402447725,-0.0017654399210103033,0.007349303207718316,0.03414150083141121,0.0,2026-03-11 12:54:48.038806
0.8269646719538573,0.5043349581984241,0.9518223711772099,0.011886863301814116,0.8615851346226773,0.23261290868427692,0.9044585987261148,-0.002525263430644409,-0.0026606726644606837,0.008358633552797978,0.03414150083141121,0.0,2026-03-11 12:54:48.057911
0.827027027027027,0.504345045641645,0.9518425460636516,0.011914882253190436,0.8616376042456406,0.23261537391008585,0.9044966175885395,-0.0025544885627967195,-0.0026914649015354897,0.00838961319583631,0.03414150083141121,0.0,2026-03-11 12:54:48.072142
0.8270893371757925,0.5043551246399572,0.9518627040602763,0.011942879430751518,0.8616900341038272,0.2326178370459877,0.9045346062052506,-0.002583678398895839,-0.002722219949918392,0.008420550108332425,0.03414150083141121,0.0,2026-03-11 12:54:48.083437
0.8271516024486857,0.5043651952039614,0.9518828451882845,0.011970854859870608,0.8617424242424242,0.23262029809463944,0.9045725646123259,-0.002612833002845094,-0.00275293787693931,0.008451444378633544,0.03414150083141121,0.0,2026-03-11 12:54:48.094839
0.8272138228941684,0.5043752573442398,0.9519029694688415,0.011998808565877603,0.8617947747065505,0.23262275705869342,0.904610492845787,-0.0026419524383939352,-0.0027836187497658482,0.0084822960948433,0.03414150083141121,0.0,2026-03-11 12:54:48.105038
0.826916156890968,0.5041762809710232,0.9515050167224081,0.011436491014766454,0.8617947747065505,0.2325741268173219,0.9044307570037751,-0.002068264014466581,-0.0021791681055527423,0.007824874099124357,0.03414150083141121,0.0,2026-03-11 12:54:48.124334
0.8266187050359712,0.5039774708964886,0.9511073965733389,0.010876256925918034,0.8617947747065505,0.23252552706194493,0.9042510925705204,-0.0014952667814114307,-0.001575445715127799,0.007168356397759923,0.03414150083141121,0.0,2026-03-11 12:54:48.136369
0.8266810499820209,0.5039876823842552,0.9511278195488722,0.01090450258998492,0.8618470855412567,0.23252802354008956,0.9042891183478952,-0.0015250064505031302,-0.0016067800795518394,0.007200026349593269,0.03414150083141121,0.0,2026-03-11 12:54:48.148445
0.8267433501078361,0.505203085032168,0.9511278195488722,0.014212030676578474,0.8618470855412567,0.23744744317896319,0.9042891183478952,-0.0009530256145779958,-0.0010041285873259032,0.007200026349593269,0.03862065284116689,0.0,2026-03-11 12:54:48.160993
0.826805605461732,0.5052132879925962,0.9511482254697285,0.014240320285953595,0.8618993567915247,0.23744999031702668,0.9043271139341007,-0.00098305557941758,-0.0010357688136855003,0.0072316527987454915,0.03862065284116689,0.0,2026-03-11 12:54:48.173316
0.8265086206896551,0.5051370947400057,0.9511482254697285,0.014037084181444654,0.8615733736762481,0.23714458827383664,0.9041476483429252,-0.0010130494505494747,-0.0010673710109270207,0.0072316527987454915,0.03824904377390559,0.0,2026-03-11 12:54:48.192307
0.8265709156193896,0.5051472891837724,0.9511686143572621,0.01406535736928725,0.8616257088846881,0.23714712998515924,0.9041856774449514,-0.0009676499348109102,-0.0010194883241758657,0.007175005845218685,0.03824904377390559,0.0,2026-03-11 12:54:48.204831
0.8266331658291457,0.5051574751215369,0.951188986232791,0.014093608640797627,0.8616780045351474,0.23714966954853078,0.9042236763831053,-0.0009223313451254267,-0.0009716955579630593,0.007118479289042523,0.03824904377390559,0.0,2026-03-11 12:54:48.223682
0.8266953713670614,0.5051676525639404,0.951209341117598,0.014121838021448741,0.8617302606724594,0.23715220696667338,0.9042616451932606,-0.0009522891875832773,-0.001003256777904582,0.007150062325086748,0.03824904377390559,0.0,2026-03-11 12:54:48.242391
0.8267575322812052,0.5051778215216066,0.9512296790329304,0.014150045536673771,0.8617824773413897,0.23715474224230446,0.9042995839112343,-0.0009070513077636955,-0.0009555521750643781,0.007093655782830388,0.03824904377390559,0.0,2026-03-11 12:54:48.261256
0.8268196486195769,0.5051879820051414,0.95125,0.0141782312118672,0.8618346545866364,0.23715727537813697,0.9043374925727867,-0.0009369731864250497,-0.0009870740040855974,0.00712519549509405,0.03824904377390559,0.0,2026-03-11 12:54:48.296237
0.8268817204301075,0.505198134025133,0.9512703040399834,0.014206395072385233,0.8618867924528302,0.23715980637687914,0.9043753712136211,-0.000966859166011913,-0.0010185580144759232,0.007156691972659668,0.03824904377390559,0.0,2026-03-11 12:54:48.315447
0.8265854532425654,0.5050001177253746,0.9508742714404663,0.013645537307634681,0.8618867924528302,0.2371104340839788,0.9041963578780682,-0.0018113814959428431,-0.0019099369619510753,0.008160850449580925,0.03824904377390559,0.0,2026-03-11 12:54:48.331789
0.8262893982808023,0.5048022662331897,0.9504785684560966,0.013086738635469204,0.8618867924528302,0.23706109261344482,0.904017415396794,-0.001241711257328637,-0.001309271532117684,0.007507372274437429,0.03824904377390559,0.0,2026-03-11 12:54:48.345164
0.8263515932688865,0.5048125660317637,0.9504991680532446,0.013115188834095026,0.8619388909845341,0.23706366149648464,0.9040553907022749,-0.0012718848416487516,-0.0013410868311567459,0.007539251358945176,0.03824904377390559,0.0,2026-03-11 12:54:48.361689
0.8264137437365784,0.5048228572650166,0.9505197505197506,0.013143617029024224,0.8619909502262444,0.23706622821543716,0.9040933359699427,-0.0012260169096598439,-0.0012926607529215595,0.007481960347567873,0.03824904377390559,0.0,2026-03-11 12:54:48.385569
0.8264758497316637,0.5048331399436284,0.9505403158769742,0.013172023245774593,0.8620429702223897,0.23706879277303622,0.904131251235422,-0.0012561543579507894,-0.0013244364130220454,0.007513795821836866,0.03824904377390559,0.0,2026-03-11 12:54:48.399389
0.8265379113018598,0.5048434140782614,0.9505608641462401,0.013200407509824243,0.8620949510173324,0.23707135517201122,0.9041691365342818,-0.0012862557350887815,-0.0013561740412135759,0.007545587775293461,0.03824904377390559,0.0,2026-03-11 12:54:48.416291
0.8265999284948159,0.50485367967956,0.9505813953488372,0.013228769846610765,0.8621468926553673,0.23707391541508677,0.9042069919020345,-0.0013163211057948265,-0.0013878737057348989,0.007577336297119541,0.03824904377390559,0.0,2026-03-11 12:54:48.433287
0.8266619013581129,0.5048639367581509,0.9506019095060191,0.013257110281531682,0.8621987951807228,0.2370764735049831,0.9042448173741362,-0.0012705346443777632,-0.0013395337168251586,0.007520166536559958,0.03824904377390559,0.0,2026-03-11 12:54:48.447390
0.8267238299392641,0.5048741853246435,0.9506224066390041,0.013285428839949253,0.8622506586375611,0.23707902944441578,0.9042826129859878,-0.001224829436663355,-0.0012912841675580822,0.007463117642301786,0.03824904377390559,0.0,2026-03-11 12:54:48.481447
0.8267857142857142,0.5048844253896292,0.9506428867689756,0.01331372554718211,0.8623024830699775,0.23708158323609568,0.9043203787729336,-0.001179205266551353,-0.0012431248043645038,0.007406189231452753,0.03824904377390559,0.0,2026-03-11 12:54:49.932909
0.8268475544448411,0.504894656963682,0.9506633499170812,0.01334200042851328,0.8623542685220007,0.23708413488272934,0.9043581147702622,-0.0012092346953915811,-0.0012747819966369978,0.007437894410587065,0.03824904377390559,0.0,2026-03-11 12:54:49.940422
0.8269093504639543,0.5049048800573586,0.9506837961044343,0.01337025350918302,0.862406015037594,0.23708668438701863,0.904395821013207,-0.0012392282467780236,-0.0013064013666967966,0.007469556335725214,0.03824904377390559,0.0,2026-03-11 12:54:49.941891
0.8269711023902961,0.5049150946811977,0.9507042253521126,0.013398484814397446,0.8624577226606539,0.2370892317516609,0.9044334975369459,-0.0012691859849688347,-0.0013379829822848244,0.007501175095321333,0.03824904377390559,0.0,2026-03-11 12:54:49.949539
0.8266761768901569,0.5048392921632358,0.9507042253521126,0.013196540397749252,0.8621337340345605,0.23678507610142022,0.9042553191489361,-0.001299107974068625,-0.0013695269109808006,0.007501175095321333,0.03788099077427365,0.0,2026-03-11 12:54:49.951208
0.8267379679144385,0.5048494983277592,0.9507246376811594,0.013224755700325642,0.8621855050694706,0.23678761806390144,0.904293028751477,-0.0013289942780294606,-0.0014010332202030185,0.007532750777588193,0.03788099077427365,0.0,2026-03-11 12:54:49.958855
0.8264433357091946,0.504774083546462,0.9507246376811594,0.013023688494634807,0.8618618618618619,0.2364846267458564,0.9041149832644222,-0.0013588449606506403,-0.0014325019772092329,0.007532750777588193,0.03751644304130486,0.0,2026-03-11 12:54:49.975671
0.826148913430709,0.5046990535344573,0.9507246376811594,0.012823487867628415,0.8615384615384616,0.23618279557404273,0.9039370078740158,-0.0013133016128061836,-0.0013844234555164814,0.007532750777588193,0.037728937728937706,0.0,2026-03-11 12:54:49.978021
0.8262108262108262,0.504709251250169,0.9507450331125827,0.01285169261978604,0.8615903975993998,0.23618532891755012,0.9039748130657221,-0.0012678388726571344,-0.001336434632558392,0.007475942468871732,0.037728937728937706,0.0,2026-03-11 12:54:49.986321
0.8262726949092204,0.5047194405275557,0.9507654116673562,0.012879875680323326,0.8616422947131609,0.2361878601376476,0.9040125885129819,-0.001297653997585968,-0.0013678628892463962,0.0075074751617822955,0.037728937728937706,0.0,2026-03-11 12:54:49.994723
0.8263345195729538,0.5047296213770869,0.9507857733664186,0.012908037074255183,0.8616941529235382,0.23619038923700433,0.9040503342508848,-0.0013274336283185528,-0.0013992537313431974,0.007538964953069827,0.037728937728937706,0.0,2026-03-11 12:54:50.006457
0.8263963002490217,0.5047397938092145,0.9508061182306738,0.012936176826556255,0.86174597227426,0.23619291621828478,0.9040880503144654,-0.0013571778281996627,-0.001430607225620939,0.007570411930229115,0.037728937728937706,0.0,2026-03-11 12:54:50.011985
0.8264580369843528,0.5047499578343735,0.9508264462809918,0.01296429496216637,0.8617977528089887,0.23619544108414905,0.9041257367387033,-0.0013868866604231922,-0.0014619234386923363,0.007601816180517251,0.037728937728937706,0.0,2026-03-11 12:54:50.020636
0.8265197298258088,0.5047601134629812,0.9508467575382074,0.012992391505981565,0.8618494945713217,0.23619796383725286,0.9041633935585232,-0.0014165601880333778,-0.0014932024370128971,0.007633177790954404,0.037728937728937706,0.0,2026-03-11 12:54:50.029788
0.8265813788201848,0.5047702607054383,0.9508670520231214,0.013020466482864543,0.8619011976047904,0.2362004844802473,0.9042010208087946,-0.0013711778417661025,-0.0014452955629427056,0.007576489204701109,0.037728937728937706,0.0,2026-03-11 12:54:50.038709
0.8266429840142095,0.5047803995721277,0.9508873297565003,0.013048519917636994,0.8619528619528619,0.2362030030157792,0.9042386185243328,-0.0014008161276569675,-0.001476535918341071,0.007607808262071192,0.037728937728937706,0.0,2026-03-11 12:54:50.047707
0.8267045454545454,0.5047905300734156,0.9509075907590759,0.01307655183508377,0.8620044876589379,0.23620551944649087,0.904276186739898,-0.0013555139622134504,-0.0014287167646420684,0.007551239020209932,0.037728937728937706,0.0,2026-03-11 12:54:50.056610
0.8267660631877884,0.5048006522196508,0.9509278350515464,0.013104562259952693,0.8620560747663552,0.23620803377502034,0.9043137254901962,-0.0013851170691300263,-0.0014599185495858258,0.007582515611061491,0.037728937728937706,0.0,2026-03-11 12:54:50.065605
0.8268275372604684,0.5048107660211653,0.9509480626545754,0.013132551216950622,0.8621076233183856,0.23621054600400093,0.9043512348098786,-0.0014146850596683525,-0.0014910833217360864,0.007613749821708704,0.037728937728937706,0.0,2026-03-11 12:54:50.074643
0.8268889677190493,0.5048208714882739,0.9509682735887928,0.013160518730748277,0.8621591333582368,0.23621305613606194,0.9043887147335423,-0.001369462862742754,-0.0014433501613837496,0.007557299547758856,0.037728937728937706,0.0,2026-03-11 12:54:50.083782
0.826950354609929,0.5048309686312746,0.9509884678747941,0.013188464825980049,0.8622106049290515,0.236215564173828,0.9044261652957305,-0.0013243204227784133,-0.0013957057243780824,0.0075009678668215285,0.037728937728937706,0.0,2026-03-11 12:54:50.093082
0.82701169797944,0.5048410574604482,0.9510086455331412,0.013216389527241312,0.8622620380739082,0.2362180701199195,0.904463586530932,-0.0013538533593858704,-0.001426830585077754,0.00753215978334465,0.037728937728937706,0.0,2026-03-11 12:54:50.102356
0.8270729978738484,0.5048511379860586,0.9510288065843622,0.013244292859087597,0.8623134328358208,0.2362205739769524,0.9045009784735812,-0.0013087904655710858,-0.0013792731461681473,0.007475946322094473,0.037728937728937706,0.0,2026-03-11 12:54:50.111694
0.8271342543393553,0.5048612102183531,0.951048951048951,0.013272174846041321,0.8623647892577396,0.23622307574753829,0.9045383411580594,-0.0013382884105476167,-0.0014103596527126339,0.007507096030340832,0.037728937728937706,0.0,2026-03-11 12:54:50.121078
0.8271954674220963,0.5048712741675618,0.9510690789473685,0.013300035512584078,0.8624161073825504,0.23622557543428455,0.9045756746186938,-0.0013677514260451717,-0.0014414093487105095,0.007538203615925498,0.037728937728937706,0.0,2026-03-11 12:54:50.130656
0.8272566371681416,0.5048813298438981,0.9510891903000411,0.013327874883160205,0.8624673872530749,0.236228073039794,0.9046129788897576,-0.0013971795740687076,-0.0014724222995059488,0.007569269164232506,0.037728937728937706,0.0,2026-03-11 12:54:50.146356
0.8273177636234961,0.5048913772575587,0.9511092851273624,0.013355692982180353,0.8625186289120715,0.23623056856666524,0.9046502540054709,-0.0014265729164767427,-0.0015033985702888053,0.00760029276041474,0.037728937728937706,0.0,2026-03-11 12:54:50.156234
0.8273788468340998,0.5049014164187235,0.951129363449692,0.013383489834011317,0.8625698324022346,0.23623306201749258,0.9046875,-0.0014559315149811347,-0.0015343382260943894,0.007631274489395712,0.037728937728937706,0.0,2026-03-11 12:54:50.165919
0.8274398868458275,0.5049114473375558,0.9511494252873564,0.013411265462989578,0.862620997766195,0.23623555339486596,0.9047247169074579,-0.0014852554311481914,-0.0015652413318043568,0.007662214435869563,0.037728937728937706,0.0,2026-03-11 12:54:50.182589
0.8271474019088016,0.5048367991576731,0.9511494252873564,0.013212041061328913,0.8622999627837737,0.2359348078198516,0.9045481163380831,-0.0014402718734141118,-0.001517763310017184,0.007662214435869563,0.03793911007025752,0.0,2026-03-11 12:54:50.201883
0.827208480565371,0.5048468218443191,0.9511694706606484,0.013239800975159444,0.8623511904761905,0.23593729395728277,0.9045853658536586,-0.0014695611686649235,-0.0015486284671644146,0.0076931126843023945,0.03793911007025752,0.0,2026-03-11 12:54:50.220802
0.8272695160720593,0.5048568363089088,0.9511894995898277,0.013267539717442494,0.8624023800669394,0.23593977802906008,0.9046225863077823,-0.0014988159042751414,-0.0015794572052472144,0.0077239693189326,0.03793911007025752,0.0,2026-03-11 12:54:50.245183
0.8273305084745762,0.5048668425615553,0.951209512095121,0.013295257312391832,0.862453531598513,0.23594226003775717,0.904659777734451,-0.001453911473291769,-0.0015320642679637064,0.007667873705609507,0.03793911007025752,0.0,2026-03-11 12:54:50.263575
0.8270384751147194,0.5047925733064437,0.951209512095121,0.013096903721904527,0.8621330360460795,0.23564265069780505,0.9044834307992202,-0.0014831317103931596,-0.0015628551943625002,0.007667873705609507,0.03757801776603731,0.0,2026-03-11 12:54:50.282681
0.8270995059985886,0.5048025713572439,0.9512295081967214,0.013124605579591801,0.862184249628529,0.23564512749684977,0.9045206547155107,-0.0014383061975660194,-0.0015155485674354097,0.0076118955700107405,0.03757801776603731,0.0,2026-03-11 12:54:50.956335
0.8271604938271605,0.5048125612162777,0.951249487914789,0.013152286341059582,0.8622354251763832,0.23564760224056228,0.9045578496299181,-0.0014674919971457978,-0.001546301752548107,0.007642710674850117,0.03757801776603731,0.0,2026-03-11 12:54:50.963603
0.8272214386459803,0.5048225428936088,0.9512694512694513,0.013179946030393632,0.862286562731997,0.23565007493150048,0.904595015576324,-0.001422745194613495,-0.0014990811995048148,0.00758684964832157,0.03757801776603731,0.0,2026-03-11 12:54:50.964949
0.8272823405005287,0.5048325163992844,0.9512893982808023,0.013207584671649687,0.8623376623376623,0.23565254557221763,0.9046321525885558,-0.0013780768952434963,-0.0014519479302934624,0.0075311053637502345,0.03757801776603731,0.0,2026-03-11 12:54:50.972401
0.8273431994362227,0.5048424817433349,0.9513093289689034,0.013235202288841445,0.8623887240356083,0.23565501416526322,0.9046692607003891,-0.001407228318145215,-0.0014826619987851064,0.007561879022584428,0.03757801776603731,0.0,2026-03-11 12:54:50.973767
0.8274040154984149,0.5048524389357748,0.9513292433537832,0.013262798905949731,0.8624397478680015,0.2356574807131821,0.9047063399455465,-0.0013626383155312949,-0.0014356143287361789,0.007506251114390183,0.03757801776603731,0.0,2026-03-11 12:54:50.981407
0.8274647887323944,0.504862387986602,0.9513491414554375,0.013290374546919847,0.8624907338769459,0.2356599452185151,0.9047433903576984,-0.0013181264039902052,-0.001388653462506273,0.007450739218517466,0.03757801776603731,0.0,2026-03-11 12:54:50.982992
0.8275255191833861,0.5048723289057978,0.9513690232938292,0.013317929235654481,0.8625416821044831,0.23566240768379892,0.9047804119704624,-0.0012736923785586773,-0.0013417791600853768,0.007395342972427721,0.03757801776603731,0.0,2026-03-11 12:54:50.990622
0.8275862068965517,0.5048822617033276,0.9513888888888888,0.013345462996026706,0.8625925925925926,0.23566486811156587,0.9048174048174048,-0.0012293360349897586,-0.0012949911823465499,0.007340062015091631,0.03757801776603731,0.0,2026-03-11 12:54:50.992241
0.8276468519169891,0.5048921863891405,0.9514087382605145,0.013372975851870387,0.8626434653831914,0.2356673265043442,0.9048543689320387,-0.0011850571697501477,-0.0012482892910432586,0.007284895986980788,0.03757801776603731,0.0,2026-03-11 12:54:50.999876
0.8277074542897328,0.504902102973169,0.9514285714285714,0.01340046782698379,0.8626943005181347,0.23566978286465784,0.904891304347826,-0.0012141742766744734,-0.0012789600246478905,0.00731562828337029,0.03757801776603731,0.0,2026-03-11 12:54:51.017764
0.827768014059754,0.5049120114653296,0.9514483884128927,0.013427938945126856,0.8627450980392157,0.23567223719502675,0.9049282110981762,-0.001243257128178743,-0.0013095946750365517,0.007346319300651105,0.03757801776603731,0.0,2026-03-11 12:54:51.019967
0.8278285312719607,0.5049219118755227,0.9514681892332789,0.013455389230029223,0.8627958579881657,0.23567468949796663,0.9049650892164468,-0.001272305784678407,-0.001340193305847892,0.007376969121935639,0.03757801776603731,0.0,2026-03-11 12:54:51.031067
0.8278890059711977,0.5049318042136325,0.9514879739094986,0.013482818705377488,0.8628465804066543,0.23567713977598892,0.9050019387359441,-0.0012281041949453453,-0.0012935729847494137,0.007321917665014999,0.03757801776603731,0.0,2026-03-11 12:54:51.036460
0.8279494382022472,0.504941688489527,0.9515077424612877,0.0135102273948282,0.8628972653362897,0.2356795880316011,0.9050387596899224,-0.0011839796786032863,-0.0012470382840752414,0.007266980422735325,0.03757801776603731,0.0,2026-03-11 12:54:51.045010
0.828009828009828,0.5049515647130584,0.9515274949083503,0.013537615321997655,0.8629479128186184,0.23568203426730636,0.9050755521115847,-0.001139932034241009,-0.0012005889681729887,0.007212157040025091,0.03757801776603731,0.0,2026-03-11 12:54:51.053658
0.8280701754385965,0.5049614328940624,0.9515472312703583,0.013564982510467994,0.8629985228951256,0.23568447848560384,0.9051123160340822,-0.0011689465560091872,-0.0012311473819253127,0.007242765748202484,0.03757801776603731,0.0,2026-03-11 12:54:51.187785
0.8281304805331463,0.504971293042359,0.9515669515669516,0.013592328983788293,0.8630490956072352,0.23568692068898853,0.9051490514905149,-0.0011249755829163544,-0.001184781800889878,0.007188055871460652,0.03757801776603731,0.0,2026-03-11 12:54:51.189253
0.8281907433380085,0.5049811451677523,0.951586655817738,0.013619654765467473,0.8630996309963099,0.23568936087995132,0.9051857585139318,-0.00108108108108107,-0.0011385011385012245,0.007133459148548571,0.03757801776603731,0.0,2026-03-11 12:54:51.196775
0.8282509638976516,0.5049909892800301,0.9516063440422936,0.013646959878981667,0.8631501291036517,0.23569179906097898,0.9052224371373307,-0.001037262851186549,-0.0010923051616795743,0.007078975228783091,0.03757801776603731,0.0,2026-03-11 12:54:51.198270
0.8283111422564822,0.5050008253889645,0.9516260162601626,0.013674244347772806,0.8632005899705014,0.2356942352345542,0.9052590873936582,-0.0010662432983548076,-0.0011228234550835214,0.0071095429065206606,0.03757801776603731,0.0,2026-03-11 12:54:51.206008
0.8283712784588442,0.505010653504312,0.9516456724908574,0.013701508195242136,0.863251013638039,0.23569666940315553,0.9052957093158097,-0.0010951897309137149,-0.0011533059288943992,0.007140069636264013,0.03757801776603731,0.0,2026-03-11 12:54:51.207649
0.8284313725490197,0.5050204736358126,0.9516653127538587,0.013728751444760755,0.863301400147384,0.23569910156925758,0.9053323029366307,-0.0010514475743348406,-0.0011071915956433198,0.0070856981704093824,0.03757801776603731,0.0,2026-03-11 12:54:51.215620
0.8284914245712286,0.505030285793191,0.9516849370686155,0.013755974119663143,0.8633517495395948,0.23570153173533068,0.9053688682889145,-0.0010077812931360564,-0.0010611614894848742,0.00703143881066981,0.03757801776603731,0.0,2026-03-11 12:54:51.223468
0.8285514345696291,0.5050400899861559,0.9517045454545454,0.013783176243246369,0.8634020618556701,0.23570395990384133,0.9054054054054055,-0.001036693770935404,-0.001091605404464513,0.007061924674643616,0.03757801776603731,0.0,2026-03-11 12:54:51.240670
0.8282616299405386,0.5049661967779057,0.9517045454545454,0.013585805103355395,0.8630842841369157,0.23540541138642396,0.9052306504535804,-0.0010655723536846518,-0.001122013629039742,0.007061924674643616,0.03722033199298891,0.0,2026-03-11 12:54:51.243070
0.827972027972028,0.5048926767676768,0.9517045454545454,0.013389276238662049,0.862766740250184,0.23510799444973823,0.9050559629486685,-0.0010219817506161855,-0.0010760647264700385,0.007061924674643616,0.03742821985233802,0.0,2026-03-11 12:54:51.251857
0.8280321565886054,0.5049024730059213,0.9517241379310345,0.013416468431137925,0.8628172122103714,0.23511041448869283,0.9050925925925927,-0.0010508264978846826,-0.001106435929342009,0.007092369754852945,0.03742821985233802,0.0,2026-03-11 12:54:51.260443
0.8280922431865828,0.5049122612991226,0.9517437145174371,0.013443640124094918,0.8628676470588236,0.23511283254004378,0.9051291939838025,-0.0010796374691024457,-0.0011367715687446989,0.007122774133083487,0.03742821985233802,0.0,2026-03-11 12:54:51.269136
0.8281522878099895,0.5049220416569423,0.9517632752330766,0.01347079134070505,0.8629180448364572,0.23511524860623914,0.905165767154973,-0.0010361223475977566,-0.0010909036567687824,0.007068626533096145,0.03742821985233802,0.0,2026-03-11 12:54:51.384754
0.8282122905027933,0.5049318140890264,0.9517828200972447,0.01349792210410757,0.8629684055841293,0.23511766268972298,0.9052023121387283,-0.0010648996020559132,-0.00112120240690472,0.007098990290914764,0.03742821985233802,0.0,2026-03-11 12:54:51.389222
0.8279232111692845,0.5048586644566828,0.9517828200972447,0.013302251435046897,0.8626514873301506,0.23482135801914666,0.9050279329608938,-0.001021459766228472,-0.0010754166573407886,0.007098990290914764,0.037633860275369746,0.0,2026-03-11 12:54:51.393705
0.827983251919051,0.5048684289726615,0.9518023491292021,0.013329366924902778,0.8627019089574156,0.2348237670825301,0.9050645099171962,-0.0009780950208692074,-0.001029714230341927,0.0070449541057423515,0.037633860275369746,0.0,2026-03-11 12:54:51.395016
0.8280432507847925,0.5048781855821495,0.9518218623481781,0.013356462010449125,0.8627522935779817,0.23482617417057058,0.9051010587102983,-0.001006838617719663,-0.0010599747777084723,0.00707527732449853,0.037633860275369746,0.0,2026-03-11 12:54:51.402452
0.8281032078103208,0.504887934294746,0.9518413597733711,0.013383536714711368,0.8628026412325752,0.23482857928569703,0.905137579372715,-0.0010355486159765448,-0.0010901999533075024,0.0071055600853243694,0.037633860275369746,0.0,2026-03-11 12:54:51.403888
0.8281631230393866,0.5048976751200346,0.9518608414239482,0.013410591060675343,0.8628529519618628,0.23483098243033435,0.905174071936911,-0.0009922587665506244,-0.0010445778651506643,0.007051634971447229,0.037633860275369746,0.0,2026-03-11 12:54:51.411434
0.8282229965156794,0.5049074080675833,0.9518803073190457,0.013437625071294666,0.8629032258064516,0.23483338360690362,0.9052105364353009,-0.0009490436191944562,-0.0009990386509048932,0.006997820586756687,0.037633860275369746,0.0,2026-03-11 12:54:51.412991
0.8282828282828283,0.5049171331469449,0.9518997574777688,0.013464638769488708,0.862953462806889,0.23483578281782178,0.9052469729002498,-0.0009777200777337791,-0.0010292257675690308,0.0070280629705681275,0.037633860275369746,0.0,2026-03-11 12:54:51.420607
0.8279944289693594,0.5048443511006935,0.9518997574777688,0.013269831025254301,0.8626373626373627,0.23454057744302637,0.9050730207532667,-0.0010063630552941127,-0.0010593776394967058,0.0070280629705681275,0.03727953305418097,0.0,2026-03-11 12:54:51.438370
0.8280542986425339,0.504854068321405,0.9519191919191919,0.013296829506364457,0.8626876601977298,0.23454297167719473,0.9051094890510949,-0.0010349726104768031,-0.0010894943283765723,0.007058265058065394,0.03727953305418097,0.0,2026-03-11 12:54:51.440497
0.8281141266527487,0.5048637776929884,0.9519386106623586,0.013323807723526556,0.8627379209370425,0.2345453639529992,0.9051459293394778,-0.0009918319719953717,-0.001044033654731935,0.007004561061856207,0.03727953305418097,0.0,2026-03-11 12:54:51.456438
0.8278260869565217,0.504791360469024,0.9519386106623586,0.013129837267407279,0.8624222466154409,0.23425126306747507,0.9049721635630639,-0.0009487656498592401,-0.0009986554120458013,0.007004561061856207,0.03748296228986825,0.0,2026-03-11 12:54:51.465902
0.8278859527121002,0.5048010620009855,0.9519580137262817,0.013156800221821918,0.8624725676664228,0.2342536503900502,0.9050086355785838,-0.0009773418411291868,-0.0010287342498196406,0.007034722933524473,0.03748296228986825,0.0,2026-03-11 12:54:51.475489
0.8279457768508863,0.5048107557028164,0.9519774011299436,0.01318374296066796,0.8625228519195612,0.2342560357615114,0.9050450796086708,-0.001005884726814954,-0.00105877803067278,0.007064844669635084,0.03748296228986825,0.0,2026-03-11 12:54:51.485061
0.8276580958999306,0.5047387005649718,0.9519774011299436,0.012990604836144623,0.8622076023391813,0.23396303247515784,0.9048714998082088,-0.0010343943651091037,-0.0010887868158582226,0.007064844669635084,0.03713194653803642,0.0,2026-03-11 12:54:51.494725
0.8277179576241751,0.5047483864461476,0.9519967728922952,0.013017532267361735,0.8622579466569237,0.23396541291675352,0.9049079754601227,-0.0009914021674517492,-0.0010434867016113625,0.007011250722598561,0.03713194653803642,0.0,2026-03-11 12:54:51.512634
0.8274305555555556,0.5045564516129033,0.9516129032258065,0.012473782978252808,0.8622579466569237,0.23391823771455678,0.9047345217557985,-0.00043780643946145226,-0.00046080714008533974,0.006376438786187655,0.03713194653803642,0.0,2026-03-11 12:54:51.528782
0.827490454703228,0.5057316386453222,0.9516129032258065,0.015673798015615203,0.8622579466569237,0.2386511852536897,0.9047345217557985,0.00011514519809474599,0.00012119449292213869,0.006376438786187655,0.041435358839709946,0.0,2026-03-11 12:54:51.538980
0.8275503122831367,0.5057413901763126,0.9516324062877872,0.01570091300039445,0.8623082542001461,0.23865363078852556,0.9047710289327457,8.6058519793486e-05,9.057971014492239e-05,0.006406922280921545,0.041435358839709946,0.0,2026-03-11 12:54:51.554357
0.8276101283385362,0.505751133849502,0.951651893634166,0.015728007682653148,0.8623585250091275,0.2386560743277157,0.904807508140203,0.00012897678417889136,0.00013574660633486335,0.0063534380451378825,0.041435358839709946,0.0,2026-03-11 12:54:51.564513
0.8276699029126213,0.5057608696743843,0.9516713652839307,0.015755082085185557,0.8624087591240875,0.23865851587370235,0.9048439594103005,0.0001718213058419238,0.0001808318264014952,0.006300063184069504,0.041435358839709946,0.0,2026-03-11 12:54:51.950806
0.8277296360485269,0.5057705976604383,0.9516908212560387,0.015782136230751382,0.8624589565851879,0.23866095542892368,0.9048803827751196,0.00014276842960714298,0.00015025538161184127,0.00633050619607467,0.041435358839709946,0.0,2026-03-11 12:54:51.958270
0.8277893277893278,0.5057803178171272,0.9517102615694165,0.01580917014207685,0.862509117432531,0.23866339299581388,0.9049167782666921,0.00018553939844334622,0.000195260523203733,0.006277240374559012,0.041435358839709946,0.0,2026-03-11 12:54:51.959681
0.8278489781780395,0.5057900301538992,0.9517296862429606,0.015836183841851467,0.8625592417061612,0.2386658285768032,0.9049531459170013,0.0002282370036966741,0.0002401844280779386,0.006224083258801527,0.041435358839709946,0.0,2026-03-11 12:54:51.967203
0.8279085872576177,0.5057997346801874,0.9517490952955368,0.015863177352736558,0.8626093294460642,0.23866826217431786,0.9049894857579812,0.00027086143396237716,0.0002850273159911154,0.006171034516368801,0.041435358839709946,0.0,2026-03-11 12:54:51.968727
0.8279681550709588,0.5058094314054093,0.9517684887459807,0.01589015069735263,0.8626593806921676,0.2386706937907803,0.9050257978215174,0.0003134128771898892,0.00032978940590788763,0.006118093816181336,0.041435358839709946,0.0,2026-03-11 12:54:51.986378
0.8280276816608997,0.5058191203389678,0.9517878666130977,0.015917103898292963,0.8627093954843409,0.23867312342860883,0.905062082139446,0.00035589152068571384,0.0003744709160050652,0.006065260828507002,0.041435358839709946,0.0,2026-03-11 12:54:51.994495
0.8280871670702179,0.5058288014902502,0.9518072289156626,0.015944036978111552,0.8627593738623953,0.2386755510902179,0.9050983387435555,0.00032687238762896254,0.00034393683270772524,0.006095663438372756,0.041435358839709946,0.0,2026-03-11 12:54:52.002671
0.8278008298755186,0.505754360726488,0.9518072289156626,0.01574570683461997,0.8624454148471615,0.23837850610755454,0.9049255441008018,0.0002978869389982375,0.00031343819233931036,0.006095663438372756,0.041069295101553216,0.0,2026-03-11 12:54:52.004919
0.8275146906325613,0.5056802893957966,0.9518072289156626,0.015548207284879675,0.8621316842488177,0.23808256743838757,0.9047528154227906,0.0002689351161779818,0.000282974933224156,0.006095663438372756,0.04070660522273428,0.0,2026-03-11 12:54:52.013308
0.8275742916378714,0.5056899627741755,0.9518265756724207,0.015575130508523398,0.8621818181818182,0.23808498709962486,0.9047891623735929,0.000311341146607913,0.0003275801632475206,0.006042937834819684,0.04070660522273428,0.0,2026-03-11 12:54:52.021736
0.8276338514680484,0.5056996283890086,0.9518459069020867,0.015602033661305704,0.8622319156670302,0.23808740479435775,0.9048254815945068,0.0002824228911184612,0.00029715358148252324,0.006073300122921732,0.04070660522273428,0.0,2026-03-11 12:54:52.029879
0.8276933701657458,0.505709286249638,0.9518652226233454,0.015628916765663577,0.862281976744186,0.23808982052498295,0.9048617731172546,0.0002535381446157059,0.0002667622564751504,0.006103622169422507,0.04070660522273428,0.0,2026-03-11 12:54:52.038444
0.8277528477735588,0.505718936365391,0.9518845228548516,0.015655779844000003,0.8623320014529604,0.23809223429389328,0.9048980369735087,0.00029587174800826954,0.00031129004215424416,0.006051003622932427,0.04070660522273428,0.0,2026-03-11 12:54:52.047042
0.8278122843340234,0.5057285787455804,0.9519038076152304,0.015682622918683175,0.8623819898329702,0.23809464610347766,0.9049342731948942,0.0002670204522832176,0.0002809352647112906,0.006081285507782308,0.04070660522273428,0.0,2026-03-11 12:54:52.054660
0.8278716798896171,0.5057382133995036,0.9519230769230769,0.015709446012046966,0.8624319419237749,0.23809705595612124,0.904970481812988,0.0002382025492614348,0.00025061562011241545,0.006111527310719733,0.04070660522273428,0.0,2026-03-11 12:54:52.063234
0.8279310344827586,0.5057478403364434,0.9519423307969563,0.01573624914639515,0.8624818577648766,0.23809946385420513,0.9050066628593184,0.00020941798100315712,0.0002203310473986031,0.006141729111272309,0.04070660522273428,0.0,2026-03-11 12:54:52.072029
0.8279903481558083,0.5057574595656674,0.9519615692554043,0.015763032343995585,0.86253173739572,0.2381018698001067,0.9050428163653663,0.00018066668970251332,0.00019008148575172523,0.006171890988757367,0.04070660522273428,0.0,2026-03-11 12:54:52.080967
0.8280496209510683,0.5057670710964286,0.9519807923169268,0.015789795627085754,0.8625815808556925,0.23810427379619944,0.9050789423625641,0.00015194861768685897,0.00015986687449354164,0.006202013022282737,0.04070660522273428,0.0,2026-03-11 12:54:52.089926
0.828108852910782,0.5057766749379652,0.952,0.01581653901786626,0.8626313881841247,0.2381066758448529,0.9051150408822969,0.0001232637074173315,0.00012968715308692147,0.006232095290747308,0.04070660522273428,0.0,2026-03-11 12:54:52.099143
0.828168044077135,0.5057862710995006,0.9520191923230708,0.01584326253850764,0.8626811594202899,0.23810907594843297,0.9051511119559019,0.00016552506916589493,0.00017414307097163295,0.00617958347558889,0.04070660522273428,0.0,2026-03-11 12:54:52.108326
0.8282271944922547,0.5057958595902434,0.9520383693045563,0.01586996621114766,0.8627308946034046,0.23811147410930159,0.9051871556146684,0.00013687326323585935,0.00014399951931098887,0.006209626057683604,0.04070660522273428,0.0,2026-03-11 12:54:52.117642
0.8282863041982106,0.5058054404193876,0.9520575309628446,0.01589665005788866,0.8627805937726285,0.2381138703298169,0.9052231718898386,0.00017906256810151788,0.00018837703352747592,0.006157220649445461,0.04070660522273428,0.0,2026-03-11 12:54:52.126871
0.8283453732370141,0.5058150135961123,0.952076677316294,0.015923314100802402,0.8628302569670648,0.23811626461233315,0.9052591608126068,0.00015044380923723288,0.00015826958586118156,0.006187223623653315,0.04070660522273428,0.0,2026-03-11 12:54:52.136254
0.828404401650619,0.505824579129582,0.9520958083832335,0.015949958361928692,0.8628798842257598,0.23811865695920095,0.9052951224141202,0.00012185804029662961,0.00012819684418652333,0.006217187068250918,0.04070660522273428,0.0,2026-03-11 12:54:52.145631
0.8284633894809212,0.5058341370289469,0.9521149241819633,0.01597658286327017,0.8629294755877034,0.238121047372767,0.9053310567254791,9.330520426964473e-05,9.81587485275881e-05,0.006247111061308486,0.04070660522273428,0.0,2026-03-11 12:54:52.161176
0.8285223367697595,0.5058436873033422,0.9521340247307539,0.016003187626803493,0.8629790310918294,0.23812343585537413,0.9053669637777357,6.478524427711019e-05,6.815523904668552e-05,0.0062769956806910665,0.04070660522273428,0.0,2026-03-11 12:54:52.170712
0.8285812435589145,0.5058532299618886,0.9521531100478469,0.016029772674467195,0.8630285507770148,0.23812582240936156,0.9054028436018957,3.629810357119734e-05,3.818625604390391e-05,0.00630684100405865,0.04070660522273428,0.0,2026-03-11 12:54:52.361529
0.8286401098901099,0.5058627650136927,0.9521721801514548,0.01605633802816914,0.8630780346820809,0.23812820703706467,0.905438696228918,7.841553568588289e-05,8.24908950673997e-05,0.0062545416796429,0.04070660522273428,0.0,2026-03-11 12:54:52.368911
0.828698935805012,0.5058722924678457,0.952191235059761,0.016082883709785046,0.8631274828457927,0.238130589740815,0.905474521689714,4.996115764899223e-05,5.255770526879644e-05,0.006284347784451527,0.04070660522273428,0.0,2026-03-11 12:54:52.370345
0.82875772134523,0.5058818123334252,0.9522102747909199,0.01610940974115965,0.8631768953068593,0.2381329705229404,0.9055103200151486,2.15394857936424e-05,2.2658921435270152e-05,0.006314114747953847,0.04070660522273428,0.0,2026-03-11 12:54:52.378012
0.8288164665523156,0.5058913246194939,0.9522292993630573,0.01613591614410082,0.8632262721039335,0.23813534938576492,0.9055460912360401,-6.8495362375298185e-06,-7.20551571942174e-06,0.006343842647199449,0.04070660522273428,0.0,2026-03-11 12:54:52.379605
0.828875171467764,0.5059008293351002,0.9522483087942698,0.016162402940388308,0.8632756132756133,0.23813772633160893,0.9055818353831598,-3.520596467276871e-05,-3.703566534563052e-05,0.006373531559036305,0.04070660522273428,0.0,2026-03-11 12:54:52.387260
0.8285910181693521,0.5058271246941646,0.9522483087942698,0.01596584453542284,0.8629642985935809,0.2378428188174407,0.9054105183503595,6.839778195821822e-06,7.194932300835788e-06,0.006373531559036305,0.040907858744670844,0.0,2026-03-11 12:54:52.388907
0.8283070596298835,0.5057537840267645,0.9522483087942698,0.01577010547065908,0.8626532083633742,0.23754900422866604,0.9052392661244562,-2.1484112742720107e-05,-2.2599670969292163e-05,0.006373531559036305,0.04054849629593282,0.0,2026-03-11 12:54:52.395785
0.828365878725591,0.5057632811809423,0.9522673031026253,0.01579658265646743,0.8627027027027027,0.23755137338831384,0.9052750992626205,-4.977552215501557e-05,-5.23601061164225e-05,0.006403181560110549,0.04054849629593282,0.0,2026-03-11 12:54:52.404647
0.8284246575342465,0.5057727707827111,0.952286282306163,0.01582304028416965,0.8627521613832853,0.2375537406403382,0.9053109053109053,-7.803450588306227e-05,-8.208643188245546e-05,0.006432792726867809,0.04054849629593282,0.0,2026-03-11 12:54:52.406232
0.828483396097227,0.5057822528410764,0.9523052464228935,0.01584947837542863,0.8628015844436442,0.2375561059870426,0.905346684300019,-0.00010626111964118223,-0.0001117787068740661,0.006462365135553316,0.04054849629593282,0.0,2026-03-11 12:54:52.413840
0.8285420944558521,0.505791727365029,0.9523241954707986,0.015875896951875572,0.8628509719222462,0.2375584694307268,0.9053824362606232,-0.0001344554190161329,-0.0001414369895649248,0.00649189886221313,0.04054849629593282,0.0,2026-03-11 12:54:52.431505
0.8286007526513856,0.5058011943635454,0.9523431294678316,0.015902296035111136,0.8629003238575027,0.2375608309736867,0.905418161223334,-9.248118251303783e-05,-9.727895405675646e-05,0.006439705299828513,0.04054849629593282,0.0,2026-03-11 12:54:52.433651
0.8286593707250342,0.5058106538455883,0.9523620484319174,0.01592867564669962,0.8629496402877698,0.2375631906182147,0.9054538592187205,-0.00012064322296423402,-0.00012690199481757425,0.00646920042030974,0.04054849629593282,0.0,2026-03-11 12:54:52.441900
0.8287179487179487,0.5058201058201058,0.9523809523809523,0.01595503580817573,0.8629989212513485,0.23756554836659943,0.9054895302773062,-0.0001487730598243031,-0.00015649116131788432,0.0064986570102612,0.04054849629593282,0.0,2026-03-11 12:54:52.450243
0.8287764866712235,0.5058295502960318,0.9523998413328044,0.015981376541046297,0.8630481667864845,0.2375679042211259,0.9055251744295681,-0.00010687014742738477,-0.00011240944014478949,0.006446568889416748,0.04054849629593282,0.0,2026-03-11 12:54:52.458617
0.8288349846258968,0.5058389872822863,0.9524187153053132,0.016007697866780076,0.863097376931369,0.2375702581840753,0.9055607917059378,-0.0001349678359023887,-0.0001419634878079279,0.006475987024289864,0.04054849629593282,0.0,2026-03-11 12:54:52.461064
0.8288934426229508,0.5058484167877747,0.9524375743162902,0.01603399980681958,0.8631465517241379,0.23757261025772533,0.9055963821368004,-9.313606597138868e-05,-9.795918367339063e-05,0.006424004025788244,0.04054849629593282,0.0,2026-03-11 12:54:52.469612
0.8289518607033117,0.5058578388213888,0.9524564183835182,0.016060282382570804,0.8631956912028725,0.2375749604443499,0.9056319457524958,-0.00012120166114149011,-0.00012747817573632858,0.006453383780837707,0.04054849629593282,0.0,2026-03-11 12:54:52.478299
0.8290102389078499,0.5058672533920059,0.9524752475247524,0.016086545615410678,0.8632447954055994,0.23757730874621938,0.9056674825833176,-0.0001492352179609524,-0.00015696347031957103,0.006482725231121811,0.04054849629593282,0.0,2026-03-11 12:54:52.486957
0.8290685772773797,0.5058766605084895,0.9524940617577197,0.016112789526687515,0.8632938643702907,0.23757965516560045,0.9057029926595144,-0.00017723679125869474,-0.0001864151250916546,0.006512028451503338,0.04054849629593282,0.0,2026-03-11 12:54:52.495765
0.8291268758526603,0.505886060179689,0.9525128611001187,0.016139014137711478,0.8633428981348638,0.2375819997047561,0.9057384760112888,-0.00020520643573851416,-0.00021583319758922137,0.006541293516649893,0.04054849629593282,0.0,2026-03-11 12:54:52.504626
0.8291851346743948,0.5058954524144398,0.9525316455696202,0.01616521946976944,0.8633918967371818,0.23758434236594586,0.9057739326687982,-0.00023314420597952967,-0.00024521774521768513,0.006570520501035015,0.04054849629593282,0.0,2026-03-11 12:54:52.513524
0.8292433537832311,0.5059048372215632,0.9525504151838672,0.016191405544111102,0.8634408602150537,0.23758668315142545,0.9058093626621545,-0.00026105015643673735,-0.00027456882525211945,0.00659970947893862,0.04054849629593282,0.0,2026-03-11 12:54:52.525534
0.8293015332197615,0.5059142146098669,0.9525691699604744,0.01621757238195568,0.8634897886062344,0.23758902206344712,0.9058447660214246,-0.0002889243414408993,-0.00030388649483703567,0.006628860524447111,0.04054849629593282,0.0,2026-03-11 12:54:52.534643
0.8293596730245232,0.505923584588144,0.9525879099170288,0.016243720004494956,0.8635386819484241,0.23759135910425935,0.9058801427766298,-0.00031676681519943184,-0.00033317081098660495,0.006657973711455045,0.04054849629593282,0.0,2026-03-11 12:54:52.543808
0.8294177732379979,0.5059329471651747,0.95260663507109,0.016269848432883677,0.8635875402792696,0.2375936942761072,0.9059154929577465,-0.0002750060067101545,-0.00028923468502339844,0.006606095517385779,0.04054849629593282,0.0,2026-03-11 12:54:52.553006
0.8294758339006126,0.5059423023497244,0.9526253454401895,0.016295957688252014,0.8636363636363636,0.2375960275812321,0.9059508165947062,-0.0003028168233069062,-0.0003184844198740322,0.006635170919595534,0.04054849629593282,0.0,2026-03-11 12:54:52.558012
0.829533855052739,0.5059516501505452,0.9526440410418311,0.016322047791693422,0.863685152057245,0.23759835902187182,0.9059861137173953,-0.0003305960367029348,-0.0003477009163896927,0.006664208610518418,0.04054849629593282,0.0,2026-03-11 12:54:52.574402
0.8295918367346938,0.5059609905763752,0.9526627218934911,0.016348118764274586,0.8637339055793991,0.2376006886002606,0.9060213843556555,-0.0003583437007367296,-0.00037688423119419667,0.006693208663475003,0.04054849629593282,0.0,2026-03-11 12:54:52.583795
0.8296497789867392,0.5059703236359387,0.9526813880126183,0.016374170627029005,0.8637826242402574,0.23760301631862907,0.9060566285392837,-0.0003860598691247663,-0.00040603442078324115,0.0067221711515961236,0.04054849629593282,0.0,2026-03-11 12:54:52.593266
0.8297076818490823,0.5059796493379466,0.9527000394166338,0.016400203400959948,0.863831308077198,0.23760534217920445,0.906091846298032,-0.00041374459546117404,-0.00043515154152418134,0.006751096147823321,0.04054849629593282,0.0,2026-03-11 12:54:52.602768
0.8297655453618756,0.5059889676910954,0.9527186761229315,0.016426217107039717,0.8638799571275455,0.23760766618421017,0.9061270376616077,-0.0004413979332190676,-0.00046423564965669684,0.006779983724909178,0.04054849629593282,0.0,2026-03-11 12:54:52.612495
0.8298233695652174,0.5059982787040684,0.9527372981488775,0.01645221176621203,0.8639285714285714,0.23760998833586633,0.9061622026596741,-0.00039970790576115967,-0.0004203701682692351,0.006728210018642766,0.04054849629593282,0.0,2026-03-11 12:54:52.810025
0.8298811544991511,0.5060075823855351,0.952755905511811,0.016478187399386158,0.8639771510174937,0.2376123086363893,0.9061973413218499,-0.0004273299082920845,-0.00044942004615378117,0.006757060249152014,0.04054849629593282,0.0,2026-03-11 12:54:52.817468
0.829938900203666,0.5060168787441515,0.9527744982290437,0.01650414402744377,0.8640256959314775,0.2376146270879921,0.9062324536777092,-0.00038571048206614833,-0.00040563141524496693,0.006705390715332715,0.04054849629593282,0.0,2026-03-11 12:54:52.818886
0.829996606718697,0.5060261677885596,0.9527930763178599,0.016530081671232457,0.8640742062076346,0.2376169436928841,0.9062675397567821,-0.0004133012026010796,-0.00043464712401775074,0.006734203671642236,0.04054849629593282,0.0,2026-03-11 12:54:52.826437
0.8300542740841248,0.5060354495273882,0.9528116397955171,0.01655600035157442,0.8641226818830242,0.23761925845327117,0.9063025995885543,-0.0003717521984160088,-0.00039093514103893945,0.006682637996182517,0.04054849629593282,0.0,2026-03-11 12:54:52.827999
0.8301119023397762,0.5060447239692523,0.9528301886792453,0.016581900089259416,0.8641711229946524,0.23762157137135576,0.9063376332024677,-0.0003302734376869898,-0.0003473008682521872,0.006631175866255723,0.04054849629593282,0.0,2026-03-11 12:54:52.835683
0.8301694915254237,0.5060539911227534,0.9528487229862476,0.01660778090504394,0.8642195295794726,0.23762388244933663,0.90637264062792,-0.0002888647424321711,-0.0003037440986142226,0.006579816970290753,0.04054849629593282,0.0,2026-03-11 12:54:52.837139
0.8302270416807862,0.5060632509964796,0.9528672427336999,0.01663364281965806,0.8642679016743855,0.23762619168940924,0.9064076218942649,-0.0003164242340812917,-0.00033272317331456414,0.0066085927245908005,0.04054849629593282,0.0,2026-03-11 12:54:52.844593
0.8302845528455285,0.5060725035990054,0.9528857479387515,0.016659485853799585,0.8643162393162394,0.23762849909376538,0.9064425770308122,-0.0002750854269196745,-0.00028924244090489104,0.006557336752264997,0.04054849629593282,0.0,2026-03-11 12:54:52.846075
0.8303420250592618,0.5060817489388918,0.9529042386185244,0.01668531002813518,0.8643645425418298,0.23763080466459352,0.9064775060668285,-0.00023381633106867028,-0.00024583880199235963,0.006506183394498377,0.04054849629593282,0.0,2026-03-11 12:54:52.853691
0.8303994583615437,0.5060909870246866,0.9529227147901138,0.01671111536330341,0.8644128113879004,0.23763310840407853,0.9065124090315357,-0.0002613446468222591,-0.00027478258079005613,0.00653492201879291,0.04054849629593282,0.0,2026-03-11 12:54:52.855404
0.8304568527918782,0.5061002178649238,0.9529411764705882,0.016736901879912666,0.8644610458911419,0.23763541031440186,0.906547285954113,-0.0002888418395508019,-0.00030369363626525647,0.006563623584900147,0.04054849629593282,0.0,2026-03-11 12:54:52.873338
0.8305142083897158,0.5061094414681243,0.9529596236769894,0.016762669598539788,0.8645092460881935,0.2376377103977415,0.9065821368636957,-0.00031630796200499134,-0.00033257202388115026,0.0065922881644531195,0.04054849629593282,0.0,2026-03-11 12:54:52.881558
0.8302333446060196,0.5060364620848001,0.9529596236769894,0.016567931300855876,0.8642019196587274,0.23734487268896964,0.9064131245339299,-0.00034374306681661526,-0.0003614177989756939,0.0065922881644531195,0.04019241569604182,0.0,2026-03-11 12:54:52.889834
0.8299526707234618,0.5059638413225241,0.9529596236769894,0.01637399992860129,0.8638948116560057,0.23705311489867414,0.9062441752096924,-0.00030254350608915903,-0.0003180860422744569,0.0065922881644531195,0.040391528223064244,0.0,2026-03-11 12:54:52.898386
0.8300101385603245,0.5059730576971956,0.9529780564263323,0.016399758656034765,0.863943161634103,0.23705540750342352,0.9062791130985653,-0.0002614133048916001,-0.0002748309789479819,0.006541237113402154,0.040391528223064244,0.0,2026-03-11 12:54:52.900835
0.8300675675675676,0.5059822668518321,0.9529964747356052,0.016425498631208603,0.8639914772727273,0.2370576982900186,0.9063140249580928,-0.00028881744457365244,-0.00030364170279062463,0.006569864777849377,0.040391528223064244,0.0,2026-03-11 12:54:53.016837
0.8301249577845322,0.5059914687949144,0.9530148786217698,0.01645121987459505,0.8640397586084487,0.23705998726062164,0.9063489108173525,-0.0003161906715206664,-0.0003324199272269901,0.0065984555984556215,0.040391528223064244,0.0,2026-03-11 12:54:53.018131
0.8301823092505064,0.5060006635349101,0.9530332681017613,0.016476922406633874,0.8640880056777857,0.23706227441739144,0.9063837707053788,-0.0002751296548498816,-0.00028923886791920594,0.006547506547506576,0.040391528223064244,0.0,2026-03-11 12:54:53.025496
0.8299021262234222,0.505928398756763,0.9530332681017613,0.01628381262548771,0.8637814827953175,0.2367715786925749,0.9062151097878677,-0.00023413764829116612,-0.000246134100235329,0.006547506547506576,0.04058853373921867,0.0,2026-03-11 12:54:53.032511
0.8296221322537112,0.5058564873516141,0.9530332681017613,0.016091500690198903,0.8634751773049646,0.23648194974172676,0.906046511627907,-0.00026148001477932503,-0.000274877400695539,0.006547506547506576,0.04023569023569018,0.0,2026-03-11 12:54:53.035031
0.8293423271500843,0.505670056743613,0.952660406885759,0.015557742782151966,0.8634751773049646,0.23643568505386517,0.9058779761904763,0.0002745887087228782,0.0002886577415019964,0.0059329737786329995,0.04023569023569018,0.0,2026-03-11 12:54:53.043428
0.8290627107215105,0.505483771955407,0.9522878373093469,0.015025853113443795,0.8634751773049646,0.23638944750867796,0.9057095034405802,-0.0005241186835538425,-0.0005514358234210981,0.006880130414412378,0.04023569023569018,0.0,2026-03-11 12:54:53.051718
0.8291203235591507,0.5054930980231729,0.9523064894448788,0.01505182166459151,0.8635235732009926,0.2363917625368924,0.90574456218628,-0.0004825597882597288,-0.0005076886739678876,0.006828389429781367,0.04023569023569018,0.0,2026-03-11 12:54:53.059244
0.829177897574124,0.5055024168021012,0.9523251270027354,0.015077771348830904,0.8635719347980156,0.23639407573313956,0.9057795948708418,-0.00044107056420672475,-0.00046401867998113744,0.006776751514840917,0.04023569023569018,0.0,2026-03-11 12:54:53.067687
0.8288986190636578,0.5053164158007335,0.951953125,0.014548015769825161,0.8635719347980156,0.2363479005054829,0.9056112969156448,-0.0012371717743647759,-0.0013026305984051856,0.007720241237542225,0.04023569023569018,0.0,2026-03-11 12:54:53.087989
0.828956228956229,0.5053257962917527,0.9519718859820383,0.0145740832905533,0.8636202621324832,0.23635022945254616,0.9056463595839525,-0.0012647697949205172,-0.001331688831688771,0.0077491718783972985,0.04023569023569018,0.0,2026-03-11 12:54:53.103247
0.8286772130595759,0.505254235673946,0.9519718859820383,0.014383040682209483,0.863314447592068,0.23606182149953922,0.9054781801299907,-0.0012923367541138875,-0.0013607143601517269,0.0077491718783972985,0.03988603988603978,0.0,2026-03-11 12:54:53.112518
0.8287348586810229,0.5052636088421774,0.9519906323185011,0.014409094225938208,0.8633628318584071,0.23606414576594423,0.9055132726935214,-0.0012502854936273788,-0.001316379880955676,0.007696750090715354,0.03988603988603978,0.0,2026-03-11 12:54:53.121856
0.8287924655230406,0.5052729746961925,0.9520093640265314,0.014435128866936198,0.8634111818825194,0.23606646819578403,0.9055483392095007,-0.0012778214438676772,-0.001345371476142665,0.007725643569539642,0.03988603988603978,0.0,2026-03-11 12:54:53.133339
0.8288500336247479,0.5052823332445493,0.9520280811232449,0.01446114462577037,0.8634594977007428,0.2360687887912349,0.9055833797069189,-0.0012358405032146802,-0.0013011137692295893,0.0076733258966298346,0.03988603988603978,0.0,2026-03-11 12:54:53.150657
0.8289075630252101,0.5052916844957923,0.952046783625731,0.014487141522971463,0.8635077793493635,0.23607110755446975,0.9056183942147228,-0.0011939297061551724,-0.0012569339122847634,0.0076211120286264755,0.03988603988603978,0.0,2026-03-11 12:54:53.160406
0.8289650537634409,0.5053010284584529,0.9520654715510523,0.014513119579049766,0.8635560268646165,0.23607342448765783,0.9056533827618165,-0.0012214346997341252,-0.001285890356712116,0.007649968416977404,0.03988603988603978,0.0,2026-03-11 12:54:53.170206
0.8290225058784011,0.5053103651410491,0.9520841449162446,0.014539078814475997,0.8636042402826856,0.23607573959296527,0.9056883453770612,-0.00117959387061628,-0.001241786869067063,0.0075978580452435995,0.03988603988603978,0.0,2026-03-11 12:54:53.180083
0.8290799194089993,0.5053196945520857,0.9521028037383178,0.014565019249696953,0.8636524196397033,0.23607805287255457,0.9057232820892758,-0.0012070679597081524,-0.0012707095041566419,0.0076266774144946314,0.03988603988603978,0.0,2026-03-11 12:54:53.196289
0.829137294394092,0.5053290167000541,0.9521214480342546,0.01459094090512972,0.8637005649717514,0.23608036432858484,0.9057581929272358,-0.0012345111963697475,-0.0012995996601501414,0.007655459835836487,0.03988603988603978,0.0,2026-03-11 12:54:53.214722
0.8291946308724832,0.5053383315934327,0.9521400778210116,0.014616843801158316,0.8637486763148605,0.23608267396321192,0.9057930779196742,-0.0011927401601278254,-0.0012555710728650027,0.0076034526529576985,0.03988603988603978,0.0,2026-03-11 12:54:53.229937
0.8292519288829252,0.5053476392406865,0.9521586931155193,0.014642727958141833,0.8637967537050106,0.23608498177858808,0.9058279370952821,-0.0012201525962993731,-0.0012844275355250456,0.007632198197398243,0.03988603988603978,0.0,2026-03-11 12:54:53.241514
0.829309188464118,0.5053569396502674,0.9521772939346812,0.014668593396407307,0.8638447971781306,0.23608728777686233,0.9058627704827077,-0.0011784511784511675,-0.0012404749246854863,0.007580293897175849,0.03988603988603978,0.0,2026-03-11 12:54:53.258640
0.82936640965471,0.5065022722714768,0.9521772939346812,0.017785787800944083,0.8638447971781306,0.24066226725781428,0.9058627704827077,-0.0006449803701626955,-0.0006789267054343462,0.007580293897175849,0.04404404404404394,0.0,2026-03-11 12:54:53.269386
0.8294235924932976,0.5065115654518237,0.952195880295375,0.017811691670977726,0.8638928067700987,0.24066461609237746,0.9058975781105565,-0.0006726457399103269,-0.0007080481472740985,0.007609002635541651,0.04404404404404394,0.0,2026-03-11 12:54:53.294905
0.8294807370184255,0.5065208514113624,0.9522144522144522,0.01783757682007062,0.863940782516743,0.24066696307899726,0.9059323600073924,-0.0007002801120448154,-0.000737136960047069,0.007637674638477643,0.04404404404404394,0.0,2026-03-11 12:54:53.305875
0.8295378432685867,0.5065301301585051,0.9522330097087378,0.017863443268510422,0.8639887244538408,0.24066930821985383,0.9059671162017365,-0.0006586481386892107,-0.000693283448348625,0.00758587291592383,0.04404404404404394,0.0,2026-03-11 12:54:53.322905
0.829594911282223,0.5065394017016518,0.952251552795031,0.01788929103655759,0.8640366326171187,0.24067165151712408,0.9060018467220684,-0.0006170854365039613,-0.0006495067378964325,0.00753417346725449,0.04404404404404394,0.0,2026-03-11 12:54:53.340018
0.8296519410977242,0.5065486660491886,0.9522700814901047,0.017915120144436372,0.8640845070422535,0.2406739929729814,0.9060365515968247,-0.0006446888630929903,-0.0006785604320820315,0.007562808805225085,0.04404404404404394,0.0,2026-03-11 12:54:53.357216
0.8297089327534293,0.5065579232094892,0.952288595810706,0.017940930612351066,0.8641323477648716,0.24067633258959586,0.9060712308544012,-0.00067226139608767,-0.0007075816095423182,0.007591407548514617,0.04404404404404394,0.0,2026-03-11 12:54:53.377711
0.8297658862876254,0.506567173190914,0.9523070957735557,0.01796672246046761,0.8641801548205489,0.24067867036913396,0.9061058845231508,-0.000699803087322759,-0.0007365703248354283,0.0076199697672277855,0.04404404404404394,0.0,2026-03-11 12:54:53.395305
0.8298228017385489,0.5065764160018107,0.9523255813953488,0.01799249570893049,0.8642279282448119,0.24068100631375905,0.9061405126313848,-0.0006583094835618253,-0.0006928664118328598,0.007568372289857739,0.04404404404404394,0.0,2026-03-11 12:54:53.898852
0.8295454545454546,0.5065025965229172,0.9523255813953488,0.017796453068034696,0.8639240506329114,0.24038874026021378,0.9059734513274337,-0.0006168848060529308,-0.0006492389042724866,0.007568372289857739,0.04423897581792313,0.0,2026-03-11 12:54:53.906169
0.8296024056130973,0.5065118321716201,0.9523440526927548,0.017822212842185513,0.8639718804920914,0.2403910715377046,0.9060081091043126,-0.0005755288831955641,-0.0006056876019655544,0.007516876482393742,0.04423897581792313,0.0,2026-03-11 12:54:53.907273
0.8296593186372746,0.5065210606664511,0.9523625096824168,0.017847954058949914,0.8640196767392833,0.24039340098682144,0.9060427413411939,-0.0005342415439580916,-0.0005622123054218608,0.00746548204462949,0.04423897581792313,0.0,2026-03-11 12:54:53.914468
0.8297161936560935,0.5065302820157189,0.9523809523809523,0.017873676738372698,0.8640674394099052,0.24039572860971478,0.9060773480662984,-0.0004930226178759822,-0.0005188128158468697,0.007414188677539291,0.04423897581792313,0.0,2026-03-11 12:54:53.915674
0.8297730307076101,0.5065394962277195,0.9523993808049536,0.017899380900470486,0.8641151685393258,0.2403980544085317,0.9061119293078056,-0.000520533519070554,-0.0005477628225964981,0.007442714441601939,0.04423897581792313,0.0,2026-03-11 12:54:53.916955
0.8298298298298298,0.506548703310736,0.9524177949709864,0.017925066565233475,0.8641628641628641,0.24040037838541584,0.9061464850938535,-0.00047938283624360256,-0.0005044376883120982,0.0073915218473351585,0.04423897581792313,0.0,2026-03-11 12:54:53.924336
0.8298865910607072,0.5065579032730385,0.9524361948955916,0.01795073375262025,0.8642105263157894,0.24040270054250754,0.9061810154525386,-0.0005068629990011564,-0.0005333540965100081,0.007420011226494605,0.04423897581792313,0.0,2026-03-11 12:54:53.925684
0.8296098699566522,0.5064844412734617,0.9524361948955916,0.017755518394863234,0.8639074009119607,0.24011147972022856,0.906014346146772,-0.0005343124748097283,-0.0005622382139112148,0.007420011226494605,0.04387538352607978,0.0,2026-03-11 12:54:53.933179
0.8296666666666667,0.506493634123308,0.9524545805952841,0.017781172152911254,0.8639551192145862,0.24011379724883467,0.9060489060489061,-0.0005617313150425574,-0.0005910900945744757,0.007448464290320422,0.04387538352607978,0.0,2026-03-11 12:54:53.934635
0.829723425524825,0.5065028198689425,0.9524729520865534,0.01780680747550302,0.8640028040658956,0.24011611296411822,0.9060834405440177,-0.0005891195709584185,-0.00061990979243709,0.007476881108205213,0.04387538352607978,0.0,2026-03-11 12:54:53.942263
0.829780146568954,0.5065119985185975,0.9524913093858632,0.017832424382504014,0.8640504555010512,0.24011842686820686,0.9061179496601139,-0.0006164772937016227,-0.0006486973613166747,0.007505261749364389,0.04387538352607978,0.0,2026-03-11 12:54:53.959852
0.8298368298368298,0.5065211700804921,0.9525096525096525,0.01785802289375273,0.8640980735551663,0.24012073896322514,0.9061524334251606,-0.0006438045343024612,-0.0006774528549104986,0.007533606282837724,0.04387538352607978,0.0,2026-03-11 12:54:53.961909
0.8298934753661784,0.506530334562833,0.9525279814743343,0.017883603029054288,0.8641456582633054,0.240123049251294,0.9061868918670829,-0.0006027219253924576,-0.0006341956551778605,0.007482514164712684,0.04387538352607978,0.0,2026-03-11 12:54:53.970085
0.8299500831946756,0.506539491973814,0.9525462962962963,0.017909164808190985,0.8641932096604831,0.24012535773453117,0.9062213250137641,-0.0005617072216210772,-0.0005910136853577441,0.007431522227211551,0.04387538352607978,0.0,2026-03-11 12:54:54.060139
0.8300066533599467,0.5065486423216166,0.9525645969919013,0.017934708250911455,0.8642407277816655,0.24012766441505118,0.9062557328930472,-0.0005890040309962652,-0.0006197346760916655,0.007459830721862848,0.04387538352607978,0.0,2026-03-11 12:54:54.067702
0.8300631858995676,0.5065577856144091,0.9525828835774865,0.017960233376941283,0.8642882126617698,0.2401299692949651,0.9062901155327342,-0.0005480570641428484,-0.0005766265027602469,0.007408938670625087,0.04387538352607978,0.0,2026-03-11 12:54:54.068922
0.8301196808510638,0.5065669218603479,0.9526011560693641,0.017985740205975275,0.8643356643356643,0.24013227237638074,0.9063244729605866,-0.0005753234930958584,-0.0006053142920408039,0.0074372111951434006,0.04387538352607978,0.0,2026-03-11 12:54:54.076241
0.8301761382519109,0.5065760510675765,0.9526194144838213,0.018011228757677356,0.8643830828381684,0.24013457366140273,0.9063588052043247,-0.0006025595923169202,-0.000633970170543785,0.007465447818043369,0.04387538352607978,0.0,2026-03-11 12:54:54.077541
0.8302325581395349,0.5065851732442257,0.9526376588371197,0.018036699051687977,0.8644304682040531,0.2401368731521323,0.9063931122916286,-0.0006297654123837981,-0.0006625941914828459,0.007493648607665437,0.04387538352607978,0.0,2026-03-11 12:54:54.085302
0.8299568249750914,0.5065120661335357,0.9526376588371197,0.017842330524618654,0.8641285365001746,0.2398466774290174,0.9062271062271062,-0.0005888860147826858,-0.0006195571613858419,0.007493648607665437,0.04406827412955183,0.0,2026-03-11 12:54:54.086738
0.8300132802124834,0.506521181287724,0.9526558891454965,0.017867787542988584,0.8641759776536313,0.23984897235087652,0.9062614426949835,-0.0006160616061606783,-0.0006481481481481755,0.007521813632177077,0.04406827412955183,0.0,2026-03-11 12:54:54.094335
0.8300696979754397,0.5065302894275576,0.9526741054251635,0.017893226344920382,0.8642233856893543,0.2398512654847992,0.9062957540263543,-0.0006432070192028405,-0.0006767073847864236,0.007549942959572675,0.04406827412955183,0.0,2026-03-11 12:54:54.095839
0.8301260783012607,0.5065393905611297,0.9526923076923077,0.017918646949960326,0.8642707606420098,0.23985355683287438,0.9063300402488108,-0.0006703223041505391,-0.0007052349241583045,0.007578036657674647,0.04406827412955183,0.0,2026-03-11 12:54:54.103533
0.8301824212271973,0.5065484846965214,0.9527104959630911,0.017944049377626416,0.8643181025462155,0.2398558463971877,0.9063643013899049,-0.000629510308688741,-0.0006622688676838351,0.0075272441994921335,0.04406827412955183,0.0,2026-03-11 12:54:54.183191
0.830238726790451,0.5065575718418014,0.952728670253651,0.017969433647408894,0.8643654114365411,0.23985813417982157,0.906398537477148,-0.0006565955156720982,-0.000690763539037409,0.007555302335950809,0.04406827412955183,0.0,2026-03-11 12:54:54.184321
0.8302949950281737,0.5065666520050258,0.9527468305800999,0.01799479977876885,0.8644126873475079,0.23986042018285528,0.9064327485380118,-0.0006836506947096588,-0.0007192266198463582,0.007583324978245765,0.04406827412955183,0.0,2026-03-11 12:54:54.191501
0.8300198807157058,0.5064938972177608,0.9527468305800999,0.017801247736779574,0.8641114982578397,0.23957125742530835,0.9062671295450393,-0.0006429059348254107,-0.0006763325865495329,0.007583324978245765,0.04425915545590431,0.0,2026-03-11 12:54:54.192751
0.8300761841669427,0.5065029704069736,0.9527649769585254,0.017826600636583353,0.864158829676071,0.2395735388970789,0.9063013698630136,-0.0006022282445046212,-0.0006335128286347746,0.00753263182105679,0.04425915545590431,0.0,2026-03-11 12:54:54.200632
0.8301324503311258,0.506512036630206,0.9527831094049904,0.0178519354388812,0.8642061281337048,0.23957581859553834,0.9063355851743655,-0.000629253445504574,-0.0006619419361801882,0.007560619036496852,0.04425915545590431,0.0,2026-03-11 12:54:54.202380
0.8301886792452831,0.5065210958954776,0.9528012279355333,0.017877252163046642,0.8642533936651584,0.2395780965227536,0.9063697755064792,-0.0006562487182641963,-0.000690339560771358,0.007588570892220536,0.04425915545590431,0.0,2026-03-11 12:54:54.210278
0.8302448709463931,0.5065301482107949,0.952819332566168,0.017902550828419832,0.8643006263048016,0.23958037268078858,0.9064039408866995,-0.0006156379320393368,-0.0006475914579238129,0.007537976745104258,0.04425915545590431,0.0,2026-03-11 12:54:54.218188
0.8303010254713861,0.5065391935841526,0.9528374233128835,0.017927831454319514,0.8643478260869565,0.23958264707170368,0.9064380813423307,-0.000575093884986666,-0.0006049172498088229,0.0074874813182750355,0.04425915545590431,0.0,2026-03-11 12:54:54.220095
0.8303571428571429,0.506548232023533,0.9528555001916443,0.017953094060032718,0.8643949930458971,0.2395849196975565,0.9064721969006381,-0.0005346164127238984,-0.0005623167449892996,0.007437084323076992,0.04425915545590431,0.0,2026-03-11 12:54:54.228746
0.8304132231404958,0.5065572635369062,0.9528735632183908,0.017978338664818457,0.8644421272158499,0.23958719056040106,0.9065062875888463,-0.0005615818069304446,-0.0005906793098802154,0.007465000886053508,0.04425915545590431,0.0,2026-03-11 12:54:54.236858
0.8304692663582287,0.5065662881322301,0.9528916124090386,0.01800356528791207,0.8644892286309938,0.2395894596622885,0.9065403534341411,-0.0005211707456146408,-0.0005481511120830618,0.007414702034955201,0.04425915545590431,0.0,2026-03-11 12:54:54.255216
0.8305252725470763,0.5065753058174505,0.9529096477794793,0.01802877394851677,0.8645362973254602,0.23959172700526665,0.9065743944636678,-0.0005481063108452311,-0.0005764810982920032,0.00744258337198489,0.04425915545590431,0.0,2026-03-11 12:54:54.263933
0.8302509907529723,0.5065029008128166,0.9529096477794793,0.017836047697418148,0.8642361111111111,0.2393035829118316,0.9064093226511288,-0.0005077614971711331,-0.0005340250228869081,0.00744258337198489,0.04444805873742419,0.0,2026-03-11 12:54:54.272782
0.8303070320237702,0.5065119115958668,0.9529276693455798,0.017861243234378207,0.8642832349878514,0.23930584577324637,0.9064433927921369,-0.0005346672828934196,-0.0005623224871809107,0.00747042954969912,0.04444805873742419,0.0,2026-03-11 12:54:54.282446
0.8303630363036304,0.5065209154846684,0.9529456771231829,0.017886420849246052,0.8643303261623873,0.2393081068819484,0.9064774381368269,-0.0005615433384658086,-0.0005905886835588792,0.007498240634561837,0.04444805873742419,0.0,2026-03-11 12:54:54.291485
0.8304190036291653,0.5065299124871304,0.9529636711281071,0.017911580561138122,0.8643773846687478,0.23931036623997357,0.9065114587122589,-0.0005212646096623974,-0.0005482033491799321,0.0074480396411504834,0.04444805873742419,0.0,2026-03-11 12:54:54.300616
0.8304749340369393,0.5065389026111503,0.9529816513761468,0.01793672238914348,0.8644244105409153,0.23931262384935453,0.9065454545454544,-0.0004810518034922273,-0.0005058909671837863,0.007397936220126633,0.04444805873742419,0.0,2026-03-11 12:54:54.309780
0.8305308275634685,0.506547885864613,0.9529996178830722,0.017961846352322428,0.864471403812825,0.23931487971212095,0.9065794256633951,-0.0005078981781638792,-0.0005341235574150005,0.007425712278434138,0.04444805873742419,0.0,2026-03-11 12:54:54.319031
0.8305866842452209,0.5065568622553916,0.9530175706646294,0.01798695246971078,0.8645183645183645,0.2393171338302992,0.9066133720930232,-0.00046775113291941395,-0.000491882747687411,0.007375706145606564,0.04444805873742419,0.0,2026-03-11 12:54:54.335336
0.8306425041186162,0.5065658317913472,0.9530355097365406,0.018012040760315335,0.8645652926913752,0.23931938620591267,0.9066472938612422,-0.0004945678758309091,-0.0005200829855041,0.0074034472434882925,0.04444805873742419,0.0,2026-03-11 12:54:54.344862
0.830368906455863,0.5064937740529226,0.9530355097365406,0.017820125283622697,0.8642659279778393,0.2390322602642472,0.9064826584347193,-0.0004544864303337448,-0.0004779135659178646,0.0074034472434882925,0.04463501456243357,0.0,2026-03-11 12:54:54.354480
0.8304247612775766,0.5065027367419042,0.9530534351145038,0.01784520051517376,0.864312911041883,0.239034508199093,0.90651660918497,-0.000481273590517306,-0.000506081507554379,0.007431153446907257,0.04463501456243357,0.0,2026-03-11 12:54:54.364193
0.8304805793285056,0.5065116925917488,0.953071346814193,0.017870257959948427,0.8643598615916955,0.23903675439749694,0.9065505352930503,-0.00044125758411472926,-0.00046398329660135573,0.007381244319186964,0.04463501456243357,0.0,2026-03-11 12:54:54.373033
0.8302073050345509,0.5064399796271922,0.953071346814193,0.01767912470103645,0.8640608785887236,0.23875065405033194,0.9063860667634251,-0.0004680152104943325,-0.0004921189981592633,0.007381244319186964,0.0442746686303388,0.0,2026-03-11 12:54:54.389936
0.8302631578947368,0.506448928645725,0.9530892448512586,0.01770416904625904,0.8641078838174274,0.23875289582793252,0.9064200217627856,-0.0004280644830580993,-0.00045009181494792827,0.007331431914582409,0.0442746686303388,0.0,2026-03-11 12:54:54.399006
0.8303189740217034,0.506457870840759,0.9531071292413267,0.017729195644634727,0.8641548565502938,0.23875513587518465,0.9064539521392313,-0.0004547926244500289,-0.00047819533239779055,0.0073591032893358665,0.0442746686303388,0.0,2026-03-11 12:54:54.408164
0.8303747534516766,0.5064668062200957,0.953125,0.01775420451501992,0.864201796821009,0.23875737419409146,0.906487857919536,-0.0004814913295627665,-0.0005062678988370095,0.00738673990105565,0.0442746686303388,0.0,2026-03-11 12:54:54.417369
0.8304304962208348,0.5064757347915243,0.9531428571428572,0.017779195676244676,0.8642487046632125,0.23875961078665262,0.9065217391304348,-0.0005081606469979905,-0.0005343095653684848,0.007414341815208947,0.0442746686303388,0.0,2026-03-11 12:54:54.426605
0.8301576872536137,0.5064043641322877,0.9531428571428572,0.017588849408586286,0.863950276243094,0.23847452458254773,0.9063575439232023,-0.0005348006252501314,-0.0005623203829816514,0.007414341815208947,0.043917525773195853,0.0,2026-03-11 12:54:54.444931
0.8302134646962234,0.5064132859035857,0.9531607006854531,0.017613827472354363,0.8639972385226096,0.23847675678225969,0.9063914539199709,-0.0005614113127069276,-0.0005903004025546998,0.007441909097098631,0.043917525773195853,0.0,2026-03-11 12:54:54.462222
0.83026920551543,0.5064222008825189,0.9531785306433194,0.017638787866690025,0.8640441683919945,0.238478987261673,0.9064253393665159,-0.000587992757650091,-0.000618249674853244,0.0074694418118635975,0.043917525773195853,0.0,2026-03-11 12:54:54.479789
0.8299967180833607,0.5062408503249383,0.9528158295281582,0.017117585005673317,0.8640441683919945,0.23843361023010215,0.9062613101701049,-6.539618892509313e-05,-6.876134444433468e-05,0.006870373608439673,0.043917525773195853,0.0,2026-03-11 12:54:54.497342
0.8300524934383202,0.5062498241116389,0.9528337771015595,0.017142657939917563,0.8640910658847879,0.23843585582911347,0.9062952243125905,-9.22206921744051e-05,-9.696618233778764e-05,0.006898229723366955,0.043917525773195853,0.0,2026-03-11 12:54:54.515869
0.8297802558215809,0.5060686770057261,0.9524714828897338,0.01662336306481395,0.8640910658847879,0.23839052150874382,0.9061313076505698,0.00042953058570971425,0.00045163336027453926,0.006300268746786131,0.043917525773195853,0.0,2026-03-11 12:54:54.543147
0.8298360655737705,0.5060777094111062,0.9524895477004941,0.016648547911167065,0.8641379310344828,0.23839278218495105,0.906165250406798,0.00040246415385936096,0.0004231741446240056,0.0063284465581685545,0.043917525773195853,0.0,2026-03-11 12:54:54.561186
0.8298918387413963,0.5060867349529564,0.9525075987841946,0.016673714959582277,0.864184763874526,0.23839504112190588,0.9061991686246159,0.0003754273838522115,0.0003947461171550648,0.006356589147286762,0.043917525773195853,0.0,2026-03-11 12:54:55.124140
0.8299475753604194,0.5060957536390969,0.9525256361564755,0.016698864228922562,0.8642315644383184,0.23839729832161496,0.9062330623306233,0.0003484202269555814,0.00036634922662737157,0.006384696580141291,0.043917525773195853,0.0,2026-03-11 12:54:55.125316
0.830003275466754,0.506104765477336,0.9525436598329536,0.01672399573801891,0.8642783327592146,0.23839955378608194,0.9062669315513816,0.0003214426345439225,0.00033798342191326824,0.006412768922567702,0.043917525773195853,0.0,2026-03-11 12:54:55.132220
0.8300589390962672,0.5061137704754701,0.952561669829222,0.016749109505677175,0.8643250688705234,0.23840180751730727,0.9063007763134139,0.00029449455809760217,0.0003096486519962305,0.006440806240237573,0.043917525773195853,0.0,2026-03-11 12:54:55.133458
0.8301145662847791,0.506122768641284,0.9525796661608498,0.016774205550681126,0.8643717728055077,0.23840405951728838,0.9063345966432051,0.00026757594920345795,0.0002813448659720885,0.006468808598658393,0.043917525773195853,0.0,2026-03-11 12:54:55.140762
0.8301701570680629,0.5061317599825504,0.9525976488433826,0.016799283891780276,0.8644184445973847,0.2384063097880197,0.9063683925672019,0.0003074615572794537,0.00032326934942750185,0.006419092636269941,0.043917525773195853,0.0,2026-03-11 12:54:55.142084
0.830225711481845,0.5061407445070305,0.9526156178923427,0.016824344547704352,0.8644650842793258,0.23840855833149244,0.9064021641118124,0.0003472822050817337,0.00036512204438388096,0.006369472836284529,0.043917525773195853,0.0,2026-03-11 12:54:55.149526
0.8299542184434271,0.5060697137080761,0.9526156178923427,0.016635127948252292,0.8641678129298487,0.2381245694774689,0.9062387306166607,0.0003203930154322965,0.000336851560745588,0.006369472836284529,0.04356354347231095,0.0,2026-03-11 12:54:55.150952
0.830009807126512,0.506078691423519,0.9526335733232285,0.016660175689126217,0.8642145067033344,0.23812681361929378,0.9062725306416727,0.00029353319682556833,0.0003086119569364332,0.006397440300800805,0.04356354347231095,0.0,2026-03-11 12:54:55.159775
0.8300653594771242,0.5060876623376623,0.9526515151515151,0.01668520578420451,0.8642611683848798,0.23812905603988635,0.9063063063063063,0.0003332890429227353,0.0003503954095398498,0.006347916384486951,0.04356354347231095,0.0,2026-03-11 12:54:55.168259
0.8301208755308722,0.5060966264582318,0.9526694433926542,0.016710218252129073,0.8643077980075575,0.2381312967412263,0.9063400576368875,0.00030645854726207844,0.00032218781401638363,0.006375849020280322,0.04356354347231095,0.0,2026-03-11 12:54:55.176728
0.8301763553233181,0.5061055837929418,0.9526873580620742,0.01673521311151474,0.8643543956043956,0.23813353572529053,0.9063737846597046,0.00027965732655588216,0.00029401099601122915,0.00640374689237011,0.04356354347231095,0.0,2026-03-11 12:54:55.302604
0.8299053215801502,0.5060348904324623,0.9526873580620742,0.016546771900438087,0.8640576725025747,0.23785054865476468,0.9062106210621063,0.00025288533291689674,0.000265864905179547,0.00640374689237011,0.04321267995821787,0.0,2026-03-11 12:54:55.303877
0.8299608355091384,0.506043840989015,0.9527052591751797,0.01657175384600223,0.8641043239533288,0.2378527832648583,0.9062443764621199,0.0002925765353618548,0.0003075804602522547,0.006354318582072138,0.04321267995821787,0.0,2026-03-11 12:54:55.311416
0.8300163132137031,0.5060527847751014,0.9527231467473525,0.0165967182222115,0.8641509433962264,0.23785501616365656,0.9062781075733046,0.00026583372100741354,0.0002794662195205744,0.006382181755316019,0.04321267995821787,0.0,2026-03-11 12:54:55.312948
0.830071754729289,0.5060617217984006,0.9527410207939508,0.016621665047593742,0.8641975308641975,0.2378572473531249,0.9063118144218665,0.0003054604373395886,0.0003211116980059714,0.00633284877444984,0.04321267995821787,0.0,2026-03-11 12:54:55.320638
0.8301271600912944,0.5060706520665802,0.95275888133031,0.016646594340650585,0.8642440863901268,0.23785947683522551,0.9063454970339746,0.0003450228245868159,0.00036268610912193466,0.0062836108474966235,0.04321267995821787,0.0,2026-03-11 12:54:55.322309
0.8298565840938722,0.5060002937457238,0.95275888133031,0.016458923930291896,0.8639479095270733,0.2375774856550684,0.9061826024442847,0.0003845210392674492,0.0004041896346264062,0.0062836108474966235,0.043397718287586096,0.0,2026-03-11 12:54:55.330029
0.8299120234604106,0.5060092172664394,0.9527767283717415,0.016483840311185226,0.8639945186707777,0.23757971079064935,0.9062163133309379,0.0004239552373928035,0.0004456224556581567,0.00623446769999858,0.043397718287586096,0.0,2026-03-11 12:54:55.331856
0.8299674267100977,0.5060181340473361,0.9527945619335347,0.016508739198742968,0.864041095890411,0.23758193422479776,0.90625,0.00039724155464460065,0.00041754350803357987,0.006262296239093024,0.043397718287586096,0.0,2026-03-11 12:54:55.339571
0.8300227938782155,0.5060270440960463,0.9528123820309551,0.016533620611381947,0.8640876412187607,0.23758415595946478,0.9062836624775583,0.0003705569559275812,0.0003894951308471839,0.00629009020857374,0.043397718287586096,0.0,2026-03-11 12:54:55.341081
0.830078125,0.5060359474201914,0.9528301886792453,0.01655848456749175,0.8641341546885695,0.23758637599659835,0.9063173007896627,0.000343901393770607,0.00036147727420177134,0.006317849672816123,0.043397718287586096,0.0,2026-03-11 12:54:55.348697
0.8301334201106411,0.5060448440273813,0.9528479818936251,0.01658333108543841,0.8641806363325351,0.23758859433814358,0.9063509149623251,0.00038327173084629074,0.0004028430532725391,0.006268801031370952,0.043397718287586096,0.0,2026-03-11 12:54:55.366507
0.8301886792452831,0.5060537339252142,0.952865761689291,0.016608160183559883,0.8642270861833106,0.23759081098604257,0.9063845050215208,0.0004225783618749812,0.0004441384823787864,0.006219846623626846,0.043397718287586096,0.0,2026-03-11 12:54:55.374728
0.8302439024390244,0.5060626171212774,0.9528835280814173,0.016632971880169063,0.8642735042735042,0.23759302594223441,0.9064180709931875,0.0003959517889101649,0.000416153410793374,0.006247571646846528,0.043397718287586096,0.0,2026-03-11 12:54:55.376971
0.8302990897269181,0.506071493623146,0.9529012810851545,0.01665776619355309,0.8643198906356802,0.23759523920865536,0.9064516129032258,0.00043519486839305177,0.00045737982345128714,0.006198711201497398,0.043397718287586096,0.0,2026-03-11 12:54:55.385385
0.8303542411439714,0.5060803634383841,0.9529190207156308,0.016682543141975058,0.8643662453023574,0.23759745078723854,0.9064851307774991,0.00040859723735542364,0.00042942632337183984,0.0062264018477509175,0.043397718287586096,0.0,2026-03-11 12:54:55.393854
0.8304093567251462,0.5060892265745447,0.9529367469879518,0.01670730274367017,0.8644125683060109,0.23759966067991434,0.9065186246418339,0.00038202850108259856,0.00040150319102738585,0.00625405818093594,0.043397718287586096,0.0,2026-03-11 12:54:55.402365
0.8304644365053588,0.5060980830391686,0.9529544599171998,0.01673204501684813,0.8644588596790713,0.23760186888860993,0.9065520945220193,0.00035548861251477604,0.00037361037695904376,0.006281680264792033,0.043397718287586096,0.0,2026-03-11 12:54:55.411073
0.8305194805194805,0.5061069328397862,0.952972159518435,0.016756769979696187,0.8645051194539249,0.23760407541524983,0.9065855404438081,0.00039466829445411467,0.0004147702449356361,0.006232913511572069,0.043397718287586096,0.0,2026-03-11 12:54:55.419854
0.8305744888023369,0.5061157759839159,0.9529898458066942,0.01678147765037204,0.8645513476629136,0.2376062802617554,0.9066189624329158,0.00043378473235489157,0.0004558602912533294,0.006184240181250966,0.043397718287586096,0.0,2026-03-11 12:54:55.428534
0.8306294613887086,0.506124612479065,0.9530075187969925,0.01680616804701393,0.8645975443383356,0.2376084834300453,0.9066523605150215,0.00047283807922671173,0.0004968806934246839,0.00613566000562904,0.043397718287586096,0.0,2026-03-11 12:54:55.437309
0.8306843983133312,0.5061334423327295,0.9530251785043217,0.016830841187725872,0.8646437095124446,0.23761068492203496,0.906685734715767,0.0005118284875862411,0.000537831628361185,0.00608717271753223,0.043397718287586096,0.0,2026-03-11 12:54:55.446129
0.830739299610895,0.5061422655523944,0.9530428249436514,0.0168554970905947,0.8646898432174506,0.2376128847396373,0.9067190850607578,0.000550756109458872,0.000578713272375575,0.006038778050807103,0.043397718287586096,0.0,2026-03-11 12:54:55.448991
0.8307941653160453,0.5061510821455331,0.9530604581299287,0.016880135773677873,0.8647359454855196,0.2376150828847619,0.9067524115755629,0.0005896210963808324,0.0006195258011846283,0.005990475740316192,0.043397718287586096,0.0,2026-03-11 12:54:55.457978
0.830848995463383,0.5061598921196078,0.9530780780780781,0.01690475725500851,0.8647820163487738,0.23761727935931576,0.9067857142857143,0.0005631100085601304,0.0005916701104312638,0.006018063638424831,0.043397718287586096,0.0,2026-03-11 12:54:55.467029
0.8309037900874635,0.5061686954820697,0.9530956848030019,0.016929361552596455,0.8648280558392918,0.23761947416520285,0.9068189932167083,0.0005366276746309184,0.0005638446319241597,0.006045617414210613,0.043397718287586096,0.0,2026-03-11 12:54:55.482218
0.8306347150259067,0.5060986698246688,0.9530956848030019,0.016742525527785077,0.8645336963921034,0.23733843388452489,0.9066571479564518,0.0005101740478387073,0.0005360493165371683,0.006045617414210613,0.043049932523616774,0.0,2026-03-11 12:54:55.491428
0.8306895435415992,0.5061074665829578,0.9531132783195799,0.016767117218276846,0.8645797890438924,0.23734062442974935,0.9066904549509367,0.00048374908153048235,0.0005082841152513895,0.006073137130941042,0.043049932523616774,0.0,2026-03-11 12:54:55.500763
0.83042071197411,0.5060377712352616,0.9531132783195799,0.016581028388178425,0.8642857142857143,0.23706057639778635,0.9065287192293972,0.000457352729154481,0.00048054897915383865,0.006073137130941042,0.042705184189900325,0.0,2026-03-11 12:54:55.510273
0.8304755742478163,0.5060465613968065,0.9531308586426697,0.016605607413083534,0.8643318599115947,0.23706276269735946,0.9065620542082738,0.000496155232174611,0.0005212982338050898,0.006024926912557849,0.042705184189900325,0.0,2026-03-11 12:54:55.519681
0.8305304010349288,0.5060553449690249,0.9531484257871065,0.01663016931211819,0.8643779741672332,0.2370649473378872,0.9065953654188947,0.000469787447279435,0.0004935942435942975,0.006052412633344106,0.042705184189900325,0.0,2026-03-11 12:54:55.529223
0.8305851923698675,0.5060641219593233,0.9531659797677032,0.01665471410317509,0.8644240570846076,0.2370671303212575,0.9066286528866715,0.00044344818351449433,0.00046592021984126486,0.006079864421141834,0.042705184189900325,0.0,2026-03-11 12:54:55.538774
0.8306399482870072,0.5060728923750971,0.9531835205992509,0.016679241804123945,0.8644701086956522,0.23706931164935546,0.9066619166369789,0.0004171373946293411,0.00043827611395175214,0.006107282338750908,0.042705184189900325,0.0,2026-03-11 12:54:55.554511
0.8306946688206786,0.5060816562237308,0.9532010482965182,0.01670375243280698,0.864516129032258,0.23707149132406338,0.9066951566951568,0.0003908550344734474,0.0004106618774366577,0.006134666448816772,0.042705184189900325,0.0,2026-03-11 12:54:55.565035
0.8307493540051679,0.5060904135125974,0.9532185628742516,0.01672824600703942,0.8645621181262729,0.23707366934726062,0.9067283730865078,0.0003646010569958724,0.0003830774619112409,0.006162016813830218,0.042705184189900325,0.0,2026-03-11 12:54:55.574977
0.830481110752341,0.5060210461430081,0.9532185628742516,0.01654292238133408,0.8642687478791992,0.2367945948899037,0.9065670048051254,0.00033837541624515133,0.00035552281909545513,0.006162016813830218,0.0423634336677815,0.0,2026-03-11 12:54:55.591036
0.8305358295674629,0.50602979687947,0.9532360643471754,0.016567403331619785,0.864314789687924,0.23679676870151947,0.9066002490660026,0.0003121780663690732,0.00032799790081350366,0.006189333496128158,0.0423634336677815,0.0,2026-03-11 12:54:55.601227
0.8305905130687319,0.5060385410708786,0.9532535527299926,0.016591867265062493,0.8643608002712784,0.2367989408673145,0.9066334696781078,0.0003509182360509344,0.00036868624800290295,0.006141215106732378,0.0423634336677815,0.0,2026-03-11 12:54:55.617388
0.8306451612903226,0.5060472787245739,0.9532710280373832,0.016616314199395698,0.864406779661017,0.23680111138915752,0.9066666666666666,0.00032474913129598715,0.0003411921252856054,0.006168498168498182,0.0423634336677815,0.0,2026-03-11 12:54:55.627717
0.8306997742663657,0.5060560098478853,0.953288490284006,0.016640744152333815,0.8644527278888512,0.23680328026891434,0.9066998400568687,0.0002986082260074685,0.00031372762985593106,0.006195747671762453,0.0423634336677815,0.0,2026-03-11 12:54:55.637981
0.8307543520309478,0.5060647344481312,0.9533059394844976,0.016665157141563847,0.8644986449864499,0.23680544750844798,0.9067329898738676,0.00033728621243156454,0.000354349595859782,0.006147720849235205,0.0423634336677815,0.0,2026-03-11 12:54:55.654346
0.8308088946181115,0.5060734525326187,0.9533233756534727,0.016689553184747106,0.8645445309854385,0.23680761310961873,0.9067661161427809,0.00031117346105280497,0.000326915794664262,0.00617493685587589,0.0423634336677815,0.0,2026-03-11 12:54:55.664760
0.8305412371134021,0.5060044108314312,0.9533233756534727,0.01650499004881667,0.8642518618821936,0.23652950659780478,0.9066051136363635,0.0002850888181255007,0.0002995115239328161,0.00617493685587589,0.04202464202464207,0.0,2026-03-11 12:54:55.681357
0.8305958132045088,0.5060131224074571,0.9533407988055245,0.016529373509646856,0.8642978003384095,0.23653166802111303,0.9066382676606318,0.0003237047708903873,0.0003400672698401497,0.006127001339094829,0.04202464202464207,0.0,2026-03-11 12:54:55.691934
0.8306503541532517,0.5060218274823067,0.9533582089552238,0.01655374006173557,0.8643437077131259,0.23653382781169002,0.9066713981547196,0.00036225883911567003,0.00038055474008114043,0.0060791568679297026,0.04202464202464207,0.0,2026-03-11 12:54:55.708886
0.8303830061152236,0.5059531091614526,0.9533582089552238,0.016369915639366663,0.864051403449442,0.23625669376478312,0.9065105552598901,0.00040075117144311445,0.00042097410692387705,0.0060791568679297026,0.04220779220779225,0.0,2026-03-11 12:54:55.725775
0.8301158301158301,0.5058847119542474,0.9533582089552238,0.016186817455863856,0.8637592968221771,0.2359805315502723,0.9063497694217807,0.0003746945916065503,0.0003936026450097607,0.0060791568679297026,0.041871921182266014,0.0,2026-03-11 12:54:55.736694
0.8301704728208427,0.5058934105351958,0.9533756061171205,0.016211175582912733,0.8638053396417709,0.235982684661634,0.9063829787234043,0.0004131253362021914,0.00043395518508637654,0.0060314031832373605,0.041871921182266014,0.0,2026-03-11 12:54:56.127772
0.8302250803858521,0.5059021026295065,0.953392990305742,0.016235516840603793,0.8638513513513514,0.23598483614777144,0.9064161644806806,0.0003870967741934628,0.0004066142586065524,0.006058585754980417,0.041871921182266014,0.0,2026-03-11 12:54:56.129000
0.8302796528447445,0.5059107882444327,0.9534103615355944,0.016259841246456165,0.8638973319824383,0.23598698601052445,0.9064493267186392,0.0003610961848468097,0.0003793027151751671,0.006085734953400368,0.041871921182266014,0.0,2026-03-11 12:54:56.136332
0.8303341902313625,0.5059194673872167,0.9534277198211625,0.016284148817962335,0.8639432815665091,0.23598913425172988,0.9064824654622742,0.0003994654894031724,0.00041958969541844304,0.006038071797020206,0.041871921182266014,0.0,2026-03-11 12:54:56.137686
0.8303886925795053,0.5059281400650899,0.9534450651769087,0.016308439572593144,0.8639892001349984,0.23599128087322194,0.906515580736544,0.00037349282764975733,0.00039230858722905104,0.006065187683540252,0.041871921182266014,0.0,2026-03-11 12:54:56.145066
0.8304431599229287,0.5059368062852729,0.9534623976172748,0.016332713527794453,0.8640350877192983,0.23599342587683206,0.9065486725663717,0.0003475480485176652,0.0003650567663271431,0.006092270319432935,0.041871921182266014,0.0,2026-03-11 12:54:56.146526
0.8304975922953451,0.5059454660549757,0.9534797171566803,0.016356970700987086,0.8640809443507589,0.23599556926438875,0.9065817409766455,0.00032163110713145926,0.0003378341855764244,0.00611931976582103,0.041871921182266014,0.0,2026-03-11 12:54:56.154003
0.8305519897304237,0.5059541193813974,0.9534970238095238,0.016381211109569856,0.8641267700606878,0.23599771103771808,0.906614785992218,0.00029574195871184816,0.00031064079794163035,0.006146336083676984,0.041871921182266014,0.0,2026-03-11 12:54:56.155559
0.8306063522617901,0.5059627662717266,0.9535143175901822,0.01640543477091568,0.8641725648803505,0.23599985119864306,0.9066478076379066,0.0002698805585755748,0.0002834765564887487,0.0061733193338244785,0.041871921182266014,0.0,2026-03-11 12:54:56.173171
0.8306606799230276,0.5059714067331411,0.9535315985130112,0.016429641702374008,0.8642183288409704,0.23600198974898415,0.9066808059384941,0.0003081885703132281,0.0003237014178122388,0.006125746448573888,0.041871921182266014,0.0,2026-03-11 12:54:56.181276
0.8307149727476756,0.5059800407728079,0.9535488665923448,0.01645383192127069,0.8642640619737285,0.23600412669055898,0.9067137809187279,0.00028235487387295866,0.0002965673675242586,0.006152696691687498,0.041871921182266014,0.0,2026-03-11 12:54:56.189470
0.8307692307692308,0.5059886683978837,0.9535661218424963,0.01647800544490663,0.8643097643097644,0.2360062620251825,0.9067467326033204,0.00025654883663661643,0.00026946236868208295,0.006179613988293697,0.041871921182266014,0.0,2026-03-11 12:54:56.191715
0.8308234540211471,0.505997289615514,0.9535833642777571,0.016502162290560205,0.864355435880175,0.23600839575466678,0.9067796610169492,0.00023077041420727085,0.00024238637465390234,0.006206498398770854,0.041871921182266014,0.0,2026-03-11 12:54:56.200029
0.8308776425368354,0.5060059044328344,0.9536005939123979,0.016526302475484627,0.8644010767160162,0.2360105278808214,0.906812566184257,0.00020501956228324847,0.0002153393389082714,0.006233349983350012,0.041871921182266014,0.0,2026-03-11 12:54:56.208471
0.8309317963496637,0.5060145128569694,0.9536178107606679,0.016550426016911004,0.8644466868483014,0.23601265840545313,0.9068454481298518,0.00024326642795258202,0.00025550111837768785,0.006185867113019494,0.041871921182266014,0.0,2026-03-11 12:54:56.216938
0.8309859154929577,0.5060231148950332,0.9536350148367952,0.016574532932046356,0.8644922663080027,0.2360147873303659,0.9068783068783068,0.0002175431023268004,0.00022848407981179708,0.0062126859317845895,0.041871921182266014,0.0,2026-03-11 12:54:56.225495
0.83104,0.506031710554129,0.953652206154987,0.016598623238072183,0.8645378151260504,0.2360169146573611,0.9069111424541608,0.00025572896821035584,0.00026857967013049766,0.006165292821133317,0.041871921182266014,0.0,2026-03-11 12:54:56.228094
0.8310940499040307,0.5060402998413501,0.9536693847294292,0.016622696952148235,0.8645833333333334,0.23601904038823737,0.9069439548819176,0.0002300331247699905,0.00024159257827605085,0.00619207893402185,0.041871921182266014,0.0,2026-03-11 12:54:56.236846
0.8311480652382475,0.5060488827637789,0.9536865505742868,0.016646754091407923,0.8646288209606987,0.23602116452479052,0.9069767441860463,0.00020436471949658586,0.00021463430339085932,0.006218832400825325,0.041871921182266014,0.0,2026-03-11 12:54:56.245629
0.8308823529411765,0.5059808044246725,0.9536865505742868,0.016464456981999286,0.8643384822028207,0.23574592109060097,0.9068169807997182,0.00024248973141072216,0.00025466494805059803,0.006218832400825325,0.04205321197269385,0.0,2026-03-11 12:54:56.443683
0.8309364014062001,0.505989380989381,0.9537037037037037,0.01648850172104303,0.8643840214837194,0.2357480411593535,0.9068497974995597,0.0002168487203799696,0.0002277365222400629,0.006245553281189253,0.04205321197269385,0.0,2026-03-11 12:54:56.451265
0.8309904153354633,0.5059979512034306,0.953720844131803,0.016512529921535388,0.8644295302013423,0.23575015963922183,0.9068825910931174,0.00019123505976104127,0.0002008368200837607,0.006272241634614151,0.04205321197269385,0.0,2026-03-11 12:54:56.452687
0.8310443947620568,0.5060065150738726,0.9537379718726869,0.016536541600534894,0.8644750083864475,0.23575227653199177,0.9069153616047863,0.00022929936305737808,0.00024080267558534985,0.006224938029365412,0.04205321197269385,0.0,2026-03-11 12:54:56.460241
0.8310983397190294,0.5060150726077474,0.9537550869404365,0.01656053677507598,0.8645204560697518,0.23575439183944635,0.906948109058927,0.0002673031026253492,0.00028070175438599243,0.006177723676202063,0.04205321197269385,0.0,2026-03-11 12:54:56.461787
0.8311522502393872,0.5060236238120853,0.9537721893491125,0.016584515462168232,0.8645658732819309,0.23575650556336605,0.9069808334798664,0.00030524642289353476,0.00032053422370625917,0.00613059832276186,0.04205321197269385,0.0,2026-03-11 12:54:56.469404
0.8308870453095086,0.5059558621164167,0.9537721893491125,0.016402956085082254,0.8642761394101877,0.23548221052509596,0.9068213783403657,0.0003431294678316599,0.00036030025020861167,0.00613059832276186,0.042232671543016354,0.0,2026-03-11 12:54:56.488028
0.8309409888357256,0.5059644069982375,0.9537892791127541,0.01642692239389131,0.864321608040201,0.23548432020984966,0.9068541300527242,0.00031754311388709766,0.0003334335115795506,0.006157254208603691,0.042232671543016354,0.0,2026-03-11 12:54:56.496935
0.8309948979591837,0.5059729455645509,0.9538063562453807,0.01645087225128385,0.8643670462156732,0.2354864283164596,0.9068868587491217,0.0003553660270078085,0.0003731343283581712,0.006110217603475077,0.042232671543016354,0.0,2026-03-11 12:54:56.505869
0.8310487727127829,0.5059814778223555,0.95382342076099,0.016474805674195264,0.8644124539671911,0.2354885348466961,0.9069195644538111,0.0003931289513686709,0.00041276903220310857,0.006063269496192514,0.042232671543016354,0.0,2026-03-11 12:54:56.514931
0.8311026131293817,0.5059900037786405,0.9538404726735599,0.0164987226795339,0.8644578313253012,0.23549063980232693,0.9069522471910111,0.00036756986045438644,0.0003859330508184655,0.006089892973662359,0.042232671543016354,0.0,2026-03-11 12:54:56.524131
0.8311564192417967,0.505998523440384,0.9538575119970469,0.016522623284189176,0.8645031783205085,0.2354927431851172,0.906984906984907,0.0003420379890192171,0.0003591256487537331,0.006116484101827857,0.042232671543016354,0.0,2026-03-11 12:54:56.540527
0.8308917197452229,0.5059310761841384,0.9538575119970469,0.016341797243722256,0.8642140468227425,0.23521939109857545,0.9068257589050711,0.0003797410672242707,0.0003986965281506105,0.006116484101827857,0.04241032749956675,0.0,2026-03-11 12:54:56.549649
0.830945558739255,0.5059395895583085,0.9538745387453874,0.016365685492217192,0.8642594450016717,0.23522149047057495,0.9068584458866866,0.00035423637180986844,0.0003719187198203411,0.006143042939613097,0.04241032749956675,0.0,2026-03-11 12:54:56.559214
0.8309993634627626,0.5059480966518635,0.9538915529324973,0.01638955737583108,0.8643048128342246,0.2352235882750778,0.9068911099421358,0.00039187974601129216,0.0004114248705006096,0.0060961830806524064,0.04241032749956675,0.0,2026-03-11 12:54:56.568846
0.8307349665924276,0.5058809616514338,0.9538915529324973,0.01620944843159674,0.8640160374206481,0.23495118101718784,0.9067321178120616,0.0003664021832515685,0.00038467660635643774,0.0060961830806524064,0.04207733948713521,0.0,2026-03-11 12:54:56.584614
0.8307888040712468,0.5058894624713209,0.9539085545722714,0.016233307924677757,0.864061456245825,0.2349532748283411,0.9067648089730108,0.00034095170987280543,0.0003579567826844654,0.006122709686838479,0.04207733948713521,0.0,2026-03-11 12:54:56.594438
0.8305246422893482,0.505822637563272,0.9539085545722714,0.0160539082608662,0.8637729549248748,0.2346818093710487,0.9066059225512529,0.0003155282826931005,0.00033126535414906844,0.006122709686838479,0.041747197526091906,0.0,2026-03-11 12:54:56.603393
0.8305785123966942,0.5058311321164286,0.9539255436785846,0.016077755310646577,0.8638184245660881,0.2346838992026358,0.9066386407426871,0.000353112094593655,0.00037070904282920925,0.006075937827612954,0.041747197526091906,0.0,2026-03-11 12:54:56.612338
0.8306323482681919,0.5058396204097818,0.9539425202652911,0.016101586050219212,0.8638638638638638,0.23468598747559594,0.9066713360182105,0.0003277156705230322,0.00034404701623014233,0.006102432260838175,0.041747197526091906,0.0,2026-03-11 12:54:56.621352
0.8306861499364676,0.5058481024502486,0.9539594843462247,0.016125400496310463,0.8639092728485657,0.23468807419167229,0.9067040084018905,0.0003023462065628868,0.00031741329326873124,0.006128894579598865,0.041747197526091906,0.0,2026-03-11 12:54:56.630437
0.830739917434106,0.5058565782447357,0.9539764359351989,0.01614919866562476,0.8639546515505169,0.23469015935260565,0.9067366579177603,0.0002770036598058745,0.00029080782889923107,0.0061553248422495654,0.041747197526091906,0.0,2026-03-11 12:54:56.648393
0.8304761904761905,0.5056810213003236,0.9536253220463746,0.01564458572336507,0.8639546515505169,0.23464696616932781,0.9065780265920225,0.0007819106809670018,0.0008208763295202148,0.0055763962304903325,0.041747197526091906,0.0,2026-03-11 12:54:56.665351
0.8305299904792129,0.5056895523301164,0.9536423841059603,0.01566849067928426,0.864,0.23464906528651686,0.9066107030430222,0.0008194350718211396,0.0008602368181358511,0.0055297121233458535,0.041747197526091906,0.0,2026-03-11 12:54:56.676482
0.8302664974619289,0.5056230353709524,0.9536423841059603,0.015489954765501817,0.8637120959680107,0.23437857636054316,0.9064521769540129,0.0007938652439931637,0.0008333938038600497,0.0055297121233458535,0.0414198652838661,0.0,2026-03-11 12:54:56.692812
0.8303203298445925,0.5056315601256222,0.9536594336152997,0.01551384731390767,0.8637574950033311,0.2343806714970077,0.9064848802656877,0.0007683225028471963,0.0008065792249806192,0.005556444647232928,0.0414198652838661,0.0,2026-03-11 12:54:56.710210
0.8303741280913126,0.50564007861209,0.9536764705882353,0.015537723553140169,0.8638028638028638,0.23438276507422307,0.9065175607199022,0.0007428068053658698,0.0007797930363384609,0.005583144846423749,0.0414198652838661,0.0,2026-03-11 12:54:56.736931
0.8304278922345484,0.5056485908372668,0.9536934950385888,0.015561583499892012,0.8638482023968043,0.23438485709392948,0.9065502183406114,0.0007173181086225222,0.0007530351928692891,0.0056098127795127795,0.0414198652838661,0.0,2026-03-11 12:54:56.754516
0.8304816223067174,0.5056570968080532,0.9537105069801617,0.015585427170835811,0.8638935108153079,0.23438694755786463,0.9065828531517375,0.0007547832192381643,0.0007923346231804018,0.005563216177723818,0.0414198652838661,0.0,2026-03-11 12:54:57.258618
0.8305353183401963,0.5056655965313399,0.9537275064267352,0.01560925458261705,0.8639387890884896,0.23438903646776352,0.9066154651771687,0.0007293214803972825,0.0007656061311632767,0.0055898519031643,0.0414198652838661,0.0,2026-03-11 12:54:57.259846
0.8305889803673211,0.5056740900140075,0.9537444933920705,0.015633065751864152,0.863984037246425,0.23439112382535873,0.9066480544407608,0.0007038866567137259,0.0007389058933661152,0.005616455479268034,0.0414198652838661,0.0,2026-03-11 12:54:57.267187
0.8306426084203862,0.5056825772629264,0.9537614678899082,0.015656860695175627,0.864029255319149,0.23439320963238014,0.9066806209663353,0.0006784787055327257,0.0007122338650119575,0.005643026964206377,0.0414198652838661,0.0,2026-03-11 12:54:57.268495
0.8306962025316456,0.505691058284957,0.9537784299339692,0.015680639429134,0.8640744433366567,0.2343952938905551,0.9067131647776809,0.0006530975842895526,0.0006855900014184346,0.005669566416010352,0.0414198652838661,0.0,2026-03-11 12:54:57.275842
0.8307497627333122,0.5056995330869493,0.9537953795379538,0.01570440197029615,0.8641196013289036,0.2343973766016084,0.9067456858985532,0.000627743250509516,0.0006589742579975466,0.005696073892571207,0.0414198652838661,0.0,2026-03-11 12:54:57.277242
0.8308032890575585,0.5057080016757436,0.9538123167155426,0.015728148335197038,0.8641647293258053,0.23439945776726226,0.9067781843526747,0.0006651492212506049,0.0006982138055712239,0.005649564550336161,0.0414198652838661,0.0,2026-03-11 12:54:57.284696
0.830856781536516,0.5057164640581702,0.9538292414803957,0.015751878540348332,0.8642098273572377,0.2344015373892363,0.9068106601637346,0.0006398216325483874,0.0006716271818051345,0.005676040109405589,0.0414198652838661,0.0,2026-03-11 12:54:57.286243
0.8309102402022756,0.5057249202410493,0.9538461538461539,0.015775592602240214,0.8642548954530368,0.2344036154692477,0.9068431133553893,0.0006145207466281555,0.0006450685882170015,0.0057024838085966145,0.0414198652838661,0.0,2026-03-11 12:54:57.293799
0.8309636650868878,0.5057333702311909,0.9538630538264372,0.015799290537339396,0.8642999336429993,0.234405692009011,0.9068755439512619,0.0005892465212831155,0.000618537980501821,0.005728895705383263,0.0414198652838661,0.0,2026-03-11 12:54:57.295406
0.8310170562223625,0.5057418140353954,0.9538799414348462,0.01582297236209152,0.8643449419568823,0.2344077670102383,0.9069079519749434,0.0005639989143956248,0.0005920353144484025,0.0057552758571016716,0.0414198652838661,0.0,2026-03-11 12:54:57.303021
0.8310704136406694,0.5057502516604532,0.9538968166849616,0.01584663809291984,0.8643899204244032,0.23440984047463906,0.9069403374499915,0.0005387778839363033,0.0005655605459381485,0.005781624320950085,0.0414198652838661,0.0,2026-03-11 12:54:57.376912
0.8311237373737373,0.5057586831131442,0.9539136795903438,0.01587028774622381,0.8644348690752403,0.2344119124039201,0.9069727003999304,0.0005135833879647,0.000539113630945498,0.0058079411539896375,0.0414198652838661,0.0,2026-03-11 12:54:57.384263
0.8311770274534553,0.5057671084002392,0.9539305301645338,0.01589392133838155,0.8644797879390325,0.2344139827997861,0.9070050408482531,0.0005509303587518666,0.0005782944494183706,0.005761518826426726,0.0414198652838661,0.0,2026-03-11 12:54:57.385761
0.831230283911672,0.5057755275284986,0.9539473684210527,0.01591753888574976,0.8645246770453793,0.23441605166393878,0.9070373588184188,0.000525762355415349,0.0005518763796908965,0.005787804085581327,0.0414198652838661,0.0,2026-03-11 12:54:57.393444
0.8312835067801955,0.5057839405046731,0.9539641943734015,0.015941140404659764,0.864569536423841,0.23441811899807757,0.9070696543338543,0.0005630504657285762,0.0005909934168814024,0.005741468528724147,0.0414198652838661,0.0,2026-03-11 12:54:57.395086
0.8313366960907944,0.5057923473355034,0.9539810080350621,0.015964725911424487,0.864614366103939,0.23442018480389945,0.9071019274179544,0.0006002798546080879,0.0006300457978117846,0.0056952194995174565,0.0414198652838661,0.0,2026-03-11 12:54:57.402800
0.831389851875197,0.5058007480277205,0.9539978094194962,0.0159882954223351,0.8646591661151555,0.23442224908309867,0.9071341780940809,0.000637450660657013,0.0006690336826549181,0.005649056755812953,0.0414198652838661,0.0,2026-03-11 12:54:57.410624
0.8314429741650914,0.5058091425880453,0.954014598540146,0.0160118489536565,0.8647039364869336,0.23442431183736714,0.9071664063855631,0.0006123091081909893,0.0006426464711071223,0.0056753104978704005,0.0414198652838661,0.0,2026-03-11 12:54:57.412513
0.831496062992126,0.5058175310231894,0.9540313754104341,0.016035386521632944,0.8647486772486772,0.23442637306839426,0.9071986123156982,0.0005871939649187974,0.0006162869772186053,0.005701532779481822,0.0414198652838661,0.0,2026-03-11 12:54:57.420049
0.8315491183879093,0.5058259133398542,0.9540481400437637,0.01605890814248988,0.8647933884297521,0.23442843277786687,0.907230795907751,0.0005621051892510387,0.0005899551573393946,0.005727723657163231,0.0414198652838661,0.0,2026-03-11 12:54:57.421650
0.8312873780295876,0.5057597022057899,0.9540481400437637,0.015881161752059794,0.8645076007931263,0.23415881976999794,0.9070735090152566,0.0005370427396856892,0.0005636509679112223,0.005727723657163231,0.04109530704369302,0.0,2026-03-11 12:54:57.429330
0.8313404657016992,0.5057680784106671,0.954064892453518,0.0159046713400474,0.8645523620746614,0.2341608755925041,0.907105719237435,0.000574155101071061,0.0006025786209260531,0.005681646957715447,0.04109530704369302,0.0,2026-03-11 12:54:57.446938
0.8313935199748349,0.5057764485104387,0.9540816326530612,0.015928165015328455,0.8645970937912814,0.23416292989856805,0.907137907137907,0.0005491189361933602,0.0005763030419455584,0.0057078064878473,0.04109530704369302,0.0,2026-03-11 12:54:57.455179
0.8314465408805032,0.5057848125117769,0.9540983606557377,0.01595164279404985,0.8646417959722681,0.23416498268986732,0.9071700727398685,0.0005241090146750338,0.0005500550055005382,0.005733934726675161,0.04109530704369302,0.0,2026-03-11 12:54:57.457689
0.8314995284501729,0.5057931704213443,0.9541150764748726,0.015975104692341265,0.8646864686468647,0.2341670339680769,0.9072022160664821,0.0004991252952746272,0.0005238344683080598,0.0057600317303101445,0.04109530704369302,0.0,2026-03-11 12:54:57.466017
0.8315524827152734,0.5058015222457938,0.9541317801237714,0.015998550726310613,0.8647311118442759,0.23416908373486933,0.9072343371408793,0.0005361793497292711,0.0005627009993448562,0.005714040834772005,0.04109530704369302,0.0,2026-03-11 12:54:57.474424
0.8316054037071945,0.5058098679917683,0.9541484716157205,0.016021980912042055,0.8647757255936676,0.23417113199191472,0.9072664359861592,0.0005731752345536911,0.0006015034998528845,0.005668135503690608,0.04109530704369302,0.0,2026-03-11 12:54:57.482909
0.8316582914572864,0.5058182076659015,0.9541651509639869,0.016045395265599675,0.8648203099241675,0.23417317874088067,0.9072985126253892,0.0006101130866175142,0.0006402421279320114,0.00562231549850345,0.04109530704369302,0.0,2026-03-11 12:54:57.491683
0.8317111459968602,0.5058265412748171,0.9541818181818181,0.016068793803024894,0.8648648648648649,0.23417522398343235,0.9073305670816045,0.0006469930423615988,0.0006789170411622969,0.005576580581533874,0.04109530704369302,0.0,2026-03-11 12:54:57.500310
0.8317639673571877,0.5058348688251294,0.9541984732824428,0.016092176540337632,0.8649093904448105,0.23417726772123243,0.9073625993778085,0.0006838152377991458,0.0007175283966059931,0.005530930515987298,0.04109530704369302,0.0,2026-03-11 12:54:57.502986
0.8318167555695011,0.5058431903234429,0.9542151162790697,0.01611554349353554,0.8649538866930171,0.23417930995594122,0.907394609536973,0.0006588576793614687,0.0006913403915732586,0.005556996340406517,0.04109530704369302,0.0,2026-03-11 12:54:57.511752
0.831555834378921,0.5057772829101771,0.9542151162790697,0.015938526766931086,0.8646690813302601,0.23391060153702853,0.9072378649162203,0.0006339262408174839,0.0006651797941856774,0.005556996340406517,0.04077348769162259,0.0,2026-03-11 12:54:57.520699
0.8316086547507056,0.5057855983630868,0.9542317471848892,0.015961881798869072,0.8647136273864384,0.23391263992866995,0.907269901571404,0.0006706908115359234,0.0007037297677692234,0.005511430890365987,0.04077348769162259,0.0,2026-03-11 12:54:57.536837
0.8316614420062696,0.5057939077771781,0.954248366013072,0.015985221080638753,0.8647581441263573,0.2339146768222542,0.9073019161056448,0.0006457854519025252,0.000677597543129238,0.00553746559141266,0.04077348769162259,0.0,2026-03-11 12:54:57.546933
0.8317141961767471,0.5058022111590269,0.9542649727767695,0.01600854462816795,0.8648026315789473,0.23391671221943228,0.9073339085418464,0.0006824925330655152,0.0007160852746438406,0.0054919845218351915,0.04077348769162259,0.0,2026-03-11 12:54:57.563045
0.831453634085213,0.5057366053815198,0.9542649727767695,0.015832226311548073,0.8645182505754686,0.2336489196734599,0.9071773636991028,0.000657613211445307,0.0006899813760775642,0.0054919845218351915,0.040454372703855324,0.0,2026-03-11 12:54:57.576301
0.8311932352020044,0.5056712991737728,0.9542649727767695,0.015656591365482326,0.8642340565417489,0.23338204474950391,0.9070208728652751,0.0006942629377940657,0.0007284070167019596,0.0054919845218351915,0.04063025210084026,0.0,2026-03-11 12:54:57.586663
0.8312460864120226,0.5056795965299454,0.9542815674891146,0.015679906689003226,0.8642786723627999,0.23338407400299863,0.9070529401620968,0.0006694096133751382,0.0007023313976395329,0.005517988155219644,0.04063025210084026,0.0,2026-03-11 12:54:57.603166
0.8312989045383412,0.5056878878669986,0.9542981501632208,0.015703206314204327,0.864323258869908,0.2333861017667949,0.9070849853473538,0.000644582245430847,0.0006762830115996099,0.005543960776518864,0.04063025210084026,0.0,2026-03-11 12:54:57.612523
0.831351689612015,0.5056961731914795,0.9543147208121827,0.015726490256935177,0.864367816091954,0.23338812804253273,0.9071170084439083,0.0006197807933193689,0.0006502618159416329,0.005569902441177721,0.04063025210084026,0.0,2026-03-11 12:54:57.621978
0.83140444166406,0.505704452509926,0.9543312794490757,0.015749758533022712,0.8644123440577807,0.23339015283184977,0.9071490094745909,0.0005950052164840347,0.0006242677681144171,0.005595813204508859,0.04063025210084026,0.0,2026-03-11 12:54:57.631496
0.8314571607254534,0.5057127258288664,0.9543478260869566,0.015773011158274303,0.864456842796193,0.23339217613638122,0.9071809884622009,0.0005702554744525523,0.0005983008256551514,0.005621693121693139,0.04063025210084026,0.0,2026-03-11 12:54:57.646171
0.8315098468271335,0.5057209931548196,0.9543643607388628,0.01579624814847641,0.864501312335958,0.23339419795775998,0.9072129454295059,0.0006068479803073012,0.0006366685198800903,0.005576296198405384,0.04063025210084026,0.0,2026-03-11 12:54:57.655874
0.8315625,0.5057292544942947,0.9543808834178131,0.01581946951939066,0.8645457527058051,0.23339621829761642,0.9072448803992428,0.0005821240326916444,0.0006107296362637404,0.005602145324492436,0.04063025210084026,0.0,2026-03-11 12:54:57.666491
0.8316151202749141,0.5057375098537921,0.9543973941368078,0.015842675286762073,0.8645901639344262,0.23339823715757854,0.9072767933941166,0.0005574258391880527,0.0005848177723176695,0.005627963714400996,0.04063025210084026,0.0,2026-03-11 12:54:57.682617
0.8316677076826983,0.505745759239802,0.9544138929088278,0.015865865466310605,0.8646345460504753,0.23340025453927213,0.9073086844368013,0.0005939612584503484,0.0006231246590289174,0.005582650704095249,0.04063025210084026,0.0,2026-03-11 12:54:57.692699
0.8317202622541368,0.5057540026588059,0.9544303797468354,0.015889040073739463,0.8646788990825688,0.23340227044432038,0.9073405535499398,0.0005692887788391054,0.0005972407647067968,0.005608438412613603,0.04063025210084026,0.0,2026-03-11 12:54:57.700972
0.831772784019975,0.5057622401172753,0.9544468546637744,0.01591219912472596,0.864723223059286,0.2334042848743442,0.9073724007561437,0.0005446419729838725,0.0005713838047179953,0.005634195494399807,0.04063025210084026,0.0,2026-03-11 12:54:57.719465
0.8318252730109205,0.5057704716216729,0.9544633176725695,0.015935342634931737,0.8647675180091683,0.23340629783096212,0.9074042260779934,0.0005200208008320217,0.0005455537370431252,0.005659922003982021,0.04063025210084026,0.0,2026-03-11 12:54:57.730032
0.8318777292576419,0.5057786971784517,0.9544797687861272,0.015958470619991734,0.8648117839607201,0.23340830931579037,0.9074360295380389,0.000495425222414303,0.0005197505197505059,0.0056856179957592845,0.04063025210084026,0.0,2026-03-11 12:54:57.746001
0.8319301527907702,0.5057869167940555,0.9544962080173348,0.015981583095522472,0.8648560209424084,0.23341031933044262,0.9074678111587984,0.00047085519784428875,0.0004939741109953877,0.005711283524001631,0.04063025210084026,0.0,2026-03-11 12:54:57.762510
0.8319825436408977,0.5057951304749189,0.9545126353790614,0.016004680077121275,0.8649002289826627,0.23341232787653043,0.9074995709627595,0.0005073336639976889,0.0005322232959190654,0.005666054194232051,0.04063025210084026,0.0,2026-03-11 12:54:57.773022
0.832034901838579,0.5058033382274668,0.9545290508841573,0.016027761580362378,0.8649444081098757,0.23341433495566286,0.9075313089723795,0.00048278915347188534,0.0005064746393331765,0.005691689313080617,0.04063025210084026,0.0,2026-03-11 12:54:57.789701
0.8320872274143302,0.5058115400581155,0.9545454545454546,0.016050827620798725,0.8649885583524027,0.23341634056944663,0.907563025210084,0.00045827011726939926,0.0004807527068328987,0.005717294076548751,0.04063025210084026,0.0,2026-03-11 12:54:57.800391
0.8321395203986297,0.5058197359732713,0.9545618463757664,0.016073878213965748,0.8650326797385621,0.23341834471948605,0.9075947196982684,0.00043377651575182696,0.00045505745683527277,0.005742868538521573,0.04063025210084026,0.0,2026-03-11 12:54:57.817251
0.8321917808219178,0.5058279259793319,0.9545782263878875,0.016096913375373563,0.865076772296635,0.23342034740738335,0.9076263924592973,0.00040930830936269924,0.0004293888478432706,0.005768412752757079,0.04063025210084026,0.0,2026-03-11 12:54:57.834154
0.8322440087145969,0.5058361100826855,0.9545945945945946,0.016119933120513946,0.8651208360548661,0.23342234863473812,0.9076580435155046,0.00038486545862792543,0.00040374683844612846,0.005793926772885927,0.04063025210084026,0.0,2026-03-11 12:54:58.220801
0.8322962041070318,0.505844288289711,0.9546109510086456,0.01614293746485962,0.8651648710414627,0.23342434840314777,0.9076896728891933,0.00036044792415490523,0.0003781313873186809,0.005819410652412094,0.04063025210084026,0.0,2026-03-11 12:54:58.228999
0.832348367029549,0.5058524606067781,0.9546272956427799,0.016165926423857696,0.8652088772845953,0.2334263467142073,0.9077212806026366,0.00033605566663275077,0.0003525424532214716,0.005844864444713327,0.04063025210084026,0.0,2026-03-11 12:54:58.235877
0.832089552238806,0.5057874519216178,0.9546272956427799,0.015991051991600714,0.8649265905383361,0.23316033369706246,0.907565902088326,0.0003116886468317315,0.00032697999500008734,0.005844864444713327,0.040313807531380697,0.0,2026-03-11 12:54:58.237754
0.8321417469692259,0.5057956183550874,0.9546436285097192,0.016014029268425246,0.8649706457925636,0.23316232827674538,0.9075975359342916,0.0002873468256033851,0.0003014439715856021,0.005870288203041363,0.040313807531380697,0.0,2026-03-11 12:54:58.246745
0.8321939092604101,0.5058037789113109,0.9546599496221663,0.016036991192734253,0.8650146723182263,0.23316432140391846,0.9076291481354772,0.00026303016388029565,0.00027593434199379985,0.0058956819805222604,0.040313807531380697,0.0,2026-03-11 12:54:58.254812
0.8322460391425909,0.5058119335966307,0.9546762589928057,0.01605993777991184,0.8650586701434159,0.2331663130801681,0.9076607387140903,0.00029945180999302323,0.000314130820286751,0.005850536099700543,0.040313807531380697,0.0,2026-03-11 12:54:58.256915
0.8322981366459627,0.5058200824173799,0.9546925566343042,0.01608286904531563,0.8651026392961877,0.2331683033070782,0.9076923076923077,0.00033581676871885513,0.00035226493698259365,0.005805473437092368,0.040313807531380697,0.0,2026-03-11 12:54:58.264681
0.832039739211425,0.505755369226243,0.9546925566343042,0.015908684040659198,0.8648208469055375,0.2329031886070106,0.9075371731327978,0.0003115252275139868,0.000326783606004466,0.005805473437092368,0.039999999999999925,0.0,2026-03-11 12:54:58.282354
0.8320918684047176,0.5057635121887458,0.9547088425593099,0.015931603627121076,0.8648648648648649,0.232905175124901,0.9075687681530838,0.00028725876792112803,0.0003013285851254377,0.005830837286727175,0.039999999999999925,0.0,2026-03-11 12:54:58.290664
0.8321439652497673,0.5057716492993173,0.9547251167804528,0.0159545079244869,0.8649088541666666,0.2329071601982572,0.9076003415883861,0.0003235671715010602,0.000339402432749103,0.005785857612447987,0.039999999999999925,0.0,2026-03-11 12:54:58.292948
0.832196029776675,0.5057797805642633,0.9547413793103449,0.01597739694804586,0.8649528148389196,0.23290914382865452,0.9076318934608162,0.00029932575469404643,0.00031397464970350786,0.00581119158711263,0.039999999999999925,0.0,2026-03-11 12:54:58.309047
0.8322480620155038,0.5057879059898809,0.9547576301615799,0.016000270713074458,0.8649967469095641,0.23291112601766592,0.907663423792456,0.0002751093419272044,0.0002885730943869014,0.005836495739558689,0.039999999999999925,0.0,2026-03-11 12:54:58.318592
0.8323000619962803,0.5057960255824577,0.9547738693467337,0.01602312923482559,0.865040650406504,0.2329131067668621,0.9076949326053574,0.00025091789453435265,0.000263197726240727,0.005861770122413623,0.039999999999999925,0.0,2026-03-11 12:54:58.328282
0.8323520297489929,0.5058041393482728,0.9547900968783638,0.016045972528529653,0.8650845253576073,0.23291508607781147,0.9077264199215418,0.0002871698747988205,0.0003012124114637471,0.005816873207424633,0.039999999999999925,0.0,2026-03-11 12:54:58.338008
0.8324039653035935,0.505812247293596,0.9548063127690101,0.016068800609397083,0.8651283717907052,0.23291706395208017,0.9077578857630009,0.0003233655631683652,0.00033916518351861935,0.00577205882352938,0.039999999999999925,0.0,2026-03-11 12:54:58.353930
0.8324558686899969,0.5058203494246879,0.954822517031194,0.01609161349262405,0.8651721897335932,0.23291904039123207,0.9077893301516959,0.0002991990425630364,0.0003138178882908793,0.005797303489296968,0.039999999999999925,0.0,2026-03-11 12:54:58.371933
0.8325077399380805,0.5058284457478006,0.9548387096774194,0.01611441119337885,0.8652159792140305,0.23292101539682877,0.9078207531095586,0.0002750574102384773,0.0002884966973837333,0.005822518490357309,0.039999999999999925,0.0,2026-03-11 12:54:58.382144
0.832559579077685,0.5058365362691769,0.9548548907201719,0.016137193726813395,0.8652597402597403,0.23292298897042962,0.907852154658491,0.00025094062776709336,0.00026320157049186665,0.005847703878967936,0.039999999999999925,0.0,2026-03-11 12:54:58.398395
0.8326113861386139,0.5058446209950508,0.9548710601719198,0.01615996110806055,0.8653034728984096,0.23292496111359165,0.9078835348203644,0.00022684865680033806,0.00023793246739323148,0.005872859707263145,0.039999999999999925,0.0,2026-03-11 12:54:58.408754
0.8326631611506341,0.5058526999316473,0.9548872180451128,0.016182713352228945,0.8653471771576898,0.2329269318278697,0.9079148936170213,0.00020278145906849065,0.0002126893479480474,0.005897986027255442,0.039999999999999925,0.0,2026-03-11 12:54:58.425135
0.8327149041434756,0.506922067072443,0.9548872180451128,0.019119828580846956,0.8653471771576898,0.23727032178304897,0.9079148936170213,-0.0005368742035135599,-0.0005635430360986238,0.005897986027255442,0.03519900497512429,0.0,2026-03-11 12:54:58.435818
0.8327666151468315,0.5069301402259783,0.9549033643521833,0.019142617431797383,0.8653908530651963,0.2372723277913016,0.9079462310702741,-0.0005609166662015053,-0.0005887797904997605,0.005923082890835096,0.03519900497512429,0.0,2026-03-11 12:54:58.444985
0.8328182941903585,0.5069382076026594,0.9549194991055456,0.01916539114026508,0.8654345006485085,0.2372743323471866,0.9079775472019052,-0.0005849344319581729,-0.0006139906211677371,0.005948150349770809,0.03519900497512429,0.0,2026-03-11 12:54:58.454244
0.8328699413036762,0.5069462692086849,0.9549356223175965,0.019188149721334966,0.8654781199351702,0.2372763354522808,0.9080088420336678,-0.000608927538817583,-0.0006391755680259514,0.0059731884557101544,0.03519900497512429,0.0,2026-03-11 12:54:58.463649
0.8329215565163681,0.5069543250502442,0.9549517340007151,0.019210893190076135,0.8655217109526896,0.23727833710815902,0.9080401155872855,-0.0005722426499847888,-0.0006006452550695318,0.005928456375550284,0.03519900497512429,0.0,2026-03-11 12:54:58.479279
0.8329731398579808,0.5069623751335177,0.9549678341672623,0.01923362156153721,0.8655652737285391,0.23728033731639342,0.908071367884452,-0.0005356145928930856,-0.0005621775930284567,0.005883806372601663,0.03519900497512429,0.0,2026-03-11 12:54:58.488740
0.8330246913580247,0.5069704194646776,0.954983922829582,0.01925633485074313,0.8656088082901554,0.23728233607855428,0.908102598946832,-0.0005595830788117651,-0.000587334759956093,0.005908815177071203,0.03519900497512429,0.0,2026-03-11 12:54:58.498292
0.8330762110459735,0.5069784580498866,0.955,0.01927903307270332,0.8656523146649401,0.23728433339620938,0.9081338087960604,-0.00058352698166797,-0.0006124661246613705,0.005933794731477038,0.03519900497512429,0.0,2026-03-11 12:54:58.507904
0.8331276989512647,0.506986490895299,0.9550160656908248,0.019301716242405897,0.8656957928802589,0.23728632927092425,0.908164997453743,-0.0005469556243550278,-0.0005740590305984838,0.005889226580046203,0.03519900497512429,0.0,2026-03-11 12:54:58.517560
0.8331791551032994,0.5069945180070601,0.9550321199143469,0.01932438437481692,0.8657392429634423,0.23728832370426223,0.9081961649414558,-0.0005104408352668566,-0.000535714285714306,0.005844740055266473,0.03519900497512429,0.0,2026-03-11 12:54:58.534023
0.8329223181257707,0.5069278246630557,0.9550321199143469,0.01914571720570694,0.8654592496765847,0.23701974600222991,0.9080420766881574,-0.0005343601928612385,-0.0005608179621505727,0.005844740055266473,0.03488780165562222,0.0,2026-03-11 12:54:58.543895
0.8329738058551618,0.5069358460473022,0.9550481626828398,0.019168374078862353,0.8655027481409635,0.23702173673995777,0.9080732700135685,-0.0004979018408505231,-0.0005225344542258981,0.0058003349330937315,0.03488780165562222,0.0,2026-03-11 12:54:58.551912
0.8330252618607517,0.5069438617101619,0.9550641940085592,0.019191015946427182,0.865546218487395,0.23702372604105656,0.9081044421837912,-0.00046149979517484674,-0.00048431299412587947,0.005756010990303317,0.03488780165562222,0.0,2026-03-11 12:54:58.572264
0.8330766861718509,0.506951871657754,0.9550802139037433,0.019213642823306492,0.865589660743134,0.23702571390708094,0.908135593220339,-0.00048539464523067455,-0.0005093890320695404,0.0057809613459313125,0.03488780165562222,0.0,2026-03-11 12:54:58.582416
0.832820197044335,0.5068854794123683,0.9550802139037433,0.019035668517726975,0.8653100775193798,0.236758039384753,0.9079816980172851,-0.0005092650253940567,-0.0005344393905066802,0.0057809613459313125,0.03457917026438051,0.0,2026-03-11 12:54:58.598700
0.8328716528162512,0.5068934836508031,0.955096222380613,0.019058284120561642,0.8653535679690023,0.23676002357396567,0.908012874809419,-0.0005331109732338302,-0.0005594641088637609,0.005805882553947539,0.03457917026438051,0.0,2026-03-11 12:54:58.609002
0.8329230769230769,0.5069014821861824,0.9551122194513716,0.019080884764306916,0.8653970303421562,0.23676200633282393,0.9080440304826418,-0.0005569325262420044,-0.0005844632264857541,0.005830774665398719,0.03457917026438051,0.0,2026-03-11 12:54:58.625413
0.8326668717317749,0.506835389004965,0.9551122194513716,0.018903595877113082,0.8651177799290094,0.23649523215646015,0.9078902810700983,-0.0005205866565628492,-0.0005462998436480682,0.005830774665398719,0.034776204893216534,0.0,2026-03-11 12:54:58.636025
0.8327183271832719,0.5068433818433818,0.9551282051282052,0.01892618521574872,0.8651612903225806,0.236497211254025,0.9079214624238321,-0.0005443838521548283,-0.0005712724472815012,0.0058556377312123375,0.034776204893216534,0.0,2026-03-11 12:54:58.652548
0.8327697509990778,0.5068513689909204,0.9551441794232823,0.018948759626835062,0.8652047726539825,0.23649918892593405,0.9079526226734349,-0.0005681567276696331,-0.0005962195296032036,0.005880471802196974,0.034776204893216534,0.0,2026-03-11 12:54:58.663030
0.832821143208359,0.5068593504536565,0.9551601423487545,0.018971319125165302,0.8652482269503546,0.23650116517372738,0.9079837618403248,-0.000531866904050049,-0.0005581159988292672,0.005836228816379796,0.034776204893216534,0.0,2026-03-11 12:54:58.690030
0.8328725038402458,0.5068673262376571,0.9551760939167556,0.01899386372551006,0.8652916532388012,0.2365031399989429,0.9080148799458911,-0.0004956329969537654,-0.0005200740744106813,0.005792066565938225,0.034776204893216534,0.0,2026-03-11 12:54:58.715344
0.8326167076167076,0.5066974869606449,0.9548364153627311,0.01850032743942291,0.8652916532388012,0.2364610837809525,0.9078613693998309,-8.656359827607929e-06,-9.083229633111145e-06,0.005234121110033518,0.034776204893216534,0.0,2026-03-11 12:54:58.734669
0.8323610684679152,0.5065277684367624,0.9544969783149663,0.01800838683242987,0.8652916532388012,0.2364190499909518,0.907707910750507,0.00047782310870536637,0.0005013859297490209,0.004676825561474196,0.034776204893216534,0.0,2026-03-11 12:54:58.760076
0.8321055862492327,0.5064619723035505,0.9544969783149663,0.017832086512845294,0.8650128865979382,0.2361532612054153,0.9075545039716073,0.000514001228415828,0.0005393276217384724,0.004676825561474196,0.03497129829418233,0.0,2026-03-11 12:55:00.785581
0.8321571034059527,0.506470057417567,0.9545131485429993,0.017854850554879138,0.8650563607085346,0.23615526154486016,0.9075857408346004,0.0004897802076950786,0.0005139131581549661,0.004702250962331012,0.03497129829418233,0.0,2026-03-11 12:55:00.822845
0.8322085889570552,0.5064781367872752,0.9545293072824156,0.017877599577017775,0.865099806825499,0.2361572604461792,0.9076169565951697,0.00046558388969830666,0.0004885246144734623,0.004727646781569672,0.03497129829418233,0.0,2026-03-11 12:55:00.838933
0.832260042931616,0.5064862104187947,0.9545454545454546,0.017900333594123425,0.8651432249758609,0.23615925791092293,0.9076481512746919,0.0004414122366535045,0.00046316195106055336,0.004753013070786016,0.03497129829418233,0.0,2026-03-11 12:55:00.849200
0.8323114653586756,0.5064942783182363,0.954561590344338,0.017923052621034823,0.8651866151866152,0.23616125394063958,0.9076793248945147,0.0004775346977181627,0.0005010452841271995,0.004708931334930444,0.03497129829418233,0.0,2026-03-11 12:55:00.865465
0.8323628562672387,0.5065023404917026,0.9545777146912704,0.0179457566725735,0.8652299774847217,0.23616324853687537,0.9077104774759575,0.0005136016284814637,0.0005388675150438393,0.004664929893675618,0.03497129829418233,0.0,2026-03-11 12:55:00.875859
0.8321078431372549,0.5063330290843434,0.954239091876552,0.017456123485951065,0.8652299774847217,0.23612135705121778,0.9075573549257759,0.0009988789531779618,0.0010480173532939618,0.004109209179650519,0.03497129829418233,0.0,2026-03-11 12:55:00.901237
0.8321592649310873,0.5063411427205354,0.9542553191489361,0.017478926992669536,0.8652733118971061,0.2361233647185413,0.9075885328836426,0.0009744971359959553,0.001022436108008673,0.004134853994909982,0.03497129829418233,0.0,2026-03-11 12:55:00.911937
0.8322106552357624,0.5063492506044155,0.9542715349166963,0.017501715477726002,0.865316618450659,0.2361253709454399,0.9076196898179366,0.0009501401349127914,0.0009968808996141387,0.004160469042537085,0.03497129829418233,0.0,2026-03-11 12:55:00.928868
0.8322620140801958,0.5063573527420986,0.9542877391920623,0.017524488955960767,0.8653598971722365,0.2361273757334634,0.9076508257499157,0.000925807912060761,0.0009713516883799178,0.004186054374331727,0.03497129829418233,0.0,2026-03-11 12:55:00.939718
0.8323133414932681,0.5063654491396912,0.9543039319872476,0.017547247442192486,0.8654031480886605,0.23612937908415937,0.9076819407008085,0.0009015004296487605,0.0009458484346557272,0.004211610041973568,0.03497129829418233,0.0,2026-03-11 12:55:00.956677
0.8323646375038238,0.5063735398032911,0.9543201133144475,0.017569990951218608,0.8654463712267181,0.23613138099907335,0.9077130346918154,0.000877217649962736,0.0009203710988722191,0.004237136097022476,0.03497129829418233,0.0,2026-03-11 12:55:00.982666
0.8324159021406727,0.5063816247389877,0.9543362831858407,0.017592719497820486,0.8654895666131621,0.23613338147974836,0.9077441077441077,0.0009132291783746638,0.0009581179615180124,0.004193214731184058,0.03497129829418233,0.0,2026-03-11 12:55:00.993958
0.8324671354325894,0.5063897039528614,0.9543524416135881,0.017615433096758195,0.8655327342747111,0.23613538052772545,0.9077751598788286,0.0009491854319924053,0.0009958040401659707,0.004149373222374408,0.03497129829418233,0.0,2026-03-11 12:55:01.011433
0.8325183374083129,0.5063977774509842,0.9543685886098338,0.017638131762772274,0.8655758742380494,0.23613737814454336,0.9078061911170929,0.000924927317395019,0.0009703545044812412,0.0041748697162710124,0.03497129829418233,0.0,2026-03-11 12:55:01.029049
0.8325695080965475,0.5064058452394196,0.9543847241867044,0.017660815510583745,0.8656189865298268,0.23613937433173865,0.9078372014799866,0.0009006938303252054,0.0009449308058886441,0.004200336700336704,0.03497129829418233,0.0,2026-03-11 12:55:01.520445
0.8326206475259621,0.5064139073242222,0.9544008483563097,0.017683484354896525,0.8656620711766592,0.23614136909084568,0.9078681909885675,0.0009365949363147053,0.000982558163277858,0.004156574830961768,0.03497129829418233,0.0,2026-03-11 12:55:01.521600
0.8326717557251908,0.5064219637114384,0.954416961130742,0.017706138310390983,0.8657051282051282,0.2361433624233966,0.9078991596638656,0.0009123860392874494,0.0009571612190111267,0.004182012356399367,0.03497129829418233,0.0,2026-03-11 12:55:01.528806
0.8324175824175825,0.5063564626281513,0.954416961130742,0.01753071097379213,0.8654277475168215,0.23587847915166876,0.9077465972105528,0.0008882016948941196,0.0009317900322943773,0.004182012356399367,0.034665207079000226,0.0,2026-03-11 12:55:01.530018
0.8324687213915166,0.5063645133238188,0.954433062522077,0.01755335386248568,0.8654708520179372,0.23588046882486027,0.9077775911305224,0.0009240477800315228,0.000969358804615017,0.004138329909654792,0.034665207079000226,0.0,2026-03-11 12:55:01.537323
0.8325198291641245,0.5063725583339667,0.9544491525423728,0.017575981893397905,0.8655139289145053,0.23588245707615016,0.907808564231738,0.0009598389707047295,0.0010068672254942568,0.004094726669522708,0.034665207079000226,0.0,2026-03-11 12:55:01.538636
0.8325709057639524,0.5063805976646157,0.954465231203671,0.01759859508114715,0.8655569782330346,0.23588444390706234,0.9078395165351687,0.000995575392914727,0.0010443154402404176,0.00405120242076773,0.034665207079000226,0.0,2026-03-11 12:55:01.545485
0.8326219512195122,0.5063886313217781,0.9544812985179958,0.017621193440333714,0.8656,0.23588642931911855,0.9078704480617554,0.0010312571722772557,0.0010817035936957486,0.004007756948933516,0.034665207079000226,0.0,2026-03-11 12:55:01.546886
0.8323681804327949,0.5063234233082149,0.9544812985179958,0.017446444283760663,0.8653230966090851,0.23562242651752024,0.9077181208053693,0.0010070973431849373,0.0010563619285371972,0.004007756948933516,0.034361624808204816,0.0,2026-03-11 12:55:01.553483
0.8324192565508836,0.5063314512978943,0.9544973544973545,0.017469031577503506,0.8653661656539815,0.23562440829176398,0.9077490774907749,0.0010427246049320438,0.0010936911120641435,0.003964390040339438,0.034361624808204816,0.0,2026-03-11 12:55:01.554991
0.8324703015534572,0.5063394736260859,0.9545133991537377,0.017491604073574998,0.8654092071611253,0.23562638865177318,0.9077800134138163,0.0010185892538834285,0.0010683760683761756,0.003989798158233082,0.034361624808204816,0.0,2026-03-11 12:55:01.562373
0.8325213154689404,0.5063474902987765,0.9545294324991188,0.017514161786511856,0.8654522211569191,0.23562836759906144,0.9078109285953737,0.000994478343696481,0.0010430866601752742,0.004015176919549113,0.034361624808204816,0.0,2026-03-11 12:55:01.580647
0.832572298325723,0.5063555013219443,0.9545454545454546,0.017536704730831885,0.8654952076677316,0.23563034513514003,0.9078418230563002,0.0010300512126775185,0.0010803579572518096,0.003971888361286813,0.034361624808204816,0.0,2026-03-11 12:55:01.589446
0.8326232501521607,0.5063635067015594,0.9545614653046848,0.017559232921033237,0.8655381667198978,0.23563232126151812,0.9078726968174204,0.001005964706245921,0.001055095088216329,0.003997237816873889,0.034361624808204816,0.0,2026-03-11 12:55:01.598314
0.8326741709765744,0.5063715064435832,0.9545774647887324,0.01758174637159816,0.8655810983397191,0.2356342959797029,0.907903549899531,0.0009819025665380732,0.0010298577759526584,0.004022558017463207,0.034361624808204816,0.0,2026-03-11 12:55:01.607282
0.8327250608272506,0.5063795005539689,0.9545934530095037,0.017604245096985237,0.8656240025534632,0.2356362692911991,0.9079343823234014,0.0009578647565974263,0.0010046459816994702,0.004047849013668947,0.034361624808204816,0.0,2026-03-11 12:55:01.616385
0.8327759197324415,0.506387489038661,0.9546094299788881,0.01762672911163571,0.8656668793873644,0.23563824119750956,0.9079651941097725,0.0009338512395419274,0.0009794596667733746,0.004073110855988493,0.034361624808204816,0.0,2026-03-11 12:55:01.626442
0.8328267477203647,0.5074386435608726,0.9546094299788881,0.020506835611869514,0.8656668793873644,0.23985884339167465,0.9079651941097725,0.00020659333374195565,0.00021684856728243496,0.004073110855988493,0.029652844744455176,0.0,2026-03-11 12:55:01.635862
0.8328775448192038,0.5074466264258077,0.9546253957087584,0.020529354086714524,0.8657097288676237,0.23986084918868877,0.9079959852793577,0.0001826040727642697,0.00019166848630425282,0.0040983435948031,0.029652844744455176,0.0,2026-03-11 12:55:01.650343
0.8329283110571082,0.5074546036769139,0.9546413502109705,0.02055185784640442,0.8657525510204082,0.23986285355840117,0.9080267558528429,0.00015863903113144673,0.00016651382691224015,0.004123547280377782,0.029652844744455176,0.0,2026-03-11 12:55:01.659974
0.8329790464621926,0.5074625753201105,0.9546572934973638,0.020574346905357668,0.8657953458718521,0.23986485650233497,0.9080575058508861,0.00013469817218436653,0.0001413845506275102,0.00414872196286209,0.029652844744455176,0.0,2026-03-11 12:55:01.669590
0.833029751062538,0.5074705413613091,0.9546732255797611,0.020596821277976175,0.8658381134480561,0.23986685802201116,0.9080882352941175,0.00011078145933807182,0.00011628061904900289,0.004173867692290112,0.029652844744455176,0.0,2026-03-11 12:55:01.679315
0.8327769347496207,0.5074034279346467,0.9546732255797611,0.020417754090214187,0.8655622809812042,0.2395995968158724,0.9079365079365079,0.00014682730034565328,0.00015410993444275878,0.004173867692290112,0.029868052778888377,0.0,2026-03-11 12:55:01.688289
0.8328276699029126,0.5074113883797503,0.9546891464699684,0.020440217649266658,0.8656050955414013,0.23960159468428882,0.9079672624018708,0.0001229346970889056,0.0001290322580644876,0.004198984518580806,0.029868052778888377,0.0,2026-03-11 12:55:01.697225
0.8328783742796482,0.5074193432346538,0.9547050561797753,0.020462666552355135,0.8656478828398599,0.23960359113306665,0.9079979963265988,0.0001589256320172483,0.00016680204223717965,0.004155774098510312,0.029868052778888377,0.0,2026-03-11 12:55:01.706236
0.832929047907823,0.5074272925052435,0.9547209547209548,0.02048510081381957,0.8656906429026098,0.2396055861637186,0.9080287097312636,0.00013505710191241693,0.00014175057938525804,0.004180862071468172,0.029868052778888377,0.0,2026-03-11 12:55:01.715292
0.8329796908153986,0.5074352361973977,0.9547368421052631,0.020507520447978003,0.8657333757556475,0.23960757977775546,0.9080594026364092,0.00017099325611791283,0.00017946097327392607,0.004137729578214677,0.029868052778888377,0.0,2026-03-11 12:55:01.732856
0.833030303030303,0.5074431743169864,0.9547527183444405,0.02052992546913031,0.8657760814249363,0.23960957197668573,0.908090075062552,0.00014714876280075284,0.00015443568236439553,0.004162788747529511,0.029868052778888377,0.0,2026-03-11 12:55:01.749752
0.8327779460769463,0.5073763591722202,0.9547527183444405,0.020351547253072706,0.8655007949125596,0.2393431910472208,0.9079386257505003,0.00018303026125843225,0.00019208682646032482,0.004162788747529511,0.030081171414929164,0.0,2026-03-11 12:55:01.760788
0.8328285887341006,0.5073842917251052,0.9547685834502104,0.020373941477321175,0.8655435473617292,0.23934517961933685,0.9079693231077026,0.00015920976843775136,0.00016708766599815572,0.004187819162777551,0.030081171414929164,0.0,2026-03-11 12:55:01.777881
0.8328792007266121,0.5073922187171398,0.9547844374342797,0.020396321118751306,0.86558627264061,0.23934716678092677,0.908,0.00013541323989563203,0.00014211365559679834,0.004212820873420897,0.030081171414929164,0.0,2026-03-11 12:55:01.795188
0.8329297820823245,0.5074001401541696,0.9548002803083392,0.02041868619160641,0.8656289707750953,0.239349152533491,0.9080306564478507,0.00011164063948676528,0.00011716475732248544,0.00423779392880852,0.030081171414929164,0.0,2026-03-11 12:55:01.821526
0.8329803328290469,0.5074080560420315,0.954816112084063,0.020441036710104953,0.8656716417910447,0.23935113687852788,0.9080612924716857,8.789193113856175e-05,9.224093331783312e-05,0.004262738378176256,0.030081171414929164,0.0,2026-03-11 12:55:01.833056
0.8330308529945554,0.5074159663865546,0.9548319327731093,0.02046337268845074,0.8657142857142858,0.2393531198175335,0.9080919080919081,6.416707885092965e-05,6.734214580128572e-05,0.004287654270647034,0.030081171414929164,0.0,2026-03-11 12:55:01.857452
0.8330813426065921,0.5074238711935597,0.9548477423871193,0.020485694140827734,0.8657569025706126,0.23935510135200203,0.9081225033288948,9.999404615601559e-05,0.0001049379304157716,0.004244599493597678,0.030081171414929164,0.0,2026-03-11 12:55:01.875583
0.8331318016928658,0.5074317704688593,0.9548635409377186,0.020508001081401248,0.8657994923857868,0.23935708148342533,0.908153078202995,7.629301400136068e-05,8.006507689461984e-05,0.004269486878182516,0.030081171414929164,0.0,2026-03-11 12:55:01.893570
0.8331822302810517,0.5074396642182581,0.9548793284365162,0.02053029352431911,0.8658420551855376,0.23935906021329328,0.908183632734531,0.00011206557437037912,0.00011760188163012497,0.004226509607482498,0.030081171414929164,0.0,2026-03-11 12:55:01.920853
0.8332326283987915,0.5074475524475525,0.9548951048951049,0.020552571483708478,0.8658845909955611,0.23936103754309365,0.9082141669437979,0.00014778385164337937,0.00015507891438371058,0.004183609634031971,0.030081171414929164,0.0,2026-03-11 12:55:01.939224
0.8329809725158562,0.5073810336005458,0.9548951048951049,0.020374893329017055,0.8656101426307449,0.23909552327663197,0.9080631753948462,0.0001241066037657168,0.0001302328851617851,0.004183609634031971,0.02978006736675254,0.0,2026-03-11 12:55:01.957710
0.8330314009661836,0.507388916315524,0.9549108703250612,0.020397160571480024,0.8656527249683144,0.23909749701602356,0.9080937344191459,0.00015977072140660464,0.00016765121840522923,0.0041407867494824835,0.02978006736675254,0.0,2026-03-11 12:55:01.976168
0.8330817989737398,0.5073967935219661,0.9549266247379455,0.02041941336025305,0.8656952803294267,0.2390994693598664,0.9081242731350723,0.00013611722202233612,0.0001428310388603693,0.00416564567507971,0.02978006736675254,0.0,2026-03-11 12:55:01.994653
0.8331321665660832,0.5084367636964064,0.9549266247379455,0.023267092967109024,0.8656952803294267,0.24321748840324467,0.9081242731350723,-0.0005858484544543074,-0.000615210787493714,0.00416564567507971,0.02516020901114069,0.0,2026-03-11 12:55:02.029603
0.8331825037707391,0.5084446354000847,0.9549423681453021,0.023289379814770153,0.8657378087397086,0.24321949329875975,0.9081547915628633,-0.0005497188006108322,-0.0005772484384791721,0.004122899671830993,0.02516020901114069,0.0,2026-03-11 12:55:02.048629
0.833232810615199,0.5084525016067633,0.9549581005586593,0.02331165220429497,0.8657803102247547,0.24322149677769891,0.9081852897227296,-0.0005733485872136956,-0.0006020615927737616,0.004147730187227472,0.02516020901114069,0.0,2026-03-11 12:55:02.938764
0.8329816098884534,0.5083841275420228,0.9549581005586593,0.02312973917776964,0.865506329113924,0.24295289206099224,0.9080345285524569,-0.0005969546966757555,-0.000626849884188152,0.004147730187227472,0.024861552963355682,0.0,2026-03-11 12:55:02.939989
0.8330319469559976,0.5083919882574576,0.9549738219895288,0.02315200096931635,0.8655488769376779,0.24295489191385206,0.9080650514437437,-0.0005608797019152068,-0.000588945961820464,0.004105060858423992,0.024861552963355682,0.0,2026-03-11 12:55:02.947334
0.8330822536908707,0.5083998434873966,0.9549895324494069,0.023174248332401125,0.8655913978494624,0.242956890354697,0.9080955540809555,-0.0005844621698054553,-0.0006137084896606915,0.004129863012295343,0.024861552963355682,0.0,2026-03-11 12:55:02.948633
0.8328313253012049,0.5083317706299898,0.9549895324494069,0.0229930157733656,0.8653177363262725,0.2426891691820824,0.9079449328246807,-0.0005484417101844219,-0.0005758637956936319,0.004129863012295343,0.0250938086303939,0.0,2026-03-11 12:55:02.956048
0.8328816621499548,0.508339620380173,0.9550052319497733,0.023015252507851792,0.8653603034134008,0.2426911640118225,0.9079754601226994,-0.000572000572000575,-0.0006006006006005205,0.004154636853205496,0.0250938086303939,0.0,2026-03-11 12:55:02.957436
0.8329319686935581,0.5083474646563324,0.9550209205020921,0.023037474843496927,0.8654028436018958,0.24269315743408848,0.9080059671805072,-0.0005955358631697383,-0.0006253126563282585,0.004179382429608136,0.0250938086303939,0.0,2026-03-11 12:55:02.964863
0.832982244959374,0.5083553034641919,0.955036598117811,0.02305968279428318,0.8654453569172458,0.2426951494503696,0.908036454018227,-0.0006190476190476302,-0.0006500000000000394,0.00420409978984615,0.0250938086303939,0.0,2026-03-11 12:55:02.966354
0.8330324909747292,0.5083631368094675,0.9550522648083624,0.023081876374173225,0.8654878433849068,0.24269714006215307,0.9080669206559548,-0.0006425358749196919,-0.000674662668665782,0.004228788982152176,0.0250938086303939,0.0,2026-03-11 12:55:02.975317
0.8330827067669173,0.5083709646978674,0.955067920585162,0.023104055597111373,0.865530303030303,0.24269912927092385,0.9080973671137605,-0.000606569826869019,-0.0006368742670694871,0.00418619612168003,0.0250938086303939,0.0,2026-03-11 12:55:02.993736
0.833132892363199,0.5083787871350913,0.95508356545961,0.023126220477024763,0.8655727358788261,0.24270111707816505,0.9081277934116868,-0.0005706580671928085,-0.000599145752005148,0.0041436795241629465,0.0250938086303939,0.0,2026-03-11 12:55:03.002781
0.8331830477908025,0.5083866041268318,0.9550991994430909,0.023148371027821472,0.865615141955836,0.24270310348535742,0.9081581995697501,-0.0005348004730666434,-0.0005614769812243292,0.004101238984959954,0.0250938086303939,0.0,2026-03-11 12:55:03.011905
0.8332331730769231,0.5083944156787727,0.9551148225469729,0.023170507263392856,0.8656575212866604,0.2427050884939798,0.9081885856079405,-0.0005582652641477059,-0.0005861122250672146,0.004125900057457055,0.0250938086303939,0.0,2026-03-11 12:55:03.027129
0.8329828777410634,0.5082283087531124,0.9547826086956521,0.022683543448278626,0.8656575212866604,0.24266287524233537,0.9080383724776712,-8.245550226704257e-05,-8.656848456545241e-05,0.0035813810945841684,0.0250938086303939,0.0,2026-03-11 12:55:03.038160
0.8327327327327327,0.5081605351170568,0.9547826086956521,0.02250317521383304,0.8653846153846154,0.24239606606298167,0.9078882090292708,-0.00010612259643616451,-0.00011141612262410838,0.0035813810945841684,0.0247975708502024,0.0,2026-03-11 12:55:03.047816
0.8327829480636445,0.5081683962768803,0.954798331015299,0.022525410629342952,0.865427040655531,0.24239806181191353,0.9079186642420235,-0.00012976608253123523,-0.0001362389750090287,0.0036063098210887823,0.0247975708502024,0.0,2026-03-11 12:55:03.063651
0.8325330132052821,0.5080024598272773,0.9544664581160931,0.02204025125739149,0.865427040655531,0.24235593127160887,0.9077685950413223,0.0003451184906817506,0.00036233342727154394,0.003062705371099428,0.0247975708502024,0.0,2026-03-11 12:55:03.073402
0.8325832583258326,0.5080103704495643,0.9544822793606671,0.02206258163439149,0.8654694391934468,0.24235793991033078,0.9077990746860541,0.0003212737319832071,0.0003372992625572113,0.003087900471621441,0.0247975708502024,0.0,2026-03-11 12:55:03.083244
0.8326334733053389,0.5080182755764555,0.9544980896144495,0.022084897597017508,0.8655118110236221,0.2423599471370503,0.9078295341922696,0.000297452723044378,0.0003122900322698463,0.0031130669576056036,0.0247975708502024,0.0,2026-03-11 12:55:03.379323
0.832383808095952,0.5079507991931896,0.9544980896144495,0.021905366006703758,0.8652392947103275,0.2420940557271721,0.907679603633361,0.00027365542840018797,0.00028730569917545523,0.0031130669576056036,0.02450372208436724,0.0,2026-03-11 12:55:03.380660
0.8321342925659473,0.5078836181113823,0.9544980896144495,0.021726494383788486,0.8649669499527857,0.24182903752433121,0.9075297225891679,0.0003094589794305769,0.00032488296337374045,0.0031130669576056036,0.02473375520913723,0.0,2026-03-11 12:55:03.388071
0.8318849265807612,0.5078167303967444,0.9544980896144495,0.02154827952970953,0.8646947765890497,0.24156488775950716,0.9073798910351658,0.00028568536368656083,0.0002999244284905833,0.0031130669576056036,0.024442266674352897,0.0,2026-03-11 12:55:03.389521
0.8319352905931695,0.507824630033964,0.9545138888888889,0.021570592433676528,0.8647373387857817,0.24156688699565282,0.9074104637728998,0.00026193539151853074,0.0002749907156210929,0.0031382048777715,0.024442266674352897,0.0,2026-03-11 12:55:03.396923
0.8319856244384546,0.5078325241872288,0.9545296771954183,0.021592890955900824,0.8647798742138365,0.24156888482739342,0.9074410163339384,0.00029768502153815213,0.0003125104415830915,0.0030958401929727097,0.024442266674352897,0.0,2026-03-11 12:55:03.405872
0.8320359281437125,0.5078404128622469,0.9545454545454546,0.021615175110279345,0.8648223828984596,0.24157088125620846,0.9074715487382484,0.0003333808522651971,0.0003499708946764768,0.0030535511593968723,0.024442266674352897,0.0,2026-03-11 12:55:03.414362
0.8320862017360072,0.507848296064719,0.9545612209503989,0.02163744491069584,0.8648648648648649,0.24157287628357532,0.9075020610057709,0.00036902300505115004,0.00038737221524709486,0.0030113375745873805,0.024442266674352897,0.0,2026-03-11 12:55:03.432860
0.8318372232196289,0.5076828034813365,0.9542302357836339,0.02115493257230005,0.8648648648648649,0.2415309910858121,0.9073524563138806,0.0008423145338495308,0.0008841975769691146,0.0024692320030683668,0.024442266674352897,0.0,2026-03-11 12:55:03.441450
0.8318875261740951,0.507690735849485,0.9542461005199306,0.02117729682080059,0.8649073201382343,0.2415329988871848,0.9073829927488464,0.000877903129681723,0.0009215213451154725,0.0024270936652905917,0.024442266674352897,0.0,2026-03-11 12:55:03.450600
0.8319377990430622,0.5076986627204968,0.9542619542619543,0.021199646672556024,0.8649497487437185,0.24153500528047686,0.9074135090609554,0.0009134382891838877,0.0009587862893560839,0.0023850303735284406,0.024442266674352897,0.0,2026-03-11 12:55:03.467601
0.8316890881913304,0.5076320664555959,0.9542619542619543,0.021022262076494276,0.8646781789638932,0.24127175179050325,0.9072640421676824,0.0009489201326177144,0.0009959925486452414,0.0023850303735284406,0.024670109007458363,0.0,2026-03-11 12:55:03.477045
0.8317393903167962,0.5076399878351834,0.9542777970211292,0.021044601292734413,0.8647206528562461,0.2412737545919235,0.9072945825786267,0.0009249704378404555,0.0009708547981427396,0.002410432858212963,0.024670109007458363,0.0,2026-03-11 12:55:03.486618
0.8314908873618165,0.5075736811192603,0.9542777970211292,0.02086786933203313,0.864449325384374,0.24101135782631933,0.9071452090879157,0.0009603990851071442,0.001008003445737926,0.002410432858212963,0.024895791697596037,0.0,2026-03-11 12:55:03.496278
0.8315412186379928,0.5075815970131278,0.9542936288088643,0.020890197867839765,0.8644918444165621,0.24101335704753413,0.9071757735352205,0.0009364731735422849,0.0009828915920577774,0.0024358065582124055,0.024895791697596037,0.0,2026-03-11 12:55:03.505971
0.8315915198566737,0.5075895074269718,0.9543094496365524,0.020912512051752857,0.8645343367826905,0.24101535486815967,0.9072063178677197,0.0009718487441839896,0.0010199827621741875,0.0023938181121652136,0.024895791697596037,0.0,2026-03-11 12:55:03.530348
0.8316417910447761,0.5075974123664811,0.9543252595155709,0.02093481189760585,0.864576802507837,0.24101735128966736,0.9072368421052632,0.0009479465804221876,0.000994896764829889,0.002419163076377462,0.024895791697596037,0.0,2026-03-11 12:55:03.540435
0.8316920322291853,0.5076053118373363,0.9543410584572812,0.02095709741921386,0.864619241617048,0.24101934631352676,0.9072673462676751,0.0009832691936226823,0.001031930591264607,0.00237724927645655,0.024895791697596037,0.0,2026-03-11 12:55:03.550686
0.8317422434367542,0.5076132058452102,0.9543568464730291,0.020979368630375406,0.8646616541353384,0.2410213399412051,0.9072978303747534,0.0010185389682096924,0.0010689062798244775,0.002335409923782339,0.024895791697596037,0.0,2026-03-11 12:55:03.566448
0.831494184312556,0.5075471867939982,0.9543568464730291,0.02080330057533627,0.8643908549953022,0.24075978659238428,0.9071487263763353,0.0009946605169118827,0.001043847025989919,0.002335409923782339,0.024606635071089955,0.0,2026-03-11 12:55:03.576806
0.8315444245676804,0.507555075344556,0.9543726235741445,0.02082556112341482,0.8644333124608641,0.24076177666340065,0.9071792344340398,0.0009708057428091665,0.0010188126202008707,0.0023607262009949226,0.024606635071089955,0.0,2026-03-11 12:55:03.602089
0.8315946348733234,0.5085715931723537,0.9543726235741445,0.023604603067577952,0.8644333124608641,0.24475805742522042,0.9071792344340398,0.00025863864179886953,0.0002716314778076212,0.0023607262009949226,0.02011320754716972,0.0,2026-03-11 12:55:03.612748
0.8316448152562574,0.5085794762712523,0.954388389771942,0.023626896475017443,0.8644757433489828,0.24476007911355968,0.9072097224503203,0.00029436126013282493,0.0003091370410336358,0.0023189610973938235,0.02011320754716972,0.0,2026-03-11 12:55:03.629479
0.8316949657432231,0.5085873539241414,0.9544041450777202,0.023649175583623946,0.8645181476846058,0.2447620993885416,0.9072401904449187,0.0002705301280262473,0.00028410967955072586,0.002344248736283805,0.02011320754716972,0.0,2026-03-11 12:55:03.645313
0.8317450863609291,0.5085952261366626,0.9544198895027625,0.02367144040714848,0.8645605254926494,0.24476411825164798,0.9072706384375513,0.00024672260278668645,0.00025910710990695307,0.0023695077854180013,0.02011320754716972,0.0,2026-03-11 12:55:03.656246
0.8317951771360524,0.5086030929144495,0.9544356230583362,0.023693690959327524,0.8646028767979987,0.2447661357043586,0.9073010664479081,0.0002229386493541874,0.000234129295282548,0.002394738293253873,0.02011320754716972,0.0,2026-03-11 12:55:03.682864
0.8315476190476191,0.5085353061296001,0.9544356230583362,0.023513597055589044,0.8643326039387309,0.24450166654478803,0.9071522309711286,0.00025860795034726713,0.00027157888202611336,0.002394738293253873,0.020356807511737074,0.0,2026-03-11 12:55:03.700285
0.8313002082713478,0.5084678115291681,0.9544356230583362,0.023334155042724444,0.8640625,0.24423805281148556,0.9070034443168771,0.00023484753373159695,0.0002466267203764527,0.002394738293253873,0.020069954922095734,0.0,2026-03-11 12:55:03.717624
0.8313503866745985,0.5084756728778468,0.9544513457556936,0.02335639872489687,0.8641049671977507,0.24424006450566388,0.9070339399901624,0.0002111106190116896,0.00022169923940096314,0.002419940308138968,0.020069954922095734,0.0,2026-03-11 12:55:03.729042
0.8314005352363961,0.5084835288030356,0.9544670576060711,0.023378628166315654,0.8641474078700812,0.2442420747954362,0.9070644156695623,0.0001873971713355349,0.00019679640249969932,0.002445113878312144,0.020069954922095734,0.0,2026-03-11 12:55:03.753429
0.83115338882283,0.5084163245019603,0.9544670576060711,0.02319984213760389,0.8638776147361849,0.24397930755981723,0.906915765322845,0.00016370715591995655,0.00017191817314476943,0.002445113878312144,0.019785378940308518,0.0,2026-03-11 12:55:03.781625
0.8312035661218425,0.5084241750092695,0.9544827586206897,0.023222060957910146,0.8639200998751561,0.24398131428539793,0.9069462647444299,0.00014004053805038996,0.00014706451488055716,0.002470259051902901,0.019785378940308518,0.0,2026-03-11 12:55:03.799693
0.8312537136066548,0.5084320201043022,0.954498448810755,0.023244265566423703,0.86396255850234,0.24398331961101907,0.9069767441860465,0.000175656640980959,0.0001844601061514739,0.0024285679999039855,0.019785378940308518,0.0,2026-03-11 12:55:03.817752
0.8313038313038313,0.5084398597926532,0.954514128187457,0.023266455976776908,0.8640049906425452,0.24398532353814534,0.9070072036673216,0.00015201338601167347,0.00015963191123069542,0.0024536848249337995,0.019785378940308518,0.0,2026-03-11 12:55:03.835921
0.831353919239905,0.5084476940799099,0.9545297967619704,0.02328863220258168,0.8640473963205488,0.24398732606823936,0.907037643207856,0.0001283934593648839,0.00013482821378885124,0.002478773349315788,0.019785378940308518,0.0,2026-03-11 12:55:03.854193
0.8311071534579995,0.508283346663112,0.9542011019283747,0.02280773389243956,0.8640473963205488,0.24394531361402033,0.9068892161675668,0.0005978934734742758,0.0006278583773915436,0.0019407705577918488,0.019785378940308518,0.0,2026-03-11 12:55:03.889866
0.8311572700296735,0.5082912294338645,0.9542168674698795,0.022830003108549456,0.8640897755610972,0.24394732886744708,0.9069196793718306,0.0006334564972648726,0.0006651788883642595,0.0018991533606237399,0.019785378940308518,0.0,2026-03-11 12:55:03.908628
0.8312073568673984,0.5082991067794478,0.9542326221610461,0.02285225809836874,0.8641321283889062,0.24394934271728275,0.9069501226492231,0.0006096400993346185,0.0006401698069695705,0.0019245022886175134,0.019785378940308518,0.0,2026-03-11 12:55:03.933443
0.8309608540925267,0.5081349800814496,0.9539043687650499,0.022373051017636984,0.8641321283889062,0.24390738015694527,0.906801831262263,0.0010784580032743296,0.001132465289823248,0.0013873930063437179,0.019785378940308518,0.0,2026-03-11 12:55:03.952313
0.8310109694633857,0.5081429057401902,0.953920220082531,0.022395398478836967,0.8641744548286604,0.2439094066898892,0.906832298136646,0.0011139680664933316,0.0011697100182177511,0.0013458494679315924,0.019785378940308518,0.0,2026-03-11 12:55:03.971278
0.8310610551274452,0.50815082594987,0.9539360605018907,0.02241773167242913,0.864216754905014,0.24391143181272812,0.9068627450980392,0.0011494252873562871,0.0012068965517241237,0.0013043793928941838,0.019785378940308518,0.0,2026-03-11 12:55:04.007533
0.8311111111111111,0.5081587407161069,0.9539518900343643,0.022440050612071157,0.8642590286425903,0.24391345552693353,0.9068931721659589,0.001125413237673123,0.0011816838995567513,0.0013299874903642817,0.019785378940308518,0.0,2026-03-11 12:55:04.032746
0.8311611374407583,0.5081666500445104,0.9539677086911714,0.02246235531140294,0.864301276065982,0.2439154778339749,0.9069235793598954,0.0011014248218972345,0.0011564960629920629,0.0013555668146911781,0.019785378940308518,0.0,2026-03-11 12:55:04.052058
0.8312111341427302,0.508174553940683,0.9539835164835165,0.02248464578405277,0.8643434971997511,0.2439174987353195,0.9069539666993144,0.0010774600051529637,0.001131333005410573,0.0013811174143416594,0.019785378940308518,0.0,2026-03-11 12:55:04.077568
0.8312611012433393,0.5081824524102189,0.9539993134225884,0.022506922043624714,0.8643856920684292,0.2439195182324327,0.9069843342036552,0.0011128645015240357,0.0011684642892660912,0.0013397206079881485,0.019785378940308518,0.0,2026-03-11 12:55:04.096187
0.8313110387688666,0.5081903454587051,0.9540150995195608,0.022529184103709795,0.8644278606965174,0.2439215363267779,0.9070146818923327,0.0010889232490047807,0.0011433269085959763,0.0013652425313203098,0.019785378940308518,0.0,2026-03-11 12:55:04.140918
0.8313609467455622,0.5081982330917206,0.9540308747855918,0.022551431977879722,0.8644700031084862,0.24392355301981627,0.9070450097847358,0.001065005525971996,0.0011182142329682065,0.0013907358265836667,0.019785378940308518,0.0,2026-03-11 12:55:04.160938
0.831410825199645,0.508206115314837,0.9540466392318244,0.022573665679689933,0.8645121193287756,0.24392556831300702,0.9070753179002282,0.0011003574153647389,0.001155289454821351,0.0013494120949103516,0.019785378940308518,0.0,2026-03-11 12:55:04.186903
0.8314606741573034,0.5082139921336178,0.9540623928693863,0.022595885222678903,0.8645542093817956,0.2439275822078075,0.9071056062581487,0.0010764631871483799,0.0011302023790185078,0.0013748768102461728,0.019785378940308518,0.0,2026-03-11 12:55:04.213009
0.8312148980195093,0.5081470762630194,0.9540623928693863,0.022418118301146272,0.8642857142857143,0.24366571677299678,0.9069577969692032,0.001111762586727738,0.0011672207360267084,0.0013748768102461728,0.020026702269692942,0.0,2026-03-11 12:55:04.239240
0.8312647754137116,0.5081549476830212,0.95407813570939,0.022440327427629195,0.8643278484942565,0.2436677271103699,0.9069881088125102,0.0010878918187255948,0.0011421592204391429,0.0014003129936882575,0.020026702269692942,0.0,2026-03-11 12:55:04.284232
0.831314623338257,0.5081628137097924,0.9540938677629325,0.022462522423831476,0.8643699565487275,0.24366973605375922,0.9070184009119036,0.0011231388453084579,0.0011791208438285405,0.0013590621433758887,0.020026702269692942,0.0,2026-03-11 12:55:04.304844
0.8313644418192557,0.5081706743488741,0.9541095890410959,0.022484703303237704,0.8644120384734719,0.24367174360461416,0.9070486732866677,0.001099291502986266,0.0011540848489295374,0.0013844698428497892,0.020026702269692942,0.0,2026-03-11 12:55:05.947001
0.8311189843519339,0.5081040450558798,0.9541095890410959,0.02230758671920395,0.8641439205955335,0.24341071327408556,0.9069010416666666,0.0011344862730433558,0.001190989869521819,0.0013844698428497892,0.02026578073089702,0.0,2026-03-11 12:55:05.951704
0.8311688311688312,0.5081119003128054,0.954125299554947,0.02232975716855758,0.8641860465116279,0.24341271728478014,0.9069313374552553,0.001169628902700448,0.0012278374950588367,0.0013432916812604612,0.02026578073089702,0.0,2026-03-11 12:55:05.959220
0.8312186485688994,0.5081197501931005,0.9541409993155373,0.022351913529565212,0.8642281463112214,0.24341471990732225,0.9069616135328562,0.0012047195077392603,0.0012646278593284599,0.0013021860164345034,0.02026578073089702,0.0,2026-03-11 12:55:05.961337
0.8309734513274336,0.5080534056406747,0.9541409993155373,0.022175440292128566,0.8639603346761698,0.2431545223771471,0.9068141161164417,0.0011808955566309232,0.0012396191895946984,0.0013021860164345034,0.019983454361614195,0.0,2026-03-11 12:55:05.969621
0.8307283987024476,0.5079873440074488,0.9541409993155373,0.02199960004381482,0.8636926889714994,0.2428951574794638,0.9066666666666666,0.0011570949623372906,0.0012146350381644355,0.0013021860164345034,0.019703351034609073,0.0,2026-03-11 12:55:05.977821
0.8307783018867925,0.507995188516632,0.9541566883339035,0.02202174950398076,0.8637349024465779,0.24289715444370932,0.906697009102731,0.001133317690527047,0.0011896753689992767,0.0013275652797590798,0.019703351034609073,0.0,2026-03-11 12:55:05.995964
0.8308281756557618,0.5080030276602137,0.9541723666210671,0.022043884905814055,0.8637770897832817,0.24289915002564127,0.9067273318167045,0.0011095637069359343,0.0011647401461308826,0.0013529161546459445,0.019703351034609073,0.0,2026-03-11 12:55:06.003679
0.8305833824395993,0.5079372471403207,0.9541723666210671,0.021868681654104785,0.8635097493036211,0.24264060907954255,0.9065800162469538,0.001085832977367085,0.001139829333661968,0.0013529161546459445,0.019425444596443242,0.0,2026-03-11 12:55:06.015228
0.8306332842415317,0.5079450809238043,0.9541880341880342,0.02189080651262839,0.8635519801980198,0.24264260115797578,0.906610362189378,0.0010621254676900227,0.0011149428957647478,0.0013782386887001286,0.019425444596443242,0.0,2026-03-11 12:55:06.024647
0.8306831566548881,0.5079529093526853,0.9542036910457963,0.021912917341198473,0.8635941849675224,0.24264459185843165,0.9066406884234453,0.0010384411438416619,0.001090080796682269,0.0014035329294200816,0.019425444596443242,0.0,2026-03-11 12:55:06.034135
0.8307329997056226,0.5079607324324521,0.9542193372053297,0.0219350141531573,0.8636363636363636,0.24264658118233973,0.9066709949683492,0.001014779971824864,0.0010652430007267455,0.001428798924198449,0.019425444596443242,0.0,2026-03-11 12:55:06.049799
0.8307828134196587,0.507968550168585,0.9542349726775956,0.02195709696182783,0.863678516228748,0.24264856913112748,0.906701281843258,0.0009911419177095482,0.0010404294722810015,0.0014540367203218496,0.019425444596443242,0.0,2026-03-11 12:55:06.057980
0.8308325978228891,0.5089646200967596,0.9542349726775956,0.02467816138415655,0.863678516228748,0.24653457693146572,0.906701281843258,0.0002865356431550614,0.00030100714028413744,0.0014540367203218496,0.015032679738562038,0.0,2026-03-11 12:55:06.076928
0.8308823529411765,0.508972432494732,0.9542505974735405,0.024700276176945295,0.8637206427688504,0.2465365953214849,0.9067315490673156,0.00032206921527400123,0.0003383227082808249,0.0014130033609749404,0.015032679738562038,0.0,2026-03-11 12:55:06.086852
0.8309320788003528,0.5089802395600096,0.9542662116040955,0.024722376962886528,0.8637627432808156,0.24653861231725588,0.90676179665964,0.00029845424519581165,0.00031351598893625265,0.0014382130056248554,0.015032679738562038,0.0,2026-03-11 12:55:06.103000
0.8309817754262199,0.5089880412980505,0.9542818150801774,0.024744463755283455,0.8638048177887585,0.24654062792022322,0.9067920246393256,0.0003339353305021886,0.0003507745830100273,0.0013972517611450241,0.015032679738562038,0.0,2026-03-11 12:55:06.113207
0.8310314428445489,0.5089958377143056,0.9542974079126876,0.024766536567423263,0.8638468663167644,0.24654264213182914,0.9068222330254416,0.00031034341066327187,0.0003259930008053802,0.0014224333013972412,0.015032679738562038,0.0,2026-03-11 12:55:06.129489
0.831081081081081,0.5090036288142182,0.9543129901125128,0.02478859541257464,0.8638888888888889,0.2465446549535141,0.9068524218370323,0.0002867745073314998,0.0003012355957540125,0.001447586784222965,0.015032679738562038,0.0,2026-03-11 12:55:06.148512
0.8308370044052863,0.5089361560732055,0.9543129901125128,0.024609551394394434,0.8636223387843258,0.2462833462897839,0.9067055393586007,0.00032220322203224683,0.00033843826810364686,0.001447586784222965,0.015288696123610723,0.0,2026-03-11 12:55:06.159063
0.830886670581327,0.5089439418622116,0.9543285616905249,0.02463159988068029,0.863664404688464,0.24628535559110099,0.9067357512953369,0.0002986573015413274,0.0003137059252623642,0.0014727122564888173,0.015288696123610723,0.0,2026-03-11 12:55:06.175729
0.8309363076019959,0.5089517223457396,0.954344122657581,0.024653634428011818,0.8637064446500154,0.246287363506842,0.906765943671091,0.00033403376150065167,0.0003508518827226581,0.0014318229369333357,0.015288696123610723,0.0,2026-03-11 12:55:06.192472
0.8309859154929577,0.5089594975292108,0.9543596730245232,0.024675655049605404,0.8637484586929717,0.24628937003843984,0.9067961165048545,0.00031051079025001815,0.00032614456357782373,0.0014569204454013551,0.015288696123610723,0.0,2026-03-11 12:55:06.203393
0.8310354942798475,0.5089672674180387,0.9543752128021791,0.024697661758657462,0.8637904468412942,0.2462913751873255,0.9068262698155937,0.0002870107347043849,0.0003014613139110667,0.0014819900367298855,0.015288696123610723,0.0,2026-03-11 12:55:06.228583
0.8310850439882698,0.5089750320176298,0.9543907420013614,0.024719654568349347,0.8638324091189156,0.2462933789549278,0.906856403622251,0.00032233505544487784,0.00033855160235196635,0.0014411724528228254,0.015288696123610723,0.0,2026-03-11 12:55:06.246749
0.830841395485195,0.5089078445736194,0.9543907420013614,0.02454126382849865,0.8635663689559594,0.2460328887932486,0.9067097817299918,0.0002988578821344623,0.00031389330190123577,0.0014411724528228254,0.015012960829493105,0.0,2026-03-11 12:55:06.258014
0.8308909730363423,0.5089156038893728,0.9544062606328684,0.024563246296388456,0.8636083743842364,0.24603488906318582,0.9067399385808954,0.00027540355765454105,0.0002892589997965933,0.0014662141735662937,0.015012960829493105,0.0,2026-03-11 12:55:06.275399
0.8306475241722825,0.5087532898994693,0.9540816326530612,0.02408721858668611,0.8636083743842364,0.24599304283632253,0.9065934065934066,-0.0004257011706783054,-0.0004474475153104507,0.0023018923260025304,0.015012960829493105,0.0,2026-03-11 12:55:06.292822
0.830697129466901,0.5087610964903138,0.9540972458347501,0.024109291498396752,0.8636503539550631,0.24599505561920593,0.9066235864297253,-0.00044913267966739667,-0.00047207598992904387,0.002326906222611669,0.015012960829493105,0.0,2026-03-11 12:55:06.321021
0.8304538799414348,0.5086941925376283,0.9540972458347501,0.02393169987634273,0.8633846153846154,0.245735430158353,0.9064771442416412,-0.00047254140644081843,-0.0004966805185344647,0.002326906222611669,0.014739371335329654,0.0,2026-03-11 12:55:06.345196
0.830503512880562,0.5096802018647435,0.9540972458347501,0.026620655171666827,0.8633846153846154,0.24953436477136143,0.9064771442416412,-0.0011726143397354782,-0.0012334232876938245,0.002326906222611669,0.010405882982900794,0.0,2026-03-11 12:55:06.363214
0.8305531167690957,0.5096880031485921,0.9541128484024474,0.026642762928412042,0.8634266379575515,0.24953640510892602,0.9065073470046826,-0.0011960003175032208,-0.0012580220057947233,0.002351892341434625,0.010405882982900794,0.0,2026-03-11 12:55:06.381293
0.8306026916325336,0.5096957991308547,0.9541284403669725,0.026664856745742406,0.8634686346863468,0.24953844404325506,0.9065375302663439,-0.0012193635794109925,-0.0012825968300460566,0.0023768507287160734,0.010405882982900794,0.0,2026-03-11 12:55:06.399467
0.830652237496344,0.5097035898169336,0.9541440217391305,0.02668693663684107,0.8635106055948355,0.24954048157579584,0.906567694045506,-0.0011831128760392273,-0.0012444188023306157,0.002335408604177913,0.010405882982900794,0.0,2026-03-11 12:55:06.428184
0.8307017543859649,0.5097113752122241,0.9541595925297114,0.026709002614867222,0.8635525507068224,0.24954251770799363,0.9065978383610259,-0.0012064534551685657,-0.0012689688314224679,0.0023603393060602773,0.010405882982900794,0.0,2026-03-11 12:55:06.445940
0.830751242326805,0.5097191553221139,0.9541751527494908,0.026731054692970286,0.8635944700460829,0.24954455244129187,0.9066279632317369,-0.0011702560224848835,-0.0012308488768175696,0.0023189696961757322,0.010405882982900794,0.0,2026-03-11 12:55:06.468588
0.8308007013442431,0.5097269301519833,0.9541907024092298,0.02675309288427815,0.8636363636363636,0.24954658577713182,0.9066580686764469,-0.0011341117431533654,-0.0011927877947295329,0.0022776724107839152,0.010405882982900794,0.0,2026-03-11 12:55:06.487304
0.8308501314636284,0.5097346997072056,0.9542062415196744,0.026775117201905042,0.8636782315013817,0.24954861771695291,0.9066881547139404,-0.0010980205001817067,-0.0011547854488793696,0.002236447260388519,0.010405882982900794,0.0,2026-03-11 12:55:06.509193
0.830607476635514,0.5096661459699212,0.9542062415196744,0.02659378406568825,0.8634131368937998,0.24928634899739174,0.9065420560747663,-0.0010619821769211057,-0.0011168417034082,0.002236447260388519,0.010678179912229191,0.0,2026-03-11 12:55:06.542480
0.8303649635036496,0.5095978796696904,0.9542062415196744,0.026413087458309413,0.86314820497085,0.24902490545509304,0.9063960045110359,-0.0010853001062889334,-0.0011413641827124898,0.002236447260388519,0.010406711266857771,0.0,2026-03-11 12:55:06.568006
0.830122591943958,0.5094360949559705,0.9538826720922347,0.02593714002655526,0.86314820497085,0.248982679951533,0.90625,-0.001781915319033267,-0.0018753387898846618,0.0030678944051943935,0.010406711266857771,0.0,2026-03-11 12:55:06.587266
0.8301721622410272,0.5094439114522261,0.9538983050847457,0.02595926101373767,0.8631901840490798,0.24898472020686913,0.906280193236715,-0.0018052106315927796,-0.0018998554449685123,0.003092797467717623,0.010406711266857771,0.0,2026-03-11 12:55:06.612578
0.8302217036172695,0.509451722650958,0.9539139274822094,0.025981368091024335,0.8632321373811714,0.24898675906274864,0.9063103670315519,-0.001828483360233335,-0.0019243483320883215,0.0031176729368198597,0.010406711266857771,0.0,2026-03-11 12:55:06.631993
0.8302712160979877,0.5094595285575497,0.9539295392953929,0.026003461271533416,0.8632740649908032,0.24898879652061118,0.9063405214032829,-0.0018517335377801203,-0.001948817485790233,0.0031425208583372166,0.010406711266857771,0.0,2026-03-11 12:55:06.675308
0.8303206997084548,0.5094673291773778,0.9539451405350491,0.026025540568363977,0.8633159669016243,0.24899083258189442,0.9063706563706563,-0.0018749611969951507,-0.001973262940553777,0.003167341278004554,0.010406711266857771,0.0,2026-03-11 12:55:06.694977
0.8303701544739143,0.5094751245158112,0.953960731211916,0.02604760599459716,0.8633578431372549,0.24899286724803393,0.9064007719523962,-0.001898166370576826,-0.001997684730792093,0.00319213424145548,0.010406711266857771,0.0,2026-03-11 12:55:06.720858
0.8304195804195804,0.5094829145782119,0.9539763113367175,0.026069657563301117,0.8633996937212863,0.24899490052046339,0.9064308681672025,-0.0019213490911604847,-0.0020220828908512622,0.003216899794222572,0.010406711266857771,0.0,2026-03-11 12:55:06.740858
0.830468977570638,0.5094906993699344,0.9539918809201624,0.026091695287527188,0.863441518677281,0.24899693240061455,0.9064609450337512,-0.0019445093913179612,-0.002046457455010753,0.0032416379817380436,0.010406711266857771,0.0,2026-03-11 12:55:06.769021
0.8305183459522423,0.509498478896326,0.9540074399729456,0.026113719180304876,0.8634833180287725,0.24899896288991707,0.906491002570694,-0.001967647303558362,-0.0020708084574843078,0.0032663488493335224,0.010406711266857771,0.0,2026-03-11 12:55:06.813637
0.8305676855895197,0.5095062531627268,0.9540229885057471,0.026135729254655498,0.8635250917992656,0.24900099198979886,0.9065210407966591,-0.001990762860328177,-0.0020951359324195007,0.0032910324422408266,0.010406711266857771,0.0,2026-03-11 12:55:06.840049
0.8306169965075669,0.5095140221744696,0.9540385265292328,0.026157725523578375,0.8635668400122362,0.2490030197016857,0.9065510597302504,-0.002013856094010613,-0.00211943991389707,0.0033156888055915212,0.010406711266857771,0.0,2026-03-11 12:55:06.865082
0.8303753273203375,0.5093528670179613,0.9537162162162162,0.025684226290762772,0.8635668400122362,0.24896095482771355,0.9064055225557874,-0.0015543015543015848,-0.0016357915355602604,0.002789050068210952,0.010406711266857771,0.0,2026-03-11 12:55:06.891827
0.8304246655031995,0.5093606825842876,0.9537318473488686,0.02570631108311213,0.8636085626911315,0.24896299501833777,0.9064355641149093,-0.0015775830537047009,-0.00166029365328213,0.002813955836326154,0.010406711266857771,0.0,2026-03-11 12:55:06.918486
0.8304739749927305,0.5093684928733914,0.9537474679270763,0.02572838203143669,0.8636502598593703,0.24896503381468385,0.9064655863949944,-0.0015411139103540528,-0.0016218502323139816,0.0027721136225535847,0.010406711266857771,0.0,2026-03-11 12:55:06.961135
0.8305232558139535,0.509376297890616,0.9537630779615255,0.025750439148751293,0.8636919315403423,0.2489670712181807,0.9064955894145951,-0.0015643729589379651,-0.0016463277826728184,0.0027969919614087013,0.010406711266857771,0.0,2026-03-11 12:55:06.988290
0.8305725079918629,0.5093840976412972,0.953778677462888,0.025772482448050704,0.8637335777574091,0.24896910723025548,0.9065255731922399,-0.001527957172051786,-0.0016079426129289587,0.0027552226434788274,0.010406711266857771,0.0,2026-03-11 12:55:07.015453
0.8306217315514236,0.5093918921307639,0.9537942664418212,0.025794511942317532,0.8637751985339035,0.24897114185233318,0.9065555377464337,-0.0014915946246200074,-0.0015696164972924809,0.002713526031063229,0.010406711266857771,0.0,2026-03-11 12:55:07.042624
0.8306709265175719,0.5093996813643374,0.9538098449089684,0.02581652764451481,0.8638167938931298,0.24897317508583708,0.9065854830956578,-0.0014552851999749539,-0.001531349299589424,0.002671901934495291,0.010406711266857771,0.0,2026-03-11 12:55:07.076320
0.8307200929152149,0.5094074653473322,0.9538254128749579,0.025838529567592687,0.8638583638583639,0.24897520693218828,0.9066154092583695,-0.001478521830198809,-0.0015558004500708655,0.0026967528893780957,0.010406711266857771,0.0,2026-03-11 12:55:07.123476
0.8307692307692308,0.5094152440850553,0.9538409703504043,0.025860517724479715,0.8638999084528532,0.24897723739280606,0.9066453162530024,-0.0015017360744591368,-0.0015802280445307293,0.002721576505476553,0.010406711266857771,0.0,2026-03-11 12:55:09.477388
0.830818340104469,0.5094230175828071,0.9538565173459077,0.0258824921280958,0.863941427699817,0.2489792664691079,0.9066752040979671,-0.0015249279650898506,-0.0016046321169931321,0.002746372827879595,0.010406711266857771,0.0,2026-03-11 12:55:09.485359
0.83086742094575,0.5094307858458802,0.9538720538720539,0.02590445279133789,0.8639829216224458,0.24898129416250908,0.9067050728116498,-0.0015480975343629133,-0.0016290127014164657,0.002771141901576679,0.010406711266857771,0.0,2026-03-11 12:55:09.493381
0.8309164733178654,0.5094385488795604,0.9538875799394143,0.025926399727090436,0.8640243902439024,0.24898332047442306,0.9067349224124139,-0.0015712448144881153,-0.0016533698316942846,0.0027958837714585627,0.010406711266857771,0.0,2026-03-11 12:55:09.495463
0.8309654972455784,0.5094463066891265,0.9539030955585465,0.025948332948221006,0.8640658335873209,0.24898534540626147,0.9067647529185991,-0.0015349883963022837,-0.001615156761086034,0.002754332001730919,0.010406711266857771,0.0,2026-03-11 12:55:09.513772
0.8310144927536232,0.5094540592798499,0.9539186007399932,0.025970252467580206,0.8641072516758075,0.24898736895943388,0.9067945643485212,-0.001498784868587899,-0.0015770023444621195,0.002712852370492458,0.010406711266857771,0.0,2026-03-11 12:55:09.522420
0.8310634598667053,0.5094618066569951,0.9539340954942838,0.025992158298004137,0.8641486445324399,0.24898939113534804,0.9068243567204731,-0.0015219098917128582,-0.0016013341991851782,0.002737567081351422,0.010406711266857771,0.0,2026-03-11 12:55:09.531176
0.8311123986095017,0.5094695488258196,0.9539495798319327,0.02601405045231242,0.8641900121802679,0.24899141193540975,0.9068541300527242,-0.001545012689923797,-0.0016256426691370063,0.0027622546778813817,0.010406711266857771,0.0,2026-03-11 12:55:09.539987
0.8308717057631045,0.5094015681586442,0.9539495798319327,0.02583440819698216,0.8639269406392694,0.24873082430573726,0.9067092651757188,-0.0015088619370312584,-0.0015875449214777237,0.0027622546778813817,0.010676532769556046,0.0,2026-03-11 12:55:09.548018
0.8309206716850029,0.5094093051243983,0.9539650537634409,0.025856290409509423,0.8639683505782106,0.24873284161787454,0.9067390610028745,-0.0014727638436475843,-0.0015495055611709496,0.0027208469974342453,0.010676532769556046,0.0,2026-03-11 12:55:09.558509
0.8309696092619392,0.5094170368923251,0.9539805172992946,0.025878158972868107,0.8640097353209614,0.24873485755840216,0.9067688378033206,-0.0014367182947958579,-0.0015115244540961914,0.0026795110807313893,0.010676532769556046,0.0,2026-03-11 12:55:09.567166
0.8310185185185185,0.5094247634676611,0.9539959704499664,0.02590001389982911,0.8640510948905109,0.24873687212871873,0.906798595595276,-0.0014597989001170486,-0.001535806806095552,0.0027041716075284494,0.010676532769556046,0.0,2026-03-11 12:55:09.575878
0.8310673994793173,0.5094324848556352,0.9540114132259148,0.025921855203138534,0.8640924293098207,0.24873888533022098,0.9068283343969368,-0.0014238057811544191,-0.001497882899072156,0.0026629072681705335,0.010676532769556046,0.0,2026-03-11 12:55:09.584678
0.8311162521688837,0.5094402010614698,0.9540268456375839,0.025943682895537026,0.8641337386018237,0.24874089716430373,0.9068580542264753,-0.0013878649777717689,-0.00146001697967435,0.0026217143204031457,0.010676532769556046,0.0,2026-03-11 12:55:09.593571
0.8311650766117374,0.50944791209038,0.9540422676954042,0.025965496989737213,0.8641750227894257,0.24874290763235984,0.9068877551020408,-0.0014109234221660882,-0.0014842741811165183,0.002646347821965267,0.010676532769556046,0.0,2026-03-11 12:55:09.602631
0.8312138728323699,0.5094556179475739,0.9540576794097921,0.02598729749844742,0.8642162818955043,0.2487449167357803,0.9069174370417598,-0.0014339597375351287,-0.0015085081030949965,0.002670954342693155,0.010676532769556046,0.0,2026-03-11 12:55:09.611745
0.8312626408552442,0.5094633186382528,0.9540730807911498,0.026009084434352805,0.8642575159429092,0.24874692447595434,0.9069471000637349,-0.0014569739557190875,-0.0015327187791049912,0.002695533926890592,0.010676532769556046,0.0,2026-03-11 12:55:09.621417
0.8313113807047949,0.5094710141676109,0.954088471849866,0.026030857810124704,0.8642987249544627,0.24874893085426905,0.9069767441860465,-0.0014799661084974325,-0.0015569062425784264,0.002720086618763884,0.010676532769556046,0.0,2026-03-11 12:55:09.631617
0.8313600924054289,0.5094787045408353,0.9541038525963149,0.02605261763841808,0.864339908952959,0.24875093587210992,0.9070063694267516,-0.0015029362275882363,-0.0015810705268817227,0.0027446124624229684,0.010676532769556046,0.0,2026-03-11 12:55:09.639038
0.8311200923787528,0.5094110077177817,0.9541038525963149,0.025873639115034392,0.8640776699029126,0.24849114370110373,0.9068619646553095,-0.0015258843446493975,-0.0016052116653193504,0.0027446124624229684,0.010407160407160387,0.0,2026-03-11 12:55:09.647447
0.8311688311688312,0.5094186929400529,0.9541192230408574,0.0258953890867988,0.8641188959660298,0.24849314526725963,0.9068916122871241,-0.0015488104912776413,-0.0016293296911300548,0.002769111501881416,0.010407160407160387,0.0,2026-03-11 12:55:09.653761
0.8312175418349682,0.5094263730165441,0.9541345831938399,0.025917125537698336,0.8641600970285022,0.24849514547712467,0.9069212410501193,-0.0015717146990096298,-0.0016534246374901862,0.002793583781056319,0.010407160407160387,0.0,2026-03-11 12:55:09.660257
0.8312662244014999,0.5094340479524221,0.9541499330655957,0.025938848480337704,0.8642012731130646,0.2484971443320772,0.9069508509623033,-0.0015358260972295756,-0.0016156092711117065,0.0027524620397674227,0.010407160407160387,0.0,2026-03-11 12:55:09.666724
0.8313148788927336,0.509441717752846,0.9541652726664436,0.02596055792730368,0.8642424242424243,0.2484991418334936,0.9069804420416601,-0.001499989583405692,-0.0015778516381168561,0.002711411320484136,0.010407160407160387,0.0,2026-03-11 12:55:09.672942
0.831363505332949,0.5094493824229687,0.954180602006689,0.025982253891171463,0.8642835504392609,0.24850113798274848,0.9070100143061518,-0.0014642050442210675,-0.001540151606392648,0.002670431439370513,0.010407160407160387,0.0,2026-03-11 12:55:09.684897
0.8314121037463977,0.5094570419679358,0.9541959210966232,0.02600393638449456,0.8643246517262265,0.24850313278121444,0.9070395677737169,-0.0014870873445329558,-0.001564220784218806,0.0026948770020835955,0.010407160407160387,0.0,2026-03-11 12:55:09.689593
0.8314606741573034,0.5094646963928863,0.9542112299465241,0.026025605419818455,0.8643657281259461,0.2485051262302624,0.9070691024622717,-0.0015099477688407248,-0.0015882669513587189,0.002719295892060436,0.010407160407160387,0.0,2026-03-11 12:55:09.699238
0.8315092165898618,0.509472345702952,0.9542265285666556,0.026047261009666225,0.864406779661017,0.24850711833126138,0.9070986183897094,-0.001474215091307074,-0.0015506225807955243,0.0026783866659142452,0.010407160407160387,0.0,2026-03-11 12:55:09.706234
0.8315577310682407,0.5094799899032582,0.9542418169672678,0.02606890316655094,0.8644478063540091,0.24850910908557844,0.9071281155739006,-0.0014970536709666415,-0.0015746448673277236,0.0027027789267852764,0.010407160407160387,0.0,2026-03-11 12:55:09.716309
0.8316062176165803,0.5094876289989231,0.9542570951585977,0.02609053190296374,0.8644888082274652,0.24851109849457892,0.9071575940326932,-0.0015198704372741956,-0.0015986442099378273,0.002727144602085896,0.010407160407160387,0.0,2026-03-11 12:55:09.723416
0.8313669064748201,0.5094202142459655,0.9542570951585977,0.025912213229244745,0.8642273964318113,0.24825209780045385,0.9070136464614408,-0.0015426654214658608,-0.0016226206414808875,0.002727144602085896,0.010139860139860124,0.0,2026-03-11 12:55:09.730710
0.8314154200230149,0.5094278482421006,0.9542723631508678,0.025933832193301313,0.8642684401451027,0.24825408379352035,0.9070431472081217,-0.001506984492922192,-0.0015850309099203486,0.002686305848336179,0.010139860139860124,0.0,2026-03-11 12:55:09.741375
0.8314639056658039,0.5094354771438105,0.9542876209542877,0.02595543776316796,0.8643094590510728,0.24825606844539455,0.9070726292419917,-0.0014713552010333641,-0.0015474983925631847,0.002645537385040364,0.010139860139860124,0.0,2026-03-11 12:55:09.754430
0.8315123634272571,0.509443100956193,0.9543028685790527,0.02597702995129209,0.8643504531722055,0.24825805175743476,0.9071020925808497,-0.0014941284342858685,-0.001571450149302267,0.002669876518211045,0.010139860139860124,0.0,2026-03-11 12:55:09.764891
0.8312733544121874,0.5093759665140586,0.9543028685790527,0.025799342160185385,0.8640893989731199,0.2479998529858001,0.9069583135203677,-0.0014585506670419246,-0.0015339738194060093,0.002669876518211045,0.010407239819004488,0.0,2026-03-11 12:55:09.791131
0.8313218390804598,0.5093835852422047,0.9543181060353451,0.02582092456307036,0.8641304347826086,0.24800183289802735,0.9069877990809697,-0.0014230243127564268,-0.0014965544444185408,0.0026291781640525036,0.010407239819004488,0.0,2026-03-11 12:55:09.808952
0.8313702958919851,0.5093911988911989,0.9543333333333334,0.025842493610411615,0.8641714458194989,0.24800381147452252,0.9070172659591319,-0.0014457758261871012,-0.0015204815679656924,0.0026534907984391287,0.010407239819004488,0.0,2026-03-11 12:55:09.825286
0.8311315336013785,0.5093243430152143,0.9543333333333334,0.025665430000171276,0.8639106819553409,0.24774641253493068,0.9068736141906873,-0.0014685056508538796,-0.0015443858820529677,0.0026534907984391287,0.010141987829614618,0.0,2026-03-11 12:55:09.838554
0.8311800172265289,0.5093319515901338,0.9543485504831722,0.025686989235956397,0.8639517345399699,0.2477483877248992,0.9069031032298923,-0.0014912138177551881,-0.0015682674192805113,0.0026777769772932114,0.010141987829614618,0.0,2026-03-11 12:55:09.854922
0.8312284730195177,0.5093395550960493,0.9543637574950034,0.02570853514235375,0.8639927623642943,0.24775036158322028,0.9069325735992403,-0.001513900357830944,-0.0015921262121869617,0.0027020367437722292,0.010141987829614618,0.0,2026-03-11 12:55:09.880509
0.8312769010043042,0.509347153538025,0.9543789543789544,0.025730067731724208,0.8640337654507084,0.2477523341112402,0.9069620253164556,-0.0014784253051400853,-0.0015547600969012532,0.002661408318057279,0.010141987829614618,0.0,2026-03-11 12:55:09.899595
0.8313253012048193,0.5093547469211176,0.9543941411451398,0.025751587016409394,0.8640747438215792,0.24775430531030362,0.9069914583992408,-0.001501090249271031,-0.0015785952887170662,0.0026856417152248957,0.010141987829614618,0.0,2026-03-11 12:55:11.486249
0.8313736736449671,0.509362335250378,0.9544093178036606,0.02577309300873552,0.8641156974992468,0.24775627518175328,0.9070208728652752,-0.001523733628279067,-0.0016024078019487575,0.0027098487860512943,0.010141987829614618,0.0,2026-03-11 12:55:11.518783
0.8314220183486238,0.5093699185308498,0.9544244843646041,0.02579458572101759,0.8641566265060241,0.2477582437269302,0.9070502687322163,-0.0015463554729276963,-0.001626197668948226,0.002734029573413066,0.010141987829614618,0.0,2026-03-11 12:55:11.525642
0.8314703353396389,0.5093774967675699,0.9544396408380446,0.025816065165550076,0.8641975308641975,0.24776021094717351,0.9070796460176991,-0.001510931610788968,-0.00158888559374315,0.0026934708960683063,0.010141987829614618,0.0,2026-03-11 12:55:11.535642
0.8312320916905445,0.5093109177275109,0.9544396408380446,0.025639640100829558,0.863937387116195,0.24750359750602663,0.9069363248538473,-0.0015335319517828516,-0.0016126519614347856,0.0026934708960683063,0.009878760664571162,0.0,2026-03-11 12:55:11.540311
0.831280435405328,0.5093184909255098,0.9544547872340425,0.025661109776421234,0.8639783328317785,0.24750556136652951,0.9069657242141841,-0.0014981591694742669,-0.0015753955785147156,0.0026529817876385087,0.009878760664571162,0.0,2026-03-11 12:55:11.547522
0.8313287514318443,0.5093260590898113,0.9544699235626454,0.02568256621020112,0.8640192539109507,0.24750752390614122,0.9069951050055266,-0.001520738037460112,-0.0015991384821509858,0.002677136334319541,0.009878760664571162,0.0,2026-03-11 12:55:11.552591
0.8313770397938735,0.5093336222254321,0.954485049833887,0.025704009414416893,0.8640601503759399,0.24750948512619422,0.9070244672454618,-0.0015432954630263396,-0.001622858837920793,0.0027012646830106846,0.009878760664571162,0.0,2026-03-11 12:55:11.561590
0.8314253005151688,0.5093411803373826,0.9545001660577881,0.02572543940129861,0.8641010222489477,0.24751144502801892,0.9070538109515545,-0.0015079736501446561,-0.0015856571412127263,0.00266084496465524,0.009878760664571162,0.0,2026-03-11 12:55:11.567862
0.8311874105865522,0.5092748764173238,0.9545001660577881,0.025549639055704326,0.8638412984670875,0.24725561917668343,0.9069106973808773,-0.0014727026966048218,-0.0015485117680424931,0.00266084496465524,0.010143731517777366,0.0,2026-03-11 12:55:11.573947
0.8312356979405034,0.5092824295106078,0.954515272244356,0.025571059275272992,0.8638822115384616,0.24725757573723103,0.9069400630914827,-0.0014952387102814546,-0.00157220784903922,0.0026849471579548645,0.010143731517777366,0.0,2026-03-11 12:55:11.580409
0.8309979982842436,0.5092163990087759,0.954515272244356,0.025395870282719148,0.8636227095223791,0.24700253949015927,0.9067970351679545,-0.0015177533425408951,-0.0015958814479859473,0.0026849471579548645,0.009882506080224784,0.0,2026-03-11 12:55:11.586980
0.8310463121783876,0.5092239470883901,0.9545303684035845,0.025417280696047265,0.8636636636636636,0.2470044927197363,0.9068264228283147,-0.001540246623797814,-0.0016195325968624275,0.0027090232383689683,0.009882506080224784,0.0,2026-03-11 12:55:11.594950
0.8310945984567019,0.5092314901593252,0.9545454545454546,0.025438677931482568,0.8637045932152507,0.24700644463777877,0.906855791962175,-0.0015050264198314123,-0.0015824407893840764,0.002668672731860111,0.009882506080224784,0.0,2026-03-11 12:55:11.609410
0.8311428571428572,0.5092390282265647,0.9545605306799336,0.02546006200118817,0.8637454981992797,0.2470083952456074,0.906885142587049,-0.0015274983804425268,-0.001606068645094716,0.0026927227418026556,0.009882506080224784,0.0,2026-03-11 12:55:11.622790
0.831191088260497,0.509246561295086,0.9545755968169761,0.025481432917308675,0.8637863786378638,0.24701034454454107,0.9069144747204284,-0.0014923288165967774,-0.0015690320361951837,0.002652441269522132,0.009882506080224784,0.0,2026-03-11 12:55:11.634832
0.8312392918332382,0.5092540893698594,0.954590652966523,0.025502790691981483,0.8638272345530894,0.24701229253589713,0.9069437883797826,-0.0014572097837336484,-0.0015320513738348307,0.0026122286544593143,0.009882506080224784,0.0,2026-03-11 12:55:11.646427
0.8312874678846702,0.5092616124558491,0.9546056991385024,0.025524135337318527,0.8638680659670165,0.24701423922099083,0.9069730835825593,-0.0014796604539984992,-0.0015556550996720375,0.0026362526362526673,0.009882506080224784,0.0,2026-03-11 12:55:11.658538
0.8313356164383562,0.5092691305580124,0.9546207353428288,0.025545466865428808,0.8639088729016786,0.2470161846011359,0.907002360346184,-0.0015020898641587843,-0.0015792364734963371,0.002660250632127381,0.009882506080224784,0.0,2026-03-11 12:55:11.680386
0.8313837375178317,0.5092766436812999,0.954635761589404,0.025566785288396315,0.863949655379083,0.24701812867764422,0.9070316186880604,-0.0015244980443994693,-0.0016027955270423444,0.002684222684222748,0.009882506080224784,0.0,2026-03-11 12:55:11.691979
0.8311466058185967,0.5091186437207589,0.9543197616683218,0.02510199652981691,0.863949655379083,0.24697724179022063,0.9068889587920729,-0.0022073045234284328,-0.0023223377652084043,0.0034980497149583734,0.009882506080224784,0.0,2026-03-11 12:55:11.705548
0.831194753350442,0.5091262016688614,0.9543348775645268,0.025123400674666202,0.8639904134212103,0.24697919777380112,0.9069182389937107,-0.0021717712514114362,-0.002284867263748991,0.003457245641546036,0.009882506080224784,0.0,2026-03-11 12:55:11.717930
0.8312428734321551,0.5091337546166674,0.9543499834601389,0.025144791677423655,0.8640311470500149,0.2469811524478386,0.9069475007859163,-0.002136288923153651,-0.0022474532788834267,0.0034165111402962856,0.009882506080224784,0.0,2026-03-11 12:55:11.731219
0.8312909660872043,0.5091413025691376,0.9543650793650794,0.025166169550192602,0.8640718562874251,0.2469831058136479,0.9069767441860466,-0.002158675903602192,-0.0022710051927037345,0.003440457290660559,0.009882506080224784,0.0,2026-03-11 12:55:11.753202
0.8313390313390313,0.5091488455312261,0.9543801652892562,0.025187534305055766,0.8641125411553428,0.24698505787254207,0.9070059692114358,-0.0021810417143293126,-0.002294534835210804,0.003464377581251288,0.009882506080224784,0.0,2026-03-11 12:55:11.766154
0.831387069211051,0.5091563835078802,0.9543952412425645,0.025208885954084017,0.8641532016756434,0.2469870086258326,0.9070351758793971,-0.0022033863853486713,-0.0023180422379800447,0.003488272053935204,0.009882506080224784,0.0,2026-03-11 12:55:11.790806
0.8311503416856492,0.5090906247365086,0.9543952412425645,0.025034502259266497,0.863894705354472,0.2467327759196234,0.9068927618150417,-0.0022257099466175267,-0.0023415274325275792,0.003488272053935204,0.009623259623259717,0.0,2026-03-11 12:55:11.811688
0.8311984059208654,0.5090981577326694,0.9544103072348861,0.025055844234249433,0.8639354066985646,0.24673472336198107,0.9069219902684037,-0.0022480124280361835,-0.0023649904503095787,0.003512140750489001,0.009623259623259717,0.0,2026-03-11 12:55:11.832820
0.8312464428002276,0.5091056857532713,0.9544253632760898,0.02507717312887284,0.8639760837070254,0.24673666950269363,0.9069512003765888,-0.0022702938594487687,-0.00238843132272315,0.003535983712599,0.009623259623259717,0.0,2026-03-11 12:55:11.856681
0.8312944523470839,0.5100668910836301,0.9544253632760898,0.027698802346327454,0.8639760837070254,0.2504271981444963,0.9069512003765888,-0.0018208561574355464,-0.0019156065909673448,0.003535983712599,0.013139554648988638,0.0,2026-03-11 12:55:11.873573
0.8313424345847554,0.5100744141336011,0.9544404093760317,0.027720160863110535,0.8640167364016736,0.25042917207454185,0.9069803921568627,-0.0018433179723501558,-0.0019392372333548735,0.003559800981861927,0.013139554648988638,0.0,2026-03-11 12:55:11.890395
0.8313903895365368,0.5100819322178625,0.9544554455445544,0.027741506296474545,0.8640573648043024,0.2504311446861199,0.9070095656264701,-0.0018657586168455698,-0.0019628456036950848,0.0035835925997848017,0.013139554648988638,0.0,2026-03-11 12:55:13.700781
0.8314383172256964,0.5100894453413292,0.9544704717914879,0.027762838658443513,0.8640979689366786,0.2504331159805511,0.9070387208026336,-0.0018881781208373027,-0.0019864317334601367,0.0036073586077852715,0.013139554648988638,0.0,2026-03-11 12:55:13.862309
0.831486217675476,0.5100969535089098,0.9544854881266491,0.027784157961017283,0.8641385488205434,0.2504350859591546,0.9070678577025544,-0.0018527466268606352,-0.0019490838666897936,0.003566693500915985,0.013139554648988638,0.0,2026-03-11 12:55:13.864869
0.8315340909090909,0.5101044567255061,0.9545004945598418,0.027805464216183927,0.8641791044776119,0.25043705462324745,0.9070969763434121,-0.0018173658580006302,-0.0019117922467069004,0.003526097611249779,0.013139554648988638,0.0,2026-03-11 12:55:13.869852
0.8315819369497301,0.5101119549960137,0.954515491100857,0.027826757435919135,0.8642196359295733,0.2504390219741452,0.9071260767423649,-0.0018397642513483525,-0.0019353544119982136,0.00354983805065634,0.013139554648988638,0.0,2026-03-11 12:55:13.874894
0.8316297558205565,0.5101194483253216,0.9545304777594729,0.0278480376321824,0.8642601431980907,0.25044098801316145,0.9071551589165493,-0.0018621415638552241,-0.001958894401133948,0.0035735529627087814,0.013139554648988638,0.0,2026-03-11 12:55:13.876987
0.8316775475447062,0.5101269367183126,0.9545454545454546,0.02786930481691501,0.8643006263048016,0.25044295274160827,0.9071842228830803,-0.0018844978252685607,-0.0019824122454068505,0.003597242388557964,0.013139554648988638,0.0,2026-03-11 12:55:13.882183
0.8317253121452894,0.5101344201798624,0.9545604214685545,0.027890559002050706,0.8643410852713178,0.2504449161607957,0.9072132686590518,-0.0019068330652795007,-0.0020059079760508247,0.0036209063692665966,0.013139554648988638,0.0,2026-03-11 12:55:13.888448
0.8317730496453901,0.5101418987148413,0.9545753785385122,0.027911800199503727,0.8643815201192251,0.25044687827203227,0.9072422962615361,-0.0019291473135235604,-0.0020293816242413776,0.003644544945809236,0.013139554648988638,0.0,2026-03-11 12:55:13.900844
0.8318207600680658,0.5101493723281124,0.9545903257650543,0.027933028421173723,0.8644219308700835,0.2504488390766247,0.907271305707584,-0.0018938171609280685,-0.001992141753933474,0.0036040180967717994,0.013139554648988638,0.0,2026-03-11 12:55:13.906776
0.8315849163595124,0.5100820481284288,0.9545903257650543,0.02775511567880047,0.8641644325290437,0.2501921000659561,0.9071294559099438,-0.00191611044698492,-0.0020155924792211177,0.0036040180967717994,0.012870012870012881,0.0,2026-03-11 12:55:13.912850
0.8316326530612245,0.510089516824849,0.9546052631578947,0.0277763344442871,0.8642048838594402,0.2501940575564961,0.907158487027196,-0.0018808308021128761,-0.0019784077384630283,0.003563560112388564,0.012870012870012881,0.0,2026-03-11 12:55:13.918978
0.8316803627089827,0.510096980609269,0.9546201907267347,0.027797540259033787,0.8642453111044954,0.2501960137443368,0.9071875,-0.0019031031555067912,-0.002001835574852562,0.003587173325651616,0.012870012870012881,0.0,2026-03-11 12:55:13.929329
0.831728045325779,0.5101044394865328,0.9546351084812623,0.02781873313489255,0.8642857142857143,0.25019796863077853,0.9072164948453608,-0.0018678739101274378,-0.0019647058408553963,0.0035467840305457576,0.012870012870012881,0.0,2026-03-11 12:55:14.053906
0.8317757009345794,0.5101118934614783,0.9546500164311534,0.027839913083701325,0.864326093424576,0.2501999222171196,0.9072454715802623,-0.001832694956318992,-0.0019276318572094553,0.003506463249935421,0.012870012870012881,0.0,2026-03-11 12:55:14.055292
0.8315402038505096,0.5100448446163948,0.9546500164311534,0.027662622239660237,0.864069006543724,0.24994396315040524,0.9071038251366121,-0.0017975661864674253,-0.001890613498445104,0.003506463249935421,0.013132607303010913,0.0,2026-03-11 12:55:14.060187
0.8315878856495896,0.5100522936938535,0.954664914586071,0.027683792733259337,0.864109426107642,0.24994591344071676,0.907132823474325,-0.0018198176366671648,-0.0019140167491427107,0.0035300511407176938,0.013132607303010913,0.0,2026-03-11 12:55:14.061583
0.8316355404640634,0.5100597378786506,0.954679802955665,0.0277049503247414,0.8641498216409037,0.24994786243484668,0.9071618037135278,-0.0018420482130862004,-0.00193739804557147,0.003553613749730622,0.013132607303010913,0.0,2026-03-11 12:55:14.075389
0.8316831683168316,0.5100671771756047,0.9546946815495733,0.027726095025897828,0.8641901931649332,0.24994981013408704,0.9071907658711591,-0.0018069695198844604,-0.0019004334605681183,0.003513361309426477,0.013132607303010913,0.0,2026-03-11 12:55:14.076908
0.8317307692307693,0.5100746115895283,0.9547095503774204,0.027747226848506404,0.8642305407011289,0.2499517565397279,0.9072197099641354,-0.0018291792518810857,-0.0019237919718060326,0.0035368986772943423,0.013132607303010913,0.0,2026-03-11 12:55:14.084561
0.8317783432287249,0.5100820411252275,0.9547244094488189,0.027768345804327396,0.8642708642708643,0.24995370165305789,0.9072486360093531,-0.001851368168758749,-0.0019471285912806557,0.0035604108445541627,0.013132607303010913,0.0,2026-03-11 12:55:14.092394
0.8318258903335217,0.5100894657875021,0.9547392587733683,0.027789451905109883,0.8643111638954869,0.2499556454753637,0.907277544023687,-0.0018163394452054282,-0.0019102176637215695,0.0035202265709566305,0.013132607303010913,0.0,2026-03-11 12:55:14.094065
0.831873410567957,0.5100968855811459,0.9547540983606557,0.027810545162587873,0.8643514395963194,0.2499575880079305,0.9073064340239912,-0.0018385075762125114,-0.0019335315632975636,0.003543713578058827,0.013132607303010913,0.0,2026-03-11 12:55:14.146771
0.8319209039548022,0.5101043005109458,0.9547689282202556,0.027831625588478986,0.8643916913946588,0.24995952925204154,0.9073353060270987,-0.0018606549505426617,-0.0019568236333797895,0.003567175465367445,0.013132607303010913,0.0,2026-03-11 12:55:14.148039
0.8319683705168032,0.510111710581683,0.95478374836173,0.027852693194490727,0.8644319193117769,0.24996146920897863,0.9073641600498209,-0.0018827815973347928,-0.001980093904612845,0.003590612273159821,0.013132607303010913,0.0,2026-03-11 12:55:14.151302
0.8320158102766798,0.5101191157981322,0.9547985587946283,0.027873747992313465,0.8644721233689205,0.24996340788002167,0.9073929961089495,-0.0019048875456734171,-0.0020033424075847073,0.0036140240416278058,0.013132607303010913,0.0,2026-03-11 12:55:14.152607
0.8320632232571268,0.5101265161650617,0.9548133595284872,0.02789478999362235,0.864512303587311,0.24996534526644898,0.907421814221254,-0.0019269728245885354,-0.0020265691728256208,0.003637410810876762,0.013132607303010913,0.0,2026-03-11 12:55:14.153929
0.8321106094808126,0.5101339116872338,0.9548281505728314,0.027915819210081516,0.8645524599881447,0.24996728136953705,0.9074506144034842,-0.0019490374630561913,-0.0020497742308096534,0.003660772620927011,0.013132607303010913,0.0,2026-03-11 12:55:14.159376
0.8321579689703809,0.5101413023694044,0.9548429319371727,0.027936835653339192,0.8645925925925926,0.2499692161905609,0.9074793966723682,-0.0019710814899979168,-0.002072957611952919,0.003684109511713274,0.013132607303010913,0.0,2026-03-11 12:55:14.160808
0.832205301748449,0.5101486882163234,0.9548577036310107,0.027957839335026213,0.8646327014218009,0.24997114973079368,0.9075081610446136,-0.0019361026293962524,-0.002036095953818595,0.0036439932318105273,0.013132607303010913,0.0,2026-03-11 12:55:14.165356
0.8322526078376092,0.5101560692327343,0.9548724656638325,0.027978830266768617,0.8646727864968907,0.24997308199150683,0.9075369075369075,-0.001901173525353017,-0.0019992894365343794,0.0036039447731756047,0.013132607303010913,0.0,2026-03-11 12:55:14.166912
0.8322998872604284,0.5101634454233744,0.9548872180451128,0.027999808460166895,0.864712847838958,0.24997501297397032,0.9075656361659158,-0.0019231969696364981,-0.0020224494684435435,0.003627256784547228,0.013132607303010913,0.0,2026-03-11 12:55:14.171549
0.832065370526909,0.5100966702470462,0.9548872180451128,0.027823177401711148,0.8644569399230542,0.24971980615605885,0.9074246660453557,-0.001945199860075686,-0.002045587885763922,0.003627256784547228,0.012865084563578044,0.0,2026-03-11 12:55:14.176410
0.832112676056338,0.5101040416166467,0.9549019607843138,0.02784414629663722,0.8644970414201183,0.24972173389144786,0.9074534161490684,-0.0019103204065002988,-0.002008834687553085,0.003587275975335591,0.012865084563578044,0.0,2026-03-11 12:55:14.225600
0.8321599549422698,0.5101114081699325,0.9549166938908853,0.0278651024776538,0.8645371191955042,0.2497236603524242,0.9074821484011176,-0.0019323027718550767,-0.0020319506726458325,0.003610563147057544,0.012865084563578044,0.0,2026-03-11 12:55:14.226702
0.8322072072072072,0.5101187699116224,0.9549314173742652,0.027886045956321492,0.8645771732702543,0.24972558554025134,0.9075108628181254,-0.0019542646408318154,-0.002055045104372377,0.0036338255188095303,0.012865084563578044,0.0,2026-03-11 12:55:14.229910
0.8322544328736279,0.510126126846429,0.9549461312438785,0.027906976744186497,0.8646172036653857,0.24972750945619118,0.9075395594166925,-0.0019762060420835947,-0.0020781180128637278,0.0036570631301870993,0.012865084563578044,0.0,2026-03-11 12:55:14.231148
0.8323016319639842,0.510133478979059,0.9549608355091384,0.02792789485277927,0.8646572104018913,0.24972943210150386,0.9075682382133995,-0.00199812700420976,-0.0021011694281936055,0.003680276020701534,0.012865084563578044,0.0,2026-03-11 12:55:14.236428
0.8323488045007033,0.5101408263142124,0.9549755301794454,0.027948800293618837,0.8646971935007386,0.249731353477448,0.9075968992248062,-0.0020200275557566982,-0.0021241993803808867,0.0037034642297799625,0.012865084563578044,0.0,2026-03-11 12:55:14.237735
0.8323959505061868,0.5101481688565837,0.9549902152641878,0.027969693078207118,0.8647371529828707,0.24973327358528022,0.9076255424674519,-0.0020419077252176177,-0.0021472078993880483,0.0037266277967659134,0.012865084563578044,0.0,2026-03-11 12:55:14.239084
0.8321619342142255,0.5100816656769004,0.9549902152641878,0.027793687223502367,0.8644818423383526,0.24947883309783506,0.907484890748489,-0.0020070778163204794,-0.0021105045297828973,0.0037266277967659134,0.013125334403424227,0.0,2026-03-11 12:55:14.243534
0.8322091062394603,0.5100890034311776,0.9550048907727421,0.027814570748840167,0.864521841794569,0.24948074998380157,0.9075135553834237,-0.002028937632135297,-0.0021334908036194644,0.0037497667609190932,0.013125334403424227,0.0,2026-03-11 12:55:14.245023
0.8322562517561113,0.5100963364020424,0.9550195567144719,0.02783544164216162,0.8645618176453231,0.24948266560545454,0.9075422022611119,-0.002050777122691305,-0.0021564557048165955,0.003772881161416164,0.013125334403424227,0.0,2026-03-11 12:55:14.249601
0.8323033707865168,0.5101036645941711,0.9550342130987293,0.027856299914921417,0.8646017699115044,0.24948457996404447,0.9075708313980493,-0.002072596316323061,-0.00217939926316868,0.0037959710373502986,0.013125334403424227,0.0,2026-03-11 12:55:14.257266
0.8320696433586071,0.5100374317526166,0.9550342130987293,0.02768090253330668,0.8643468003538779,0.24923090976121956,0.9074303405572756,-0.0020943952413122746,-0.0022023215084150394,0.0037959710373502986,0.012859808102345438,0.0,2026-03-11 12:55:14.268951
0.8321167883211679,0.5100447551706787,0.9550488599348534,0.027701751535080664,0.8643867924528302,0.24923282091280252,0.9074589910244506,-0.002116173925888365,-0.002225222470239485,0.00381903642773207,0.012859808102345438,0.0,2026-03-11 12:55:14.277199
0.8321639068200954,0.5100520738193379,0.9550634972321719,0.02772258794045435,0.8644267609784851,0.24923473080510042,0.9074876237623762,-0.002137932398228126,-0.002248102178271205,0.0038420773714891165,0.012859808102345438,0.0,2026-03-11 12:55:14.359541
0.8322109988776656,0.510059387703252,0.955078125,0.027743411760841476,0.8644667059516794,0.24923663943935773,0.9075162387875039,-0.002103151928520508,-0.0022114485576756326,0.0038021640404365398,0.012859808102345438,0.0,2026-03-11 12:55:14.360747
0.832258064516129,0.5100666968270724,0.9550927432476407,0.027764223007639047,0.8645066273932254,0.24923854681681717,0.9075448361162647,-0.002068420792812331,-0.0021748496031808173,0.0037623180168562254,0.012859808102345438,0.0,2026-03-11 12:55:14.361970
0.8320246775098149,0.5100007326785871,0.9550927432476407,0.027589434399295818,0.8642520612485277,0.2489856410725187,0.9074045447518937,-0.002090159081040599,-0.0021977064163065663,0.0037623180168562254,0.012596255974508752,0.0,2026-03-11 12:55:14.366391
0.832071768993552,0.5100080370469593,0.9551073519843851,0.027610236376353976,0.8642920223726818,0.24898754526025355,0.9074331633441508,-0.0020554771744404343,-0.0021611611722320845,0.003722539130636693,0.012596255974508752,0.0,2026-03-11 12:55:14.367697
0.8321188340807175,0.5100153366645228,0.9551219512195122,0.027631025803881003,0.8643319599764567,0.24898944819494395,0.9074617642515062,-0.0020208443923539487,-0.002124670351454805,0.0036828272122390038,0.012596255974508752,0.0,2026-03-11 12:55:14.372082
0.8321658727934996,0.5100226315359111,0.9551365409622887,0.02765180269322713,0.8643718740806119,0.24899134987782653,0.9074903474903475,-0.0020425625245429346,-0.0021475043072634037,0.0037058437482165862,0.012596255974508752,0.0,2026-03-11 12:55:14.373516
0.8322128851540617,0.5100299216657515,0.9551511212219694,0.02767256705573198,0.8644117647058823,0.24899325031013617,0.9075189130770418,-0.0020079787626716694,-0.002111066958076613,0.003666198628672346,0.012596255974508752,0.0,2026-03-11 12:55:14.377964
0.8322598711845421,0.5100372070586654,0.9551656920077972,0.027693318902722606,0.8644516318729786,0.24899514949310622,0.9075474610279364,-0.002029676766841959,-0.0021338789222824506,0.003689190795633679,0.012596255974508752,0.0,2026-03-11 12:55:14.379520
0.8323068309070548,0.5100444877192682,0.9551802533290029,0.027714058245509078,0.8644914756025868,0.24899704742796855,0.9075759913593581,-0.002051354670962069,-0.002156669754515894,0.003712158632259488,0.012596255974508752,0.0,2026-03-11 12:55:14.384131
0.8323537643436888,0.5100517636521693,0.9551948051948052,0.027734785095391953,0.8645312959153688,0.2489989441159531,0.9076045040876137,-0.002073012502948779,-0.0021794394841270215,0.003735102177149119,0.012596255974508752,0.0,2026-03-11 12:55:14.395703
0.8324006715165081,0.5100590348619722,0.9552093476144109,0.027755499463655256,0.8645710928319624,0.2490008395582885,0.90763299922899,-0.0020946502906671327,-0.0022021881404112875,0.003758021468819983,0.012596255974508752,0.0,2026-03-11 12:55:14.397812
0.8321678321678322,0.5099933377748168,0.9552093476144109,0.02758132956152845,0.8643171806167401,0.24874868674469178,0.9074930619796485,-0.0020601154450078374,-0.002165801664863354,0.003758021468819983,0.012854192482445237,0.0,2026-03-11 12:55:14.402981
0.8322147651006712,0.5100006042661188,0.9552238805970149,0.027602034711924236,0.8643570170287728,0.24875057902442926,0.9075215782983971,-0.002081733216271253,-0.002188528451901428,0.003780916545708446,0.012854192482445237,0.0,2026-03-11 12:55:14.408281
0.8322616717920045,0.5100078660435114,0.9552384041518002,0.02762272740453014,0.8643968300557675,0.2487524700622286,0.9075500770416024,-0.0020472471831146644,-0.0021521952185046267,0.0037413380566173604,0.012854192482445237,0.0,2026-03-11 12:55:14.413615
0.8323085522638345,0.5100151231115803,0.9552529182879378,0.027643407650581646,0.8644366197183099,0.24875435985931224,0.9075785582255084,-0.002068844965685268,-0.002174900168235183,0.0037642089570781856,0.012854192482445237,0.0,2026-03-11 12:55:14.416005
0.8323554065381391,0.5100223754749047,0.9552674230145867,0.027664075461309553,0.864476386036961,0.248756248416901,0.9076070218663381,-0.0020344076416151102,-0.0021386200597823812,0.003724696930605065,0.012854192482445237,0.0,2026-03-11 12:55:14.426497
0.8324022346368715,0.5100296231380586,0.9552819183408944,0.027684730847924187,0.864516129032258,0.2487581357362141,0.9076354679802956,-0.0020559854632037355,-0.002161303204080589,0.003747543692912303,0.012854192482445237,0.0,2026-03-11 12:55:14.433376
0.8324490365819603,0.5100368661056094,0.9552964042759962,0.027705373821624812,0.8645558487247141,0.24876002181846918,0.9076638965835642,-0.0020215967450954997,-0.002125076103709489,0.003708097961785728,0.012854192482445237,0.0,2026-03-11 12:55:14.443341
0.8324958123953099,0.5100441043821191,0.9553108808290155,0.02772600439359954,0.8645955451348183,0.24876190666488218,0.9076923076923077,-0.002043154633361577,-0.0021477374743867905,0.0037309206241328274,0.012854192482445237,0.0,2026-03-11 12:55:14.450409
0.8325425620987998,0.5100513379721435,0.9553253480090644,0.02774662257501904,0.8646352182830355,0.24876379027666767,0.9077207013226699,-0.002064692615913688,-0.002170377920437394,0.0037537192246324125,0.012854192482445237,0.0,2026-03-11 12:55:14.457584
0.8325892857142857,0.5100585668802327,0.9553398058252427,0.027767228377043405,0.8646748681898067,0.24876567265503838,0.9077490774907749,-0.002086210720309345,-0.002192997470829683,0.003776493801316838,0.012854192482445237,0.0,2026-03-11 12:55:14.469987
0.8323570432357044,0.5099931352358537,0.9553398058252427,0.027593677013167256,0.8644216691068815,0.24851426716114702,0.9076095311299002,-0.0020518705053297337,-0.0021568216282858987,0.003776493801316838,0.013109846366417766,0.0,2026-03-11 12:55:14.480520
0.8324037925264919,0.5100003594665516,0.9553542542866387,0.02761427366122332,0.8644613583138173,0.24851614640620595,0.9076379283848164,-0.0020175786909348847,-0.0021206993795825912,0.0037371141988257195,0.013109846366417766,0.0,2026-03-11 12:55:14.488046
0.8324505157513242,0.5100075790243966,0.9553686934023286,0.02763485795345657,0.8645010242903132,0.24851802442151505,0.9076663081886619,-0.00198333517487026,-0.0020846306057111796,0.003697800558817965,0.013109846366417766,0.0,2026-03-11 12:55:14.498668
0.8324972129319955,0.510014793913921,0.9553831231813773,0.0276554299009797,0.8645406670567584,0.24851990120828127,0.9076946705575181,-0.0019491398551687578,-0.0020486151880139136,0.00365855271569715,0.013109846366417766,0.0,2026-03-11 12:55:14.509375
0.8322652549456673,0.5099496261068177,0.9553831231813773,0.027482474611029966,0.8642878034513015,0.24826925071464537,0.9075552825552825,-0.001970638108914513,-0.00207121061595239,0.00365855271569715,0.012848246476565128,0.0,2026-03-11 12:55:14.529165
0.8323119777158774,0.509956836332548,0.9553975436328378,0.027503037393691112,0.8643274853801169,0.24827112438243512,0.907583665950261,-0.0019921165394665152,-0.0020937852090103792,0.003681303306518946,0.012848246476565128,0.0,2026-03-11 12:55:14.546398
0.8323586744639376,0.5099640418990047,0.9554119547657512,0.027523587855145085,0.8643671441099093,0.24827299682532758,0.9076120319214243,-0.0020135751742298424,-0.002116338995991507,0.0037040299493503737,0.012848246476565128,0.0,2026-03-11 12:55:14.565585
0.8324053452115813,0.5099712428107027,0.9554263565891473,0.027544126006460976,0.864406779661017,0.24827486804452367,0.9076403804848113,-0.0019794279492114653,-0.002080374385645678,0.003664847738074295,0.012848246476565128,0.0,2026-03-11 12:55:14.576843
0.8324519899805177,0.509978439072151,0.9554407491120439,0.027564651858698316,0.8644463920537541,0.24827673804122272,0.9076687116564417,-0.0019453287174819867,-0.0020444628988012248,0.0036257309941520877,0.012848246476565128,0.0,2026-03-11 12:55:14.594195
0.8324986087924319,0.5109195697270481,0.9554407491120439,0.03013692735131233,0.8644463920537541,0.2518724435269654,0.9076687116564417,-0.0026135245689431486,-0.0027486403147525262,0.0036257309941520877,0.008696361559797694,0.0,2026-03-11 12:55:14.614935
0.8325452016689847,0.5109267613427498,0.9554551323434474,0.03015748250269087,0.8644859813084113,0.25187433936718817,0.9076970254523152,-0.0025790282157005517,-0.0027122621456630025,0.0035866795536421137,0.008696361559797694,0.0,2026-03-11 12:55:14.627365
0.8325917686318132,0.5109339483172024,0.9554695062923524,0.030178025351298245,0.8645255474452554,0.2518762339696376,0.907725321888412,-0.0025445802444399312,-0.0026759376316898287,0.003547693253149631,0.008696361559797694,0.0,2026-03-11 12:55:14.639272
0.8326383097025298,0.5109411306548971,0.9554838709677419,0.03019855590817386,0.8645650904845301,0.25187812733552567,0.9077536009806927,-0.0025660191107697017,-0.002698483224157444,0.003570395985783348,0.008696361559797694,0.0,2026-03-11 12:55:14.651198
0.8326848249027238,0.5109483083603199,0.9554982263785875,0.030219074184348507,0.8646046104464546,0.25188001946606275,0.907781862745098,-0.0025874382359701853,-0.0027210080564110672,0.003593074845932853,0.008696361559797694,0.0,2026-03-11 12:55:14.663247
0.8327313142539594,0.5109554814379508,0.9555125725338491,0.03023958019083726,0.8646441073512252,0.25188191036245755,0.9078101071975498,-0.0025530385449776816,-0.0026847354485506347,0.0035541535226077947,0.008696361559797694,0.0,2026-03-11 12:55:14.682174
0.8325,0.5108888163874065,0.9555125725338491,0.03006321478550425,0.8643919510061242,0.25162888979597287,0.9076711070280202,-0.0025744379563031883,-0.002707238735184081,0.0035541535226077947,0.008436692296438397,0.0,2026-03-11 12:55:14.694665
0.8325465148569842,0.5108959848417194,0.955526909442475,0.03008371178062064,0.8644314868804664,0.2516307775612268,0.9076993724169601,-0.002595817680957735,-0.0027297213196217918,0.0035768085479067624,0.008436692296438397,0.0,2026-03-11 12:55:14.707269
0.8325930038867296,0.510903148677183,0.9555412371134021,0.030104196529282718,0.8644709997085398,0.25163266409598883,0.9077276205049732,-0.0025614661688042606,-0.0026935005074024687,0.0035379520394416275,0.008436692296438397,0.0,2026-03-11 12:55:14.719836
0.832639467110741,0.5109103078982598,0.9555555555555556,0.03012466904246244,0.8645104895104895,0.2516345494014615,0.9077558513079395,-0.002582826233941904,-0.0027159616068255232,0.0035605832674452387,0.008436692296438397,0.0,2026-03-11 12:55:14.735583
0.8326859045504994,0.5109174625094066,0.9555698647778493,0.030145129331119194,0.8645499563064375,0.2516364334788464,0.9077840648417189,-0.0026041666666667407,-0.002738402061855716,0.0035831907356292936,0.008436692296438397,0.0,2026-03-11 12:55:14.758537
0.8327323162274619,0.5109246125150748,0.9555841647891857,0.030165577406199025,0.8645894001164822,0.2516383163293431,0.9078122611221525,-0.0026254874940330186,-0.0027608219009418455,0.0036057744813914328,0.008436692296438397,0.0,2026-03-11 12:55:14.777516
0.8327787021630616,0.5109317579197097,0.9555984555984556,0.03018601327863398,0.8646288209606987,0.25164019795414977,0.9078404401650618,-0.0026467887430454695,-0.0027832211524807526,0.003628334542050471,0.008436692296438397,0.0,2026-03-11 12:55:14.796594
0.832825062378708,0.5109388987277511,0.9556127372145384,0.030206436959345235,0.8646682188591386,0.2516420783544631,0.9078686019862491,-0.002668070440659087,-0.002805599844816875,0.003650870954847174,0.008436692296438397,0.0,2026-03-11 12:55:14.815775
0.8328713968957872,0.510946034943633,0.9556270096463022,0.03022684845923869,0.86470759383183,0.2516439575314781,0.9078967466014969,-0.0026893326137794604,-0.0028279580062422482,0.0036733837569442596,0.008436692296438397,0.0,2026-03-11 12:55:14.841038
0.8329177057356608,0.5109531665717838,0.9556412729026037,0.03024724778920791,0.8647469458987783,0.25164583548638836,0.907924874026569,-0.00265502917931959,-0.002791785649188805,0.003634591901571338,0.008436692296438397,0.0,2026-03-11 12:55:14.867151
0.8326869806094183,0.5108867687158309,0.9556412729026037,0.030071502222823426,0.864495492875836,0.25139355889616744,0.9077862595419848,-0.0026207737216911164,-0.0027556664867780523,0.003634591901571338,0.008707192335081326,0.0,2026-03-11 12:55:14.883787
0.8327333148712268,0.510893895760673,0.955655526992288,0.03009189260341097,0.8645348837209302,0.2513954337487267,0.9078144078144078,-0.0026420163971745403,-0.00277800253526439,0.0036570811300536965,0.008707192335081326,0.0,2026-03-11 12:55:14.897616
0.832779623477298,0.5109010182266235,0.9556697719241889,0.030112270837056775,0.8645742516710259,0.2513973073827862,0.9078425389075373,-0.0026078088157971413,-0.0027419356468814104,0.003618353766543514,0.008707192335081326,0.0,2026-03-11 12:55:14.914530
0.8325491281483531,0.5108348859620945,0.9556697719241889,0.02993711953412821,0.8643230679837304,0.2511457842508937,0.9077040427154844,-0.0025736490103713816,-0.002705921720155491,0.003618353766543514,0.008975329927971787,0.0,2026-03-11 12:55:14.931479
0.832595462091865,0.5108420038535646,0.9556840077071291,0.029957488795444645,0.8643624745861168,0.25114765479428736,0.9077321946011897,-0.002539536880877824,-0.002669960638516544,0.0035796907342018347,0.008975329927971787,0.0,2026-03-11 12:55:14.956236
0.8326417704011065,0.5108491171749598,0.9556982343499197,0.029977845932766548,0.8644018583042973,0.2511495241227717,0.9077603293184936,-0.0025054723275760304,-0.0026340522857359883,0.0035410918728682184,0.008975329927971787,0.0,2026-03-11 12:55:14.973434
0.8326880530973452,0.5108562259306804,0.9557124518613607,0.029998190956913025,0.8644412191582003,0.2511513922375303,0.907788446883097,-0.0024714552510036736,-0.0025981965459269674,0.003502557022913355,0.008975329927971787,0.0,2026-03-11 12:55:14.990697
0.8327343102018248,0.5108633301251203,0.9557266602502407,0.030018523878693904,0.8644805571677308,0.2511532591397449,0.9078165473106812,-0.002492678455657149,-0.0026205081200498803,0.003525022714788162,0.008975329927971787,0.0,2026-03-11 12:55:15.005133
0.8327805417357657,0.5108704297626684,0.9557408595253367,0.03003884470890464,0.8645198723527705,0.25115512483059593,0.9078446306169079,-0.0024587087566286803,-0.00258470408090683,0.003486551717111541,0.008975329927971787,0.0,2026-03-11 12:55:15.028591
0.8328267477203647,0.5108775248477077,0.9557550496954152,0.030059153458326278,0.8645591647331786,0.25115698931126207,0.9078726968174206,-0.0024247863362348854,-0.0025489524251423035,0.0034481444131396755,0.008975329927971787,0.0,2026-03-11 12:55:15.072965
0.8325966850828729,0.5108116565842346,0.9557550496954152,0.02988460609791311,0.8643084952160046,0.2509062084306392,0.9077344701583435,-0.0024459900968163417,-0.0025712419671726217,0.0034481444131396755,0.00871756999743123,0.0,2026-03-11 12:55:15.105423
0.8326429163214581,0.5108187471211424,0.9557692307692308,0.029904905900608722,0.8643478260869565,0.2509080698418163,0.9077625570776255,-0.0024671744400346363,-0.0025935110975345843,0.003470586605336834,0.00871756999743123,0.0,2026-03-11 12:55:15.131892
0.8326891220320265,0.5108258331142905,0.9557834027555271,0.0299251936453041,0.8643871341640105,0.2509099300463675,0.9077906269020085,-0.0024332991996414144,-0.0025578101235996797,0.003432242837020816,0.00871756999743123,0.0,2026-03-11 12:55:15.150191
0.8327353022357162,0.5108329145680452,0.9557975656630365,0.02994546934274255,0.8644264194669756,0.25091178904546596,0.9078186796470946,-0.0023994710408887787,-0.002522161305945181,0.00339396244683432,0.00871756999743123,0.0,2026-03-11 12:55:15.168497
0.8327814569536424,0.5108399914867671,0.9558117195004803,0.029965733003649072,0.8644656820156386,0.25091364684028317,0.9078467153284671,-0.002420635993403808,-0.0025444084693264646,0.003416381176206351,0.00871756999743123,0.0,2026-03-11 12:55:15.199453
0.8328275862068966,0.5108470638748112,0.9558258642765685,0.029985984638739725,0.8645049218297626,0.250915503431989,0.9078747339616905,-0.0024417815818269517,-0.002566635278487217,0.003438776479528838,0.00871756999743123,0.0,2026-03-11 12:55:15.217950
0.8328736900165472,0.5108541317365269,0.95584,0.030006224258717785,0.8645441389290883,0.250917358821752,0.90790273556231,-0.0024080004066281413,-0.0025310369237552255,0.0034005593104655674,0.00871756999743123,0.0,2026-03-11 12:55:17.031404
0.83264405845051,0.5107885258964143,0.95584,0.02983227771542289,0.8642939814814815,0.2506673165485628,0.9077647773894544,-0.002374266117168622,-0.0024954904995186933,0.0034005593104655674,0.008983375959079276,0.0,2026-03-11 12:55:17.032995
0.8326901874310915,0.5107955892361457,0.9558541266794626,0.029852508414245433,0.8643332369106161,0.2506691688898275,0.9077927996354246,-0.002340578615905309,-0.002459995892227118,0.0033624052060378107,0.008983375959079276,0.0,2026-03-11 12:55:17.043212
0.8327362909892533,0.5108026480582307,0.9558682443236328,0.02987272712058696,0.8643724696356275,0.2506710200326772,0.9078208048595292,-0.0023069378055654566,-0.002424552988660622,0.0033243140102735547,0.008983375959079276,0.0,2026-03-11 12:55:17.050827
0.8327823691460056,0.5108097023670026,0.9558823529411765,0.02989293384510953,0.864411679676207,0.25067286997827476,0.9078487930772734,-0.0023280640564591337,-0.002446756324450572,0.003346685924245363,0.008983375959079276,0.0,2026-03-11 12:55:17.065548
0.8328284219223354,0.5108167521667882,0.9558964525407478,0.029913128598459206,0.8644508670520231,0.25067471872778146,0.9078767643041433,-0.0023491709963373575,-0.0024689393646866176,0.0033690344854886423,0.008983375959079276,0.0,2026-03-11 12:55:17.073666
0.8328744493392071,0.5108237974619095,0.9559105431309904,0.0299333113912729,0.8644900317827218,0.250676566282357,0.9079047185556062,-0.002315576779917672,-0.002433546484862603,0.003331006042929907,0.008983375959079276,0.0,2026-03-11 12:55:17.075829
0.8329204514175612,0.5108308382566826,0.9559246247205365,0.029953482234171963,0.864529173887926,0.25067841264315965,0.9079326558471106,-0.0022820290606833105,-0.0023982050855908543,0.0032930401986305258,0.008983375959079276,0.0,2026-03-11 12:55:17.084154
0.8329664281783159,0.5108378745554182,0.9559386973180076,0.02997364113776727,0.8645682933872365,0.2506802578113463,0.9079605761940864,-0.0023031167160115773,-0.0024203662942812176,0.003315365443690932,0.008983375959079276,0.0,2026-03-11 12:55:17.092505
0.8330123796423659,0.5108449063624214,0.9559527609320141,0.029993788112654074,0.8646073903002309,0.2506821017880722,0.907988479611945,-0.0023241851132072,-0.0024425072644249646,0.00333766740903807,0.008983375959079276,0.0,2026-03-11 12:55:17.100909
0.833058305830583,0.5108519336819919,0.955966815571155,0.030013923169420163,0.8646464646464647,0.25068394457449106,0.9080163661160783,-0.0022906837946911063,-0.0024072156737815487,0.0032997640085615787,0.008983375959079276,0.0,2026-03-11 12:55:17.109433
0.8331042067638164,0.510858956518424,0.9559808612440192,0.030034046318635137,0.8646855164454703,0.25068578617175535,0.9080442357218603,-0.002257228780692566,-0.002371975341802557,0.003261922897979108,0.008983375959079276,0.0,2026-03-11 12:55:17.111945
0.8331500824628917,0.5108659748760062,0.9559948979591837,0.030054157570859743,0.864724545716758,0.25068762658101584,0.9080720884446465,-0.002223819975276875,-0.00233678615689481,0.003224143923867162,0.008983375959079276,0.0,2026-03-11 12:55:17.120588
0.8331959329486123,0.5108729887590219,0.9560089257252151,0.030074256936641505,0.8647635524798154,0.2506894658034218,0.9080999242997728,-0.0021904572827741164,-0.002301648007787982,0.0031864269333057305,0.008983375959079276,0.0,2026-03-11 12:55:17.126373
0.8332417582417583,0.5108799981717489,0.9560229445506692,0.03009434442651523,0.8648025367541078,0.25069130384012106,0.9081277433025577,-0.002211506448206002,-0.002323765658774901,0.003208705655332933,0.008983375959079276,0.0,2026-03-11 12:55:17.132185
0.8332875583630871,0.5108870031184596,0.9560369544440904,0.03011442005100302,0.8648414985590778,0.25069314069226023,0.9081555454683007,-0.0021781897732101596,-0.002288677660257088,0.0031710504959037156,0.008983375959079276,0.0,2026-03-11 12:55:17.137988
0.8333333333333334,0.5108940036034207,0.9560509554140127,0.030134483820614205,0.8648804379141458,0.2506949763609839,0.9081833308122825,-0.0021449190205782287,-0.0022536404770883145,0.0031334570156873465,0.008983375959079276,0.0,2026-03-11 12:55:17.143945
0.8333790831732089,0.5109009996308939,0.956064947468959,0.030154535745847783,0.8649193548387096,0.2506968108474358,0.9082110993497656,-0.0021659489805671006,-0.0022757364017398363,0.003155712530712562,0.008983375959079276,0.0,2026-03-11 12:55:17.149943
0.8334248079034029,0.5109079912051349,0.9560789306174411,0.030174575837189955,0.8649582493521452,0.2506986441527576,0.9082388510959939,-0.0021869597613860536,-0.0022978121750696356,0.0031779448749776895,0.008983375959079276,0.0,2026-03-11 12:55:17.155934
0.8334705075445816,0.5109149783303946,0.9560929048679605,0.030194604105108918,0.8649971214738054,0.25070047627808995,0.908266586066193,-0.002207951389259777,-0.0023198678246314497,0.0032001540846494647,0.008983375959079276,0.0,2026-03-11 12:55:17.162129
0.8335161821173889,0.5109219610109181,0.9561068702290076,0.030214620560068746,0.8650359712230216,0.2507023072245718,0.9082943042755703,-0.002228923890365442,-0.0023419033779292775,0.003222340195819129,0.008983375959079276,0.0,2026-03-11 12:55:17.168395
0.8335618316424458,0.5109289392509453,0.956120826709062,0.030234625212518025,0.8650747986191024,0.25070413699334076,0.9083220057393143,-0.0022498772908327025,-0.00236391886241738,0.003244503244503316,0.008983375959079276,0.0,2026-03-11 12:55:17.174662
0.8336074561403509,0.5109359130547106,0.9561347743165926,0.030254618072891662,0.8651136036813345,0.2507059655855329,0.9083496904725955,-0.0022708116167432513,-0.0023859143054991705,0.0032666432666432765,0.008983375959079276,0.0,2026-03-11 12:55:17.181018
0.8336530556316799,0.5109428824264429,0.9561487130600572,0.030274599151610175,0.8651523864289822,0.25070779300228274,0.9083773584905661,-0.00223758669159424,-0.00235092320998187,0.0032291113142176586,0.008983375959079276,0.0,2026-03-11 12:55:17.190527
0.8336986301369863,0.5109498473703661,0.9561626429479034,0.030294568459089188,0.8651911468812877,0.25070961924472357,0.9084050098083598,-0.0022585019689825847,-0.002372897871897761,0.003251228345680479,0.008983375959079276,0.0,2026-03-11 12:55:17.483312
0.8337441796768009,0.5109568078906982,0.9561765639885678,0.0303145260057261,0.8652298850574712,0.2507114443139871,0.9084326444410921,-0.0022793982238357158,-0.002394852547763726,0.00327332242225864,0.008983375959079276,0.0,2026-03-11 12:55:17.494920
0.833789704271632,0.5109637639916524,0.9561904761904761,0.030334471801906338,0.8652686009767309,0.25071326821120343,0.9084602624038607,-0.0022462190315499786,-0.0023599105226623784,0.0032358518466971686,0.008983375959079276,0.0,2026-03-11 12:55:17.500156
0.8338352039419655,0.5109707156774362,0.9562043795620438,0.030354405858006486,0.8653072946582424,0.25071509093750155,0.9084878637117443,-0.002267096289807924,-0.0023818444751200207,0.0032579230041086538,0.008983375959079276,0.0,2026-03-11 12:55:17.505374
0.8338806787082649,0.5109776629522519,0.9562182741116751,0.03037432818438666,0.8653459661211599,0.25071691249400874,0.9085154483798041,-0.0022879545773631937,-0.002403758496680286,0.0032799712779976176,0.008983375959079276,0.0,2026-03-11 12:55:17.507670
0.8339261285909713,0.5109846058202964,0.956232159847764,0.03039423879139744,0.8653846153846154,0.25071873288185087,0.9085430164230828,-0.002308793920061447,-0.002425652614497009,0.0033019967039344955,0.008983375959079276,0.0,2026-03-11 12:55:17.513037
0.8336980306345733,0.5109192608383949,0.956232159847764,0.030220957210753893,0.8651362984218077,0.25046938549755593,0.9084061464296475,-0.0023296143437013805,-0.002447526855674731,0.0033019967039344955,0.008727504379678286,0.0,2026-03-11 12:55:17.518500
0.8334700574241182,0.5108541751619773,0.956232159847764,0.03004825123567806,0.8648881239242685,0.25022078058716707,0.9082693176683234,-0.00235041587403495,-0.0024693812472689203,0.0033019967039344955,0.008473500476039342,0.0,2026-03-11 12:55:17.524016
0.833242208857299,0.5107893472506146,0.956232159847764,0.029876118321914738,0.8646400917694294,0.24997291447324832,0.908132530120482,-0.002317282320253078,-0.002434485905814965,0.0033019967039344955,0.008737005087370076,0.0,2026-03-11 12:55:17.656386
0.8332877835474173,0.5107962857160795,0.9562460367786937,0.029896026293760238,0.8646788990825688,0.24997472828187617,0.9081601927130382,-0.0023380649829853883,-0.0024563197147837723,0.0033239993174156712,0.008737005087370076,0.0,2026-03-11 12:55:17.657738
0.8330601092896175,0.5107317140415207,0.9562460367786937,0.02972446684438515,0.8644310690742333,0.24972759551925344,0.9080234833659491,-0.00230497697360732,-0.0024214740047643346,0.0033239993174156712,0.008998238107223777,0.0,2026-03-11 12:55:17.662228
0.8328325594099972,0.5106673970875717,0.9562460367786937,0.02955347536603917,0.8641833810888252,0.24948119427965895,0.9078868151715834,-0.0023257407943970687,-0.0024432872605397726,0.0033239993174156712,0.008746081504702241,0.0,2026-03-11 12:55:17.663702
0.8328782086291644,0.5106743311546432,0.9562599049128367,0.02957337746520514,0.8642222858779719,0.2494830033465681,0.9079145350586819,-0.0023464857988562127,-0.0024650807489789983,0.0033459791538642536,0.008746081504702241,0.0,2026-03-11 12:55:17.665082
0.8326508326508326,0.5105228324371349,0.95595690747782,0.029120936851021125,0.8642222858779719,0.24944347502447153,0.9077779449375659,-0.0030002564268536425,-0.0031540601859196826,0.00412556326878577,0.008746081504702241,0.0,2026-03-11 12:55:17.669575
0.8326965065502183,0.5105298079031663,0.9559708584098828,0.029140918663398088,0.8642611683848798,0.2494452951673305,0.9078056850654234,-0.0030209826405479534,-0.00317584889865552,0.004147520363551482,0.008746081504702241,0.0,2026-03-11 12:55:17.675579
0.8327421555252388,0.5105367789515498,0.9559848005066498,0.02916088874983955,0.8643000286286859,0.24944711414420231,0.9078334085099985,-0.0029875140501129938,-0.0031405540916411567,0.004109505157469107,0.008746081504702241,0.0,2026-03-11 12:55:17.681135
0.8325150027277687,0.5103854676504249,0.9556821779044001,0.028709905422234155,0.8643000286286859,0.24940762904476318,0.9076969332531569,-0.0025555279720790303,-0.0026864388566516517,0.0036143764641327625,0.008746081504702241,0.0,2026-03-11 12:55:17.693649
0.8325606763021544,0.5103924799640476,0.9556962025316456,0.028729954817185026,0.864338866628506,0.24940945906539017,0.9077246768860835,-0.002576421519455252,-0.0027084027084027795,0.0036365553973527476,0.008746081504702241,0.0,2026-03-11 12:55:17.699737
0.8326063249727372,0.5103994878409013,0.9557102182853527,0.028749992453052046,0.8643776824034335,0.24941128791472794,0.9077524038461539,-0.0025429988392952074,-0.002673173978148924,0.0035986022062883816,0.008746081504702241,0.0,2026-03-11 12:55:17.705899
0.8323793949304987,0.5103354241033062,0.9557102182853527,0.028579903488043488,0.8641304347826086,0.24916568343574372,0.9076160432627309,-0.0025096219750092574,-0.0026379960097540067,0.0035986022062883816,0.009005072181037854,0.0,2026-03-11 12:55:17.717130
0.832425068119891,0.5103424275476002,0.9557242251739405,0.028599932343505264,0.8641692879611095,0.2491675093151335,0.9076437903589127,-0.0024762908324552635,-0.002602868693581506,0.0035607108786162023,0.009005072181037854,0.0,2026-03-11 12:55:17.723626
0.832470716426042,0.5103494265635385,0.9557382232058172,0.0286199494618111,0.8642081189251001,0.2491693340266324,0.9076715207926739,-0.002497165480195518,-0.002624810367952035,0.003582866899715098,0.009005072181037854,0.0,2026-03-11 12:55:17.730189
0.8325163398692811,0.5103564211553202,0.9557522123893806,0.028639954853273582,0.8642469276936268,0.24917115757136074,0.9076992345790185,-0.002518021253932412,-0.002646732203557489,0.003605000044178963,0.009005072181037854,0.0,2026-03-11 12:55:17.736855
0.8325619384699156,0.5103634113271386,0.9557661927330173,0.028659948528193962,0.8642857142857143,0.24917297995043733,0.9077269317329333,-0.0024847357392258074,-0.002611653895689958,0.0035671704287667527,0.009005072181037854,0.0,2026-03-11 12:55:17.746602
0.8323353293413174,0.5102124690983432,0.9554643082754264,0.02821093708402881,0.8642857142857143,0.249133625456004,0.9075907590759076,-0.002053697382123465,-0.0021585984714260764,0.003073284859975267,0.009005072181037854,0.0,2026-03-11 12:55:17.761834
0.8323809523809523,0.5102195003095406,0.9554783706978213,0.028231009552852546,0.8643244787203657,0.24913545881040197,0.9076184763047389,-0.0020204574016368104,-0.0021235864278885686,0.0030355168061829696,0.009005072181037854,0.0,2026-03-11 12:55:17.771971
0.8324265505984766,0.510226527081842,0.9554924242424242,0.0282510702723483,0.8643632210165619,0.24913729099390064,0.9076461769115441,-0.002041479603122509,-0.0021456816533178547,0.0030578704179677896,0.009005072181037854,0.0,2026-03-11 12:55:17.788271
0.8322001631765026,0.5101627150681669,0.9554924242424242,0.02808171672466588,0.8641164715957751,0.24889243856030477,0.907510118423025,-0.002062482822936529,-0.0021677569282050335,0.0030578704179677896,0.008754742800273663,0.0,2026-03-11 12:55:17.799192
0.8322457857531267,0.5101697374057746,0.9555064689176397,0.028101768694897868,0.8641552511415526,0.24889426777450321,0.9075378390528998,-0.002083467086775981,-0.0021898122795589448,0.003080200984792003,0.008754742800273663,0.0,2026-03-11 12:55:17.816612
0.8322913835281327,0.5101767553128854,0.9555205047318612,0.028121808937650587,0.8641940085592011,0.24889609582119254,0.9075655430711611,-0.0021044324202916798,-0.002211847734339578,0.0031025085422737853,0.008754742800273663,0.0,2026-03-11 12:55:17.835990
0.8320652173913043,0.5100260898280649,0.9552191737622201,0.02767457470596069,0.8641940085592011,0.2488568470476581,0.9074295985620132,-0.0016745222214958888,-0.0017599938805370474,0.0026098600672556094,0.008754742800273663,0.0,2026-03-11 12:55:17.852695
0.8318391741374627,0.5098755193403974,0.9549180327868853,0.027228594592448776,0.8641940085592011,0.2488176168358517,0.9072936947731017,-0.002324854681173827,-0.0024451922347643595,0.0033851615550141156,0.008754742800273663,0.0,2026-03-11 12:55:17.863769
0.83188484519283,0.5098826233377521,0.9549322407815947,0.027248803031324733,0.8642327438676555,0.24881946787757067,0.9073214553076808,-0.0022912385992402973,-0.0024097509405802686,0.003346855729226439,0.008754742800273663,0.0,2026-03-11 12:55:17.877629
0.8319304914471898,0.5098897228587381,0.9549464398235665,0.027268999657377665,0.8642714570858283,0.24882131773915453,0.9073491992216733,-0.002312369328969721,-0.002431974639088841,0.0033693823941721712,0.008754742800273663,0.0,2026-03-11 12:55:17.885548
0.8317046688382194,0.5098261610882538,0.9549464398235665,0.02710052033816918,0.8640250855188142,0.2485772555737627,0.9072134091589346,-0.002278799139298071,-0.0023965834451340484,0.0033693823941721712,0.009011519881085062,0.0,2026-03-11 12:55:17.902668
0.8314789687924016,0.5096757758221399,0.9546456692913385,0.026656118210760096,0.8640250855188142,0.24853810646641322,0.9070776597336526,-0.0018494603818836053,-0.0019450534525911056,0.0028774825913556734,0.009011519881085062,0.0,2026-03-11 12:55:18.462311
0.8315246880086815,0.5096829159875538,0.9546599496221663,0.02667639562503073,0.8640638358506697,0.24853996537240577,0.9071054599850411,-0.0018159359905608463,-0.0019097289542053808,0.002839238950349987,0.009011519881085062,0.0,2026-03-11 12:55:18.463932
0.8312991592080282,0.5096196029911223,0.9546599496221663,0.02650862014074351,0.8638176638176638,0.248296656488462,0.9069697876159138,-0.001837231486867541,-0.0019321243613685812,0.002839238950349987,0.008762997932672989,0.0,2026-03-11 12:55:18.475680
0.8313449023861171,0.5096267386616256,0.9546742209631728,0.026528888794585495,0.8638564511535175,0.24829851239171521,0.9069976076555023,-0.001858507815310828,-0.0019544996106497514,0.0028619837745801346,0.008762997932672989,0.0,2026-03-11 12:55:18.480826
0.8313906207644348,0.5096338698414614,0.9546884833228445,0.02654914561642139,0.8638952164009112,0.2483003671131404,0.9070254110612854,-0.001879765001758238,-0.001976854729252242,0.0028847052228346826,0.008762997932672989,0.0,2026-03-11 12:55:18.487777
0.8311653116531166,0.5094837143706651,0.954388172381252,0.02610639976208369,0.8638952164009112,0.24826131082235797,0.9068898520400539,-0.0025279495734774615,-0.0026603314377986464,0.003657553623420351,0.008762997932672989,0.0,2026-03-11 12:55:18.497250
0.8312110539149282,0.5094908860416744,0.9544025157232704,0.026126733929559314,0.8639339595787077,0.2482631763544419,0.906917675183027,-0.002549187643750006,-0.002682681688221944,0.0036802517317178207,0.008762997932672989,0.0,2026-03-11 12:55:18.503834
0.8309859154929577,0.5094278203616351,0.9544025157232704,0.02595966189865751,0.8636881047239613,0.2480206133494279,0.9067821930086646,-0.00257040662362229,-0.002705011848532113,0.0036802517317178207,0.008516263911947375,0.0,2026-03-11 12:55:18.510483
0.8310316815597075,0.5094349875235775,0.9544168500471549,0.025979987302917916,0.8637268847795163,0.2480224758730457,0.9068100358422939,-0.0025916065388226217,-0.0027273219458054943,0.003702926536002571,0.008516263911947375,0.0,2026-03-11 12:55:18.517167
0.8310774228478613,0.5094421501807039,0.9544311753614079,0.026000300855069606,0.8637656427758816,0.24802433721202793,0.9068378620483727,-0.002557709115212581,-0.0026915533914926293,0.003664149574512665,0.008516263911947375,0.0,2026-03-11 12:55:18.528964
0.8311231393775372,0.5094493083372604,0.9544454916745209,0.02602060256547872,0.8638043787318738,0.2480261973675046,0.9068656716417909,-0.0025238578419409796,-0.0026558360815267523,0.0036254354097216,0.008516263911947375,0.0,2026-03-11 12:55:18.535929
0.8311688311688312,0.5094564619974875,0.9544597989949749,0.026040892444492935,0.8638430926662877,0.24802805634060432,0.9068934646374216,-0.002490052624823491,-0.0026201699058630012,0.0035867838892100767,0.008516263911947375,0.0,2026-03-11 12:55:18.546024
0.8312144982418177,0.5094636111656201,0.9544740973312402,0.02606117050245267,0.8638817845978971,0.24802991413245418,0.9069212410501194,-0.0024562933699319167,-0.002584554754770929,0.0035481948610518455,0.008516263911947375,0.0,2026-03-11 12:55:18.553348
0.8312601406165495,0.5094707558458882,0.9544883866917765,0.026081436749687954,0.8639204545454545,0.2480317707441799,0.9069490008947212,-0.0024774742461424193,-0.002606841642400104,0.003570846397194738,0.008516263911947375,0.0,2026-03-11 12:55:18.569149
0.8313057583130575,0.5094778960425165,0.954502667085033,0.02610169119651206,0.863959102527691,0.24803362617690572,0.9069767441860467,-0.0024437608598035787,-0.0025712766158905165,0.003532319709954379,0.008516263911947375,0.0,2026-03-11 12:55:18.587824
0.8313513513513513,0.5094850317597239,0.954516938519448,0.026121933853229053,0.8639977285633162,0.24803548043175458,0.9070044709388972,-0.00246492272266019,-0.002593542707473695,0.003554948013752557,0.008516263911947375,0.0,2026-03-11 12:55:18.604442
0.8313969197514185,0.5094921630017246,0.9545312010034493,0.026142164730132415,0.864036332671019,0.24803733350984775,0.9070321811680572,-0.0024860655977528845,-0.0026157888205091684,0.0035775531209296663,0.008516263911947375,0.0,2026-03-11 12:55:18.615137
0.8314424635332253,0.5094992897727273,0.9545454545454546,0.026162383837497548,0.8640749148694665,0.2480391854123054,0.9070598748882932,-0.0024523979865483936,-0.0025802730244184335,0.003539088623660702,0.008516263911947375,0.0,2026-03-11 12:55:18.630867
0.8312179314069673,0.5094364699627858,0.9545454545454546,0.025995888298063007,0.8638297872340426,0.24779731389167609,0.9069247952345495,-0.0024735218994212937,-0.002602498398462494,0.003539088623660702,0.008271298593879206,0.0,2026-03-11 12:55:18.639759
0.8312634989200864,0.5094435922669937,0.9545596991538703,0.026016098712742124,0.8638684061259218,0.2477991628149083,0.9069525085603692,-0.0024946268755726697,-0.0026247038483704355,0.0035616705698673368,0.008271298593879206,0.0,2026-03-11 12:55:18.656560
0.8313090418353576,0.5094507101086049,0.9545739348370927,0.02603629737958808,0.8639070031187979,0.24780101056588494,0.9069802053877065,-0.0025157129404551615,-0.002646889400921726,0.0035842293906810374,0.008271298593879206,0.0,2026-03-11 12:55:18.667728
0.8313545601726929,0.5094578234918123,0.9545881616035077,0.026056484308839743,0.8639455782312925,0.2478028571457205,0.90700788573129,-0.002536780119475557,-0.002669055082848315,0.0036067651216065144,0.008271298593879206,0.0,2026-03-11 12:55:18.676035
0.831130294038306,0.5093083889017053,0.9542892924232936,0.025616499901327052,0.8639455782312925,0.24776406217763217,0.906872954477834,-0.0021102008641370462,-0.002220232766338537,0.0031177688466691444,0.008271298593879206,0.0,2026-03-11 12:55:18.687373
0.830906148867314,0.5092458135268219,0.9542892924232936,0.025450698179769835,0.8637007650892604,0.24752292921327593,0.9067380633645693,-0.002131430628266373,-0.0022425695110259714,0.0031177688466691444,0.008028083028083,0.0,2026-03-11 12:55:18.698772
0.8309517390132111,0.509252967002186,0.9543035993740219,0.025470964768001488,0.8637393767705382,0.24752478467005806,0.9067657992565056,-0.0020978086990308675,-0.002207116361435668,0.0030793663889118195,0.008028083028083,0.0,2026-03-11 12:55:18.717580
0.8309973045822102,0.5092601160010324,0.9543178973717147,0.02549121958862557,0.8637779665817049,0.24752663895183286,0.9067935186561619,-0.002064232358851892,-0.002171713786951912,0.0030410258206915453,0.008028083028083,0.0,2026-03-11 12:55:19.437900
0.8310428455941795,0.5092672605275617,0.9543321864247732,0.025511462651887862,0.8638165345413363,0.24752849205971633,0.9068212215782434,-0.0020854431339255575,-0.0021940289747077735,0.0030637769857081443,0.008028083028083,0.0,2026-03-11 12:55:19.450563
0.8310883620689655,0.5092744005859693,0.9543464665415885,0.025531693968021588,0.8638550806679876,0.24753034399482293,0.9068489080374387,-0.0020519122901425657,-0.0021586760800074156,0.0030254981575333906,0.008028083028083,0.0,2026-03-11 12:55:19.456423
0.8308645300296257,0.5092120682222505,0.9543464665415885,0.025366444133466684,0.8636106395019808,0.24728990649855276,0.906714200831848,-0.0020184268503457004,-0.0021233735455559177,0.0030254981575333906,0.00828267477203648,0.0,2026-03-11 12:55:19.462385
0.8309100700053851,0.5092192038167267,0.9543607377305408,0.025386666755809792,0.8636492220650637,0.24729175546426485,0.9067419067419068,-0.001984986722375348,-0.0020881212638226287,0.0029872809203934647,0.00828267477203648,0.0,2026-03-11 12:55:19.471214
0.8309555854643338,0.5092263349514563,0.954375,0.02540687765264196,0.8636877828054299,0.24729360326056204,0.906769596199525,-0.0020061785338594262,-0.0021104141445154045,0.0030100088343471,0.00828267477203648,0.0,2026-03-11 12:55:19.473645
0.8310010764262648,0.509233461630619,0.9543892533583255,0.025427076834156345,0.8637263217415889,0.24729544988855343,0.9067972692193528,-0.001972783625805219,-0.002075211225153639,0.0029718530397107035,0.00828267477203648,0.0,2026-03-11 12:55:19.479209
0.8310465429109497,0.5092405838583894,0.9544034978138664,0.025447264310537832,0.8637648388920294,0.24729729534934694,0.9068249258160238,-0.001993956499119931,-0.002097483401279021,0.002994557738226211,0.00828267477203648,0.0,2026-03-11 12:55:19.484813
0.8310919849381387,0.5092477016389367,0.9544177333749609,0.025467440091956037,0.8638033342752189,0.24729913964404895,0.906852566004153,-0.0020151104596402014,-0.002119735682651447,0.0030172392568555972,0.00828267477203648,0.0,2026-03-11 12:55:19.490527
0.8308685130411401,0.509185610873527,0.9544177333749609,0.025302742484615923,0.8635593220338983,0.2470593924818786,0.9067180780068219,-0.0020362455326957685,-0.002141968095915381,0.0030172392568555972,0.00804119027788297,0.0,2026-03-11 12:55:19.496374
0.8309139784946237,0.5091927242110152,0.9544319600499376,0.02532290958531542,0.8635978537136402,0.24706123382474965,0.906745737583395,-0.0020573617435710734,-0.002164180667668214,0.003039897631078148,0.00804119027788297,0.0,2026-03-11 12:55:19.502206
0.8306906745498522,0.5091308736419901,0.9544319600499376,0.025158749630935787,0.8633540372670807,0.24682218080909524,0.9066113252297657,-0.0020240119637709997,-0.002129024666937429,0.003039897631078148,0.00829362446468429,0.0,2026-03-11 12:55:19.505069
0.830736163353036,0.5091379825405782,0.9544461778471138,0.02517890801878728,0.8633926051368896,0.24682401920867916,0.9066390041493776,-0.0020451093377051865,-0.002151216645205123,0.0030625328963010956,0.00829362446468429,0.0,2026-03-11 12:55:19.511013
0.830781627719581,0.50914508700442,0.9544603867747973,0.02519905474452227,0.863431151241535,0.24682585644773378,0.9066666666666666,-0.002011804594744815,-0.0021161098045576754,0.003024438396113771,0.00829362446468429,0.0,2026-03-11 12:55:19.526320
0.8308270676691729,0.5091521870376636,0.9544745868412847,0.025219189818257323,0.8634696755994358,0.2468276925273578,0.9066943127962085,-0.001978544797456405,-0.0020810527961889758,0.0029864050427969024,0.00829362446468429,0.0,2026-03-11 12:55:19.538055
0.8308724832214766,0.5091592826444528,0.9544887780548629,0.0252393132500993,0.8635081782289904,0.24682952744864858,0.9067219425525613,-0.001999623359643987,-0.002103223434345214,0.0030090172343548716,0.00829362446468429,0.0,2026-03-11 12:55:19.554917
0.83064949006978,0.5090105620495547,0.954191336865067,0.024802335391484145,0.8635081782289904,0.2467910655041301,0.9065877128053293,-0.002640717250551594,-0.0027794064461093004,0.003772969499888479,0.00829362446468429,0.0,2026-03-11 12:55:19.573308
0.8306949288972364,0.5090176973553391,0.9542056074766355,0.02482253475805885,0.8635466591485763,0.24679291096537592,0.9066153618469736,-0.0026617770261417872,-0.0028015722709497926,0.003795558653044484,0.00829362446468429,0.0,2026-03-11 12:55:19.590436
0.8307403433476395,0.5090248282168345,0.9542198691996263,0.02484272245197077,0.8635851183765502,0.2467947552633728,0.9066429945258173,-0.0026828180402392876,-0.0028237183489530082,0.0038181248029895976,0.00829362446468429,0.0,2026-03-11 12:55:19.601608
0.8307857334406007,0.509031954638192,0.9542341220423413,0.024862898483335078,0.8636235559312483,0.24679659839922036,0.9066706108563822,-0.0027038403179039383,-0.00284584470649496,0.0038406679848430603,0.00829362446468429,0.0,2026-03-11 12:55:19.627856
0.8308310991957104,0.5090390766235573,0.954248366013072,0.024883062862255913,0.8636619718309859,0.24679844037401685,0.9066982108531717,-0.0027248438841509515,-0.0028679513699048087,0.0038631882336529477,0.00829362446468429,0.0,2026-03-11 12:55:19.642777
0.8308764406325382,0.5090461941770711,0.9542626011200995,0.024903215598825197,0.863700366094058,0.2468002811888592,0.9067257945306725,-0.0027458287639511303,-0.002890038365464642,0.003885685584395948,0.00829362446468429,0.0,2026-03-11 12:55:19.662483
0.8309217577706324,0.5090533073028689,0.9542768273716952,0.02492335670312,0.8637387387387387,0.24680212084484296,0.9067533619033544,-0.002766794982230758,-0.0029121057194096966,0.0039081600719776954,0.00829362446468429,0.0,2026-03-11 12:55:20.079423
0.8309670506295205,0.509060416005081,0.9542910447761194,0.024943486185213165,0.8637770897832817,0.24680395934306215,0.9067809129856699,-0.002733170417759778,-0.002876613404223738,0.0038696060037524127,0.00829362446468429,0.0,2026-03-11 12:55:20.083678
0.8310123192287091,0.5090675202878326,0.9543052533416226,0.024963604055158274,0.8638154192459201,0.24680579668460959,0.9068084477920544,-0.0027541179994010623,-0.002898660362490091,0.0038920576630074866,0.00829362446468429,0.0,2026-03-11 12:55:20.084916
0.8310575635876841,0.5090746201552437,0.954319453076445,0.02498371032300087,0.8638537271448664,0.2468076328705766,0.906835966336926,-0.002775046969241579,-0.0029206877321663605,0.0039144865286997454,0.00829362446468429,0.0,2026-03-11 12:55:20.089229
0.8311027837259101,0.5090817156114295,0.9543336439888164,0.025003804998776438,0.8638920134983127,0.24680946790205327,0.9068634686346863,-0.0027959573520752734,-0.0029426955393472287,0.003936892635522771,0.00829362446468429,0.0,2026-03-11 12:55:20.090534
0.8311479796628312,0.5090888066604996,0.9543478260869566,0.02502388809250428,0.8639302783244307,0.2468113017801281,0.9068909546997196,-0.00281684917265157,-0.0029646838100814144,0.0039592760180996445,0.00829362446468429,0.0,2026-03-11 12:55:20.091900
0.8311931514178705,0.5090958933065587,0.9543619993790748,0.025043959614197333,0.8639685216413716,0.24681313450588846,0.9069184245463934,-0.0028377224556763725,-0.002986652570371451,0.00398163671098295,0.00829362446468429,0.0,2026-03-11 12:55:20.096373
0.8312382990104306,0.5091029755537065,0.9543761638733705,0.025064019573853437,0.8640067434672661,0.24681496608042022,0.9069458781890577,-0.0028585772258115094,-0.0030086018461732422,0.004003974748655659,0.00829362446468429,0.0,2026-03-11 12:55:20.098019
0.8312834224598931,0.5091100534060378,0.9543903195780329,0.02508406798145907,0.8640449438202247,0.24681679650480784,0.9069733156420463,-0.002824997946949126,-0.0029731551745000306,0.003965482416328214,0.00829362446468429,0.0,2026-03-11 12:55:20.102873
0.8313285217856188,0.5091171268676417,0.9544044665012407,0.025104104846992964,0.8640831227183375,0.24681862578013455,0.9070007369196756,-0.0028458342288129046,-0.0029950842167165703,0.003987797833203244,0.00829362446468429,0.0,2026-03-11 12:55:20.107830
0.8313735970069481,0.5091241959426027,0.9544186046511628,0.02512413018041681,0.8641212801796744,0.2468204539074821,0.9070281420362457,-0.0028666520469798895,-0.0030169938269064556,0.004010090663624011,0.00829362446468429,0.0,2026-03-11 12:55:20.109794
0.8314186481432007,0.5091312606350002,0.9544327340359579,0.025144143991685755,0.8641594162222845,0.246822280887931,0.9070555310060391,-0.00283311796230179,-0.0029815958158501132,0.00397165991902837,0.00829362446468429,0.0,2026-03-11 12:55:20.121639
0.8314636752136753,0.5091383209489085,0.9544468546637744,0.02516414629074025,0.8641975308641975,0.24682410672256033,0.907082903843322,-0.002853917341302914,-0.0030034852472917706,0.00399393019726868,0.00829362446468429,0.0,2026-03-11 12:55:20.127230
0.8312416555407209,0.5090767091851691,0.9544468546637744,0.02500072089737259,0.8639551192145862,0.24658574442000308,0.9069493521790342,-0.002820428359630478,-0.002968136568131996,0.00399393019726868,0.008543928405183476,0.0,2026-03-11 12:55:20.132543
0.8312867058195409,0.5090837651246574,0.9544609665427509,0.025020714694007788,0.8639932697700505,0.24658756734775603,0.9069767441860466,-0.0028412093239534864,-0.002990005849057953,0.0040161779575329515,0.008543928405183476,0.0,2026-03-11 12:55:20.138147
0.8313317320523085,0.5090908166937897,0.9544750696810158,0.02504069699941484,0.864031398934679,0.246589389132948,0.9070041200706298,-0.0028619718980426034,-0.003011855776637873,0.0040384032339565445,0.008543928405183476,0.0,2026-03-11 12:55:20.143574
0.8313767342582711,0.5090978638966255,0.9544891640866873,0.025060667823498407,0.8640695067264574,0.24659120977665297,0.9070314798470138,-0.002882716106298755,-0.0030336863765507704,0.004060606060606098,0.008543928405183476,0.0,2026-03-11 12:55:20.146058
0.8314217124566551,0.5091049067372188,0.9545032497678737,0.025080627176151393,0.8641075931633511,0.24659302927994362,0.9070588235294117,-0.0028492721366983886,-0.0029983853885482414,0.004022236756049735,0.008543928405183476,0.0,2026-03-11 12:55:20.154653
0.8314666666666667,0.5091119452196186,0.9545173267326733,0.025100575067255652,0.8641456582633054,0.24659484764389125,0.9070861511320201,-0.0028699980034796457,-0.003020195918796098,0.00404441716692272,0.008543928405183476,0.0,2026-03-11 12:55:20.288826
0.8315115969074913,0.509118979347869,0.9545313949891742,0.025120511506679356,0.8641837020442453,0.2465966648695658,0.9071134626690182,-0.0028907055531005588,-0.003041987173276972,0.004066575195948219,0.008543928405183476,0.0,2026-03-11 12:55:20.292923
0.8315565031982942,0.5091260091260091,0.9545454545454546,0.02514043650428203,0.8642217245240762,0.24659848095803594,0.9071407581545695,-0.0028573065048832502,-0.003006734548248069,0.0040282671842105655,0.008543928405183476,0.0,2026-03-11 12:55:20.297345
0.83160138555822,0.5091330345580732,0.9545595054095827,0.025160350069910107,0.8642597257206829,0.24660029591036892,0.9071680376028202,-0.002877995761615848,-0.0030285057873116195,0.004050402865249159,0.008543928405183476,0.0,2026-03-11 12:55:20.298748
0.8316462440063932,0.5091400556480903,0.9545735475896168,0.0251802522134,0.8642977056519306,0.24660210972763075,0.9071953010279001,-0.0028986667496890828,-0.003050257802323042,0.0040725162320931485,0.008543928405183476,0.0,2026-03-11 12:55:20.302043
0.8316910785619175,0.5091470724000845,0.9545875810936052,0.025200142944576814,0.8643356643356643,0.24660392241088602,0.9072225484439225,-0.002919319493289163,-0.0030719906187333113,0.004094607318466781,0.008543928405183476,0.0,2026-03-11 12:55:20.303680
0.8314696485623003,0.5090856980612535,0.9545875810936052,0.02503727542479232,0.8640939597315436,0.24636623182802977,0.9070893879348304,-0.002939954016559665,-0.003093704261948549,0.004094607318466781,0.008304156567016885,0.0,2026-03-11 12:55:20.309425
0.8312483364386478,0.5090245597775718,0.9545875810936052,0.02487493347525207,0.863852390271177,0.24612922722114655,0.9069562665101263,-0.002960570343601532,-0.0031153987573304676,0.004094607318466781,0.008066079229473333,0.0,2026-03-11 12:55:20.310999
0.8312932410856839,0.5090315721955623,0.9546016059295862,0.024894818695260675,0.8638904415874791,0.24613103528435176,0.9069835680751173,-0.0029811684984731857,-0.003137074130195483,0.0041166761580262445,0.008066079229473333,0.0,2026-03-11 12:55:20.363690
0.831072093641926,0.5089706686077874,0.9546016059295862,0.024733002955261343,0.8636490639843531,0.24589471162420928,0.9068505207569312,-0.002947814281192951,-0.0031018667224418373,0.0041166761580262445,0.008314279775514466,0.0,2026-03-11 12:55:20.368208
0.8311170212765957,0.5089776766957883,0.9546156221055881,0.02475287966669315,0.8636871508379889,0.24589651682277788,0.9068778413257076,-0.002968394287910625,-0.003123522237985066,0.004138722784360227,0.008314279775514466,0.0,2026-03-11 12:55:20.369310
0.8311619250199415,0.5089846804578091,0.9546296296296296,0.024772744998674198,0.8637252164199944,0.2458983208937862,0.9069051458730393,-0.0029889561704479206,-0.00314515868218046,0.004160747230989692,0.008314279775514466,0.0,2026-03-11 12:55:20.370444
0.8312068048910154,0.5089916798978539,0.9546436285097192,0.02479259896097492,0.8637632607481853,0.24590012383829057,0.9069324344130147,-0.003009499952736583,-0.0031667760802100986,0.004182749531368213,0.008314279775514466,0.0,2026-03-11 12:55:20.374462
0.8312516609088493,0.5089986750199221,0.9546576187538557,0.024812441563349965,0.8638012838403573,0.24590192565734587,0.9069597069597071,-0.003030025658665947,-0.0031883744572120953,0.004204729718881861,0.008314279775514466,0.0,2026-03-11 12:55:20.375745
0.8312964930924548,0.5090056658280081,0.9546716003700277,0.024832272815548215,0.8638392857142857,0.24590372635200575,0.9069869635271716,-0.0029967161821198296,-0.003153213710332059,0.0041664828532125275,0.008314279775514466,0.0,2026-03-11 12:55:20.377049
0.8310756972111554,0.5089449955873128,0.9546716003700277,0.02467099233842892,0.8635983263598327,0.2456680734695559,0.9068541300527242,-0.0029634513563466802,-0.003118102555478952,0.0041664828532125275,0.008560403329538557,0.0,2026-03-11 12:55:20.381487
0.8311205523101434,0.5089519820854062,0.9546855733662145,0.024690815094965873,0.8636363636363636,0.24566987131631907,0.9068814055636895,-0.0029302310916260454,-0.003083040887806643,0.004128296987328972,0.008560403329538557,0.0,2026-03-11 12:55:20.385467
0.83089992036103,0.5088915438532793,0.9546855733662145,0.024530056046515508,0.8633955952049066,0.24543489290643744,0.9067486458790807,-0.0029507387450435907,-0.0031046180030656068,0.004128296987328972,0.00832400259296362,0.0,2026-03-11 12:55:20.386894
0.8309447983014862,0.5088985260453647,0.9546995377503852,0.02454987027680807,0.8634336677814939,0.24543668791345127,0.9067759402897703,-0.0029175629518954915,-0.0030696049648815116,0.004090171975414836,0.00832400259296362,0.0,2026-03-11 12:55:20.391450
0.8309896524276996,0.5089055039354216,0.9547134935304991,0.02456967318848686,0.8634717191418222,0.2454384818013686,0.9068032187271396,-0.002938052576606731,-0.0030911623587679404,0.004112130083383181,0.00832400259296362,0.0,2026-03-11 12:55:20.404192
0.8310344827586207,0.508912477527425,0.9547274407145057,0.024589464791249904,0.8635097493036211,0.2454402745712358,0.9068304812052069,-0.002958524196375323,-0.003112700809425828,0.0041340661450582905,0.00832400259296362,0.0,2026-03-11 12:55:20.410302
0.8310792893131795,0.5089194468253445,0.9547413793103449,0.02460924509477869,0.8635477582846004,0.2454420662240979,0.9068577277379735,-0.002978977834923291,-0.003134220341813654,0.004155980193625841,0.00832400259296362,0.0,2026-03-11 12:55:20.415486
0.8311240721102863,0.5089264118331454,0.9547553093259464,0.02462901410874936,0.8635857461024499,0.24544385676099872,0.9068849583394241,-0.0029994135159308044,-0.003155720980845489,0.004177872262204896,0.00832400259296362,0.0,2026-03-11 12:55:20.422770
0.8311688311688312,0.5089333725547875,0.9547692307692308,0.024648771842822104,0.86362371277484,0.24544564618298065,0.9069121730235278,-0.002966282105114737,-0.003120754220370614,0.004139807958908559,0.00832400259296362,0.0,2026-03-11 12:55:20.432386
0.8312135665076842,0.5089403289942263,0.9547831436481082,0.024668518306650355,0.8636616583194212,0.2454474344910849,0.9069393718042367,-0.0029331949876286734,-0.0030858366395869474,0.004101804219340588,0.00832400259296362,0.0,2026-03-11 12:55:20.440882
0.8312582781456954,0.5089472811554119,0.9547970479704797,0.024688253509873415,0.8636995827538247,0.2454492216863513,0.906966554695487,-0.0029001520747083953,-0.0030509681348127593,0.004063860899072402,0.00832400259296362,0.0,2026-03-11 12:55:20.456564
0.831302966101695,0.5089542290422902,0.9548109437442361,0.02470797746212068,0.8637374860956618,0.24545100776981849,0.9069937217111987,-0.0029205698218142118,-0.003072447662161526,0.004085731020715522,0.00832400259296362,0.0,2026-03-11 12:55:20.464683
0.831347630394493,0.5089611726588015,0.9548248309772588,0.02472769017301103,0.8637753683625243,0.2454527927425237,0.9070208728652751,-0.0028875710249325337,-0.0030376273843741863,0.004047847975777397,0.00832400259296362,0.0,2026-03-11 12:55:20.475659
0.8313922710428798,0.5089681120088818,0.9548387096774194,0.02474739165215277,0.8638132295719845,0.2454545766055029,0.9070480081716037,-0.0029079708617337774,-0.0030590873250542217,0.004069696183470972,0.00832400259296362,0.0,2026-03-11 12:55:20.491699
0.8314368880656259,0.508975047096462,0.9548525798525799,0.024767081909140464,0.8638510697415949,0.24545635935979088,0.9070751276440555,-0.002875016092599658,-0.003024315173899561,0.004031873270350261,0.00832400259296362,0.0,2026-03-11 12:55:20.508689
0.8314814814814815,0.5089819779254683,0.9548664415105925,0.02478676095356114,0.8638888888888889,0.24545814100642094,0.9071022312964853,-0.002842105263157868,-0.002989591791540569,0.003994110345989399,0.00832400259296362,0.0,2026-03-11 12:55:20.523716
0.8315260513091774,0.5098759688468993,0.9548664415105925,0.027230315071143894,0.8638888888888889,0.24891159644762864,0.9071022312964853,-0.002424083004530231,-0.0025498769332366056,0.003994110345989399,0.011598032738750597,0.0,2026-03-11 12:55:20.532290
0.8315705975674247,0.5098828954212531,0.9548802946593001,0.027250020390677542,0.8639266870313802,0.24891340203881096,0.9071293191427322,-0.002391216026959686,-0.002515217418687099,0.003956407267784345,0.011598032738750597,0.0,2026-03-11 12:55:20.548780
0.8313507798043881,0.5097363964499952,0.9545872967167843,0.026817071508696538,0.8639266870313802,0.24887521049243522,0.9069970845481049,-0.0030241717750584263,-0.0031831156314909848,0.004710529530954188,0.011598032738750597,0.0,2026-03-11 12:55:20.561717
0.8313953488372093,0.5097433615885356,0.9546012269938651,0.026836850523709776,0.863964464186563,0.248877026401784,0.9070241911979016,-0.00299094927199528,-0.0031480369438436906,0.0046723193221887005,0.011598032738750597,0.0,2026-03-11 12:55:20.584157
0.8311756935270805,0.5096815658778849,0.9546012269938651,0.026673159228055503,0.8637246738828753,0.24863988768533118,0.9068920297246101,-0.002957770947792593,-0.003113007351630559,0.0046723193221887005,0.011842105263157876,0.0,2026-03-11 12:55:20.592013
0.8312202852614897,0.5096885267446445,0.9546151487273843,0.026692929922006725,0.8637624861265261,0.24864170073854147,0.9069191551347415,-0.002924636714386253,-0.0030780267518539794,0.004634169524820431,0.011842105263157876,0.0,2026-03-11 12:55:20.602928
0.8312648534459994,0.509695483343552,0.9546290619251993,0.026712689372076628,0.8638002773925104,0.24864351266692286,0.90694626474443,-0.0029451929152314316,-0.003099661075121274,0.0046559958514847954,0.011842105263157876,0.0,2026-03-11 12:55:20.613997
0.8310454065469906,0.5096339225975806,0.9546290619251993,0.026549525385073228,0.8635607321131448,0.24840704707594358,0.906814210832848,-0.002965731108016345,-0.0031212764458494746,0.0046559958514847954,0.011596736596736545,0.0,2026-03-11 12:55:20.621916
0.8310899973607813,0.5096408749325598,0.9546429665951578,0.026569276494210696,0.8635985583587469,0.24840885615842676,0.9068413391557495,-0.002986251316394295,-0.0031428728889324464,0.004677800329974335,0.011596736596736545,0.0,2026-03-11 12:55:20.639563
0.8311345646437994,0.5096478230075301,0.9546568627450981,0.026589016379758648,0.8636363636363636,0.24841066411924073,0.9068684516880094,-0.0029531610859538926,-0.003107938920647424,0.00463971080084824,0.011596736596736545,0.0,2026-03-11 12:55:20.651065
0.8311791084146664,0.5105352624920936,0.9546568627450981,0.029009960267783956,0.8636363636363636,0.25179805089909146,0.9068684516880094,-0.003583684777518137,-0.0037740132492800615,0.00463971080084824,0.007689406029654955,0.0,2026-03-11 12:55:20.669518
0.8312236286919831,0.5105422063109688,0.9546707503828484,0.029029725882378687,0.8636741479634248,0.25179988237778095,0.90689554844341,-0.0036041870251009023,-0.003795604365357752,0.004661493463951505,0.007689406029654955,0.0,2026-03-11 12:55:20.687362
0.8312681254943317,0.5105491458776585,0.9546846295162278,0.029049480270768306,0.8637119113573407,0.251801712721619,0.9069226294357184,-0.003624671335459295,-0.003817176591570437,0.004683254344391763,0.007689406029654955,0.0,2026-03-11 12:55:20.708619
0.8313125988402741,0.5105560811960674,0.9546985001530456,0.02906922344251386,0.8637496538355026,0.25180354193166027,0.9069496946786857,-0.0036451377321226053,-0.003838729952696518,0.004704993474826558,0.007689406029654955,0.0,2026-03-11 12:55:20.742004
0.8313570487483531,0.5105630122700954,0.9547123623011016,0.02908895540716984,0.8637873754152824,0.2518053700089581,0.9069767441860465,-0.003665586238578933,-0.003860264473471986,0.004726710887848262,0.007689406029654955,0.0,2026-03-11 12:55:20.760348
0.8314014752370916,0.5105699391036376,0.954726215968186,0.02910867617426964,0.8638250761140327,0.25180719695456444,0.9070037779715199,-0.003686016878275633,-0.0038817801785893113,0.004748406615984302,0.007689406029654955,0.0,2026-03-11 12:55:20.779925
0.8314458783249934,0.5105768617005844,0.9547400611620795,0.029128385753348078,0.8638627559490869,0.25180902276953,0.9070307960488089,-0.0036525743580473335,-0.0038464260697872454,0.004710377212397643,0.007689406029654955,0.0,2026-03-11 12:55:20.798432
0.8314902580305424,0.5105837800648212,0.9547538978905533,0.029148084153920086,0.8639004149377594,0.25181084745490423,0.9070577984316004,-0.0036191761619014384,-0.0038111213037748115,0.004672407792097322,0.007689406029654955,0.0,2026-03-11 12:55:20.816913
0.8312713872071598,0.510520888339216,0.9547538978905533,0.02898190116518566,0.8636615044247787,0.25157227720006,0.9069260926383039,-0.0035858222017769448,-0.003775865777324361,0.004672407792097322,0.007946598855689713,0.0,2026-03-11 12:55:20.846080
0.8313157894736842,0.510527802474624,0.9547677261613692,0.02900159135628808,0.8636991982305778,0.2515740990292194,0.9069531136594572,-0.0035525123898459965,-0.003740659387496459,0.0046344982132788815,0.007946598855689713,0.0,2026-03-11 12:55:20.858952
0.831360168376743,0.510534712385079,0.9547815459822793,0.02902127038895496,0.8637368711995578,0.2515759197319506,0.9069801189957916,-0.003519246638512663,-0.00370550203163722,0.00459664833458473,0.007946598855689713,0.0,2026-03-11 12:55:20.874884
0.8314045239347712,0.5105416180744525,0.9547953573610263,0.029040938272667103,0.8637745233489914,0.251577739309298,0.9070071086609603,-0.0034860248604131616,-0.0036703936073800847,0.004558858015101586,0.007946598855689713,0.0,2026-03-11 12:55:20.887879
0.8314488561661846,0.5105485195466111,0.9548091603053435,0.0290605950168978,0.8638121546961326,0.25157955776230495,0.9070340826686004,-0.0035064376567564004,-0.0036918859949008898,0.004580532090814438,0.007946598855689713,0.0,2026-03-11 12:55:20.907205
0.8314931650893796,0.5105554168054168,0.9548229548229549,0.02908024063110719,0.863849765258216,0.25158137509201334,0.9070610410323329,-0.0035268326331115984,-0.0037133596199707686,0.00460218454650152,0.007946598855689713,0.0,2026-03-11 12:55:20.943407
0.8315374507227332,0.5105623098547267,0.9548367409215746,0.029099875124745916,0.8638873550524572,0.2515831912994637,0.907087983765763,-0.0035472098128032092,-0.0037348145071476324,0.00462381541449608,0.007946598855689713,0.0,2026-03-11 12:55:20.956898
0.8315817130846033,0.5105691986983933,0.9548505186089079,0.02911949850725397,0.863924924096053,0.2515850063856956,0.9071149108824809,-0.003567569219115385,-0.003756250680947426,0.004645424727066527,0.007946598855689713,0.0,2026-03-11 12:55:20.973470
0.8316259521933281,0.5105760833402645,0.9548642878926502,0.029139110788059877,0.8639624724061811,0.25158682035174695,0.9071418223960598,-0.0035879108752912003,-0.0037776681658423517,0.004667012516417435,0.007946598855689713,0.0,2026-03-11 12:55:20.987161
0.8316701680672269,0.5105829637841832,0.9548780487804878,0.029158711976582,0.864,0.25158863319865465,0.9071687183200579,-0.0035547329832922303,-0.0037426048238555776,0.004629281615675662,0.007946598855689713,0.0,2026-03-11 12:55:21.004262
0.8317143607245996,0.5114654894185993,0.9548780487804878,0.03156343645446788,0.864,0.2549161608575396,0.9071687183200579,-0.003139327065039943,-0.0033052442117318392,0.004629281615675662,0.011187260632936846,0.0,2026-03-11 12:55:21.029815
0.831758530183727,0.5114723656684041,0.9548918012800975,0.031583062963894806,0.8640375068946498,0.25491799654838226,0.9071955986680179,-0.003106192972238353,-0.0032702448595838263,0.004591609993646828,0.011187260632936846,0.0,2026-03-11 12:55:21.055988
0.8315402781422199,0.5113268915975205,0.9546008531383303,0.031149270351051587,0.8640375068946498,0.2548791578193463,0.9070642733063116,-0.002691148905831331,-0.002833280467223309,0.0041154162122765126,0.011187260632936846,0.0,2026-03-11 12:55:21.082258
0.8315844700944386,0.5113338058751419,0.954614681693573,0.03116896895454391,0.8640749931072512,0.2548810039300731,0.9070911722141825,-0.0026580585255532307,-0.0027983449477351208,0.004077803729371721,0.011187260632936846,0.0,2026-03-11 12:55:21.110300
0.8316286388670339,0.5113407159418755,0.9546285018270402,0.03118865642532433,0.8641124586549063,0.2548828489031347,0.9071180555555555,-0.002625011771353214,-0.0027634579161297523,0.004040250246440058,0.011187260632936846,0.0,2026-03-11 12:55:21.136759
0.8314105925537494,0.5111954148000449,0.954337899543379,0.030756194515738605,0.8641124586549063,0.25484405099608237,0.9069868363951975,-0.003250770085340582,-0.00342447535707624,0.004786454684328034,0.011187260632936846,0.0,2026-03-11 12:55:21.183205
0.8314547837483617,0.5112023627763773,0.9543517954960439,0.030775953727808815,0.8641499035546982,0.2548459063598798,0.9070137382501807,-0.003271437855299597,-0.0034462475116896485,0.004808247165426716,0.011187260632936846,0.0,2026-03-11 12:55:21.204949
0.8314989517819706,0.5112093065251611,0.9543656829936112,0.030795701778918022,0.8641873278236915,0.2548477605812718,0.9070406245482145,-0.003292087637643326,-0.0034680007175174055,0.004830017973247447,0.011187260632936846,0.0,2026-03-11 12:55:22.634295
0.8312811108200158,0.5111451056477491,0.9543656829936112,0.030626876124886293,0.8639493252547508,0.25460722465171537,0.9069095114194854,-0.0032586941961152416,-0.0034327021386262313,0.004830017973247447,0.01144233664558858,0.0,2026-03-11 12:55:22.635910
0.8310633839706653,0.5110811465815513,0.9543656829936112,0.030458579497270724,0.8637114537444934,0.2543673685224942,0.9067784361902009,-0.0032793260143160197,-0.0034544356558572353,0.004830017973247447,0.011188271604938183,0.0,2026-03-11 12:55:22.643441
0.8308457711442786,0.511017427962971,0.9543656829936112,0.030290809696643977,0.8634737131846958,0.2541281889975543,0.9066473988439306,-0.0032459765115268047,-0.0034191852373670617,0.004830017973247447,0.011441256830601043,0.0,2026-03-11 12:55:22.652440
0.830890052356021,0.5110243674880632,0.9543795620437956,0.030310555882140815,0.8635112823335168,0.25413003684535945,0.9066743715689107,-0.003212670860812228,-0.0033839836421714065,0.004791968371295363,0.011441256830601043,0.0,2026-03-11 12:55:22.660946
0.8309343103899502,0.5110313027933165,0.9543934326543022,0.030330290928489028,0.8635488308115543,0.25413188355608746,0.9067013287117273,-0.0031794089757358757,-0.0033488307689066854,0.004753978314886331,0.011441256830601043,0.0,2026-03-11 12:55:22.679827
0.8309785452642595,0.5110382338825787,0.9544072948328267,0.030350014845115937,0.8635863586358636,0.25413372913078774,0.9067282702858793,-0.0032000228532250707,-0.0033705431021513466,0.004775727481744929,0.011441256830601043,0.0,2026-03-11 12:55:22.688973
0.8310227569971227,0.5110451607596932,0.9544211485870556,0.03036972764143057,0.8636238658234809,0.25413557357050837,0.9067551963048499,-0.003166804647577681,-0.003335438090083631,0.004737796831209784,0.011441256830601043,0.0,2026-03-11 12:55:22.698165
0.8310669456066946,0.5110520834284984,0.9544349939246659,0.030389429326835995,0.8636613523914238,0.25413741687629615,0.9067821067821068,-0.003187400607746249,-0.0033571307922528604,0.004759524389358116,0.011441256830601043,0.0,2026-03-11 12:55:22.712033
0.8308496732026144,0.5109886039041716,0.9544349939246659,0.030222199232806963,0.8634240175872493,0.25389890211996985,0.9066512768720242,-0.0031542259955444907,-0.003322073543337911,0.004759524389358116,0.011692176870748305,0.0,2026-03-11 12:55:22.718549
0.8306325143753267,0.5109253621308723,0.9544349939246659,0.03005549139460822,0.8631868131868132,0.25366105766297,0.9065204847085979,-0.003121094891030962,-0.0032870647160374578,0.004759524389358116,0.011941056910569015,0.0,2026-03-11 12:55:22.725153
0.8306767703161746,0.5109322805952019,0.9544488308533252,0.03007518796992578,0.8632243889041472,0.2536628963828722,0.9065474473608307,-0.0030880072086727495,-0.0032521042100996933,0.0047216530054644545,0.011941056910569015,0.0,2026-03-11 12:55:22.731779
0.8307210031347962,0.5109391948588854,0.9544626593806922,0.03009487345513878,0.8632619439868204,0.2536647339730529,0.9065743944636679,-0.003108585274870679,-0.0032737757967236103,0.00474335898709044,0.011941056910569015,0.0,2026-03-11 12:55:22.741504
0.8305040480543223,0.5108761895034302,0.9544626593806922,0.02992869157809578,0.8630249794125721,0.25342755324426286,0.9064437076546057,-0.003129145470407546,-0.0032954285630379943,0.00474335898709044,0.011688750105494083,0.0,2026-03-11 12:55:22.753643
0.8305483028720627,0.510883099570292,0.9544764795144158,0.029948368918323465,0.8630625686059276,0.253429387988641,0.9064706730076381,-0.003096101124895889,-0.003260514770838663,0.004705546731040511,0.011688750105494083,0.0,2026-03-11 12:55:22.763266
0.8305925345862699,0.5108900054441521,0.9544902912621359,0.02996803518821346,0.8631001371742113,0.25343122160643267,0.9064976228209192,-0.0031166434730408588,-0.0032821479885056792,0.004727231168267676,0.011688750105494083,0.0,2026-03-11 12:55:22.770394
0.8306367432150313,0.5108969071288256,0.9545040946314831,0.029987690397105252,0.8631376851343938,0.2534330540986753,0.9065245571078785,-0.003137167997022572,-0.003303762435485247,0.004748894093156486,0.011688750105494083,0.0,2026-03-11 12:55:22.777673
0.8306809287764153,0.5109038046281236,0.9545178896300789,0.030007334554329145,0.8631752125034274,0.25343488546640497,0.9065514758819295,-0.0031576747200293687,-0.003325358136196499,0.0047705355377032355,0.011688750105494083,0.0,2026-03-11 12:55:22.785019
0.8304642670839854,0.5107591368667367,0.9542285541073052,0.029577992397367518,0.8631752125034274,0.25339647169044105,0.9064209617045781,-0.0027447002928645547,-0.0028904533428995016,0.004296615395089853,0.011688750105494083,0.0,2026-03-11 12:55:22.804072
0.8305084745762712,0.5107660719342962,0.9542424242424242,0.029597707861319454,0.8632127192982456,0.25339831329878226,0.9064478986758779,-0.002765359292413061,-0.002912209406561894,0.0043184594130932785,0.011688750105494083,0.0,2026-03-11 12:55:22.811680
0.8302919708029197,0.5107033016734509,0.9542424242424242,0.02943220348205485,0.8629761578514662,0.25316182392080583,0.9063174557490287,-0.0027323581986624657,-0.0028773558425612134,0.0043184594130932785,0.011935614922320426,0.0,2026-03-11 12:55:22.822379
0.8303362001563722,0.5107102325392124,0.9542562859739473,0.029451910818993277,0.863013698630137,0.2531636626823206,0.9063444108761329,-0.00275299930388484,-0.0028990923062275353,0.004340281803355994,0.011935614922320426,0.0,2026-03-11 12:55:22.833173
0.8303804064616988,0.5107171592069936,0.9542701393095094,0.02947160708667204,0.8630512188441523,0.2531655003167665,0.9063713504961888,-0.0027200413770326337,-0.002864285995511695,0.004302528536785033,0.011935614922320426,0.0,2026-03-11 12:55:22.840973
0.8304245897369107,0.510724081680607,0.9542839842567363,0.029491292294417413,0.8630887185104053,0.2531673368251796,0.9063982746225737,-0.0026871265324377447,-0.002829527594377046,0.0042648341217597086,0.011935614922320426,0.0,2026-03-11 12:55:22.858250
0.83046875,0.5107309999638611,0.9542978208232445,0.02951096645154083,0.8631261976457706,0.2531691722085947,0.9064251832686502,-0.0026542546856802574,-0.0027948170039728826,0.004227198420776568,0.011935614922320426,0.0,2026-03-11 12:55:22.869468
0.8305128872689403,0.5107379140605596,0.9543116490166415,0.029530629567344608,0.8631636562671046,0.2531710064680454,0.9064520764477655,-0.002674877919815799,-0.0028165323901223616,0.004248999215403337,0.011935614922320426,0.0,2026-03-11 12:55:22.877807
0.8302967204580948,0.5105935838051123,0.9540229885057471,0.029103063790467947,0.8631636562671046,0.25313271394624004,0.9063218390804598,-0.002262770194856545,-0.0023826005284217633,0.003776218604694126,0.011935614922320426,0.0,2026-03-11 12:55:22.889190
0.8303408795212074,0.5106005352734363,0.9540368914423949,0.029122797772470333,0.8632010943912448,0.2531345583856856,0.9063487503590922,-0.002229941261737145,-0.002347951898956202,0.003738641480677596,0.011935614922320426,0.0,2026-03-11 12:55:22.901448
0.8303850156087409,0.5106074825389377,0.9540507859733979,0.029142520685487987,0.8632385120350109,0.2531364016965654,0.906375646180356,-0.0022507159829067147,-0.002369826038359557,0.0037606436486244954,0.011935614922320426,0.0,2026-03-11 12:55:22.919708
0.8301690507152145,0.5105449460593247,0.9540507859733979,0.028977693966809548,0.8630024610336341,0.25290059689299105,0.9062455132806891,-0.0022179298794458013,-0.002335224248070311,0.0037606436486244954,0.012180488893849817,0.0,2026-03-11 12:55:22.937675
0.8299531981279251,0.510482642057331,0.9540507859733979,0.028813378699166062,0.8627665390924002,0.25266544984363876,0.9061154177433246,-0.0021851865218823763,-0.002300669955090928,0.0037606436486244954,0.01242339600617004,0.0,2026-03-11 12:55:22.955690
0.8299974005718742,0.5113482130238047,0.9540507859733979,0.031166702735673957,0.8627665390924002,0.25591292829094914,0.9061154177433246,-0.0028039516247196916,-0.002954060222336796,0.0037606436486244954,0.008664359861591753,0.0,2026-03-11 12:55:22.973587
0.8297817047817048,0.5112040530380124,0.9537624660018132,0.030738678927477302,0.8627665390924002,0.2558742561444055,0.9059853595521745,-0.0023923694287070196,-0.0025204441132911093,0.003288552929053723,0.008664359861591753,0.0,2026-03-11 12:55:22.985831
0.8298259288126786,0.5112110375597644,0.9537764350453172,0.030758513414127102,0.8628040448209894,0.2558761299367047,0.9060123403644712,-0.0023592871811499716,-0.002485504190841148,0.003251034245354334,0.008664359861591753,0.0,2026-03-11 12:55:23.005603
0.8298701298701299,0.5112180178625362,0.9537903956508608,0.030778336786032017,0.8628415300546448,0.2558780025834358,0.9060393056950221,-0.0023802128349178497,-0.002507549324028746,0.003273236948716507,0.008664359861591753,0.0,2026-03-11 12:55:23.021295
0.8299143079719553,0.5112249939501492,0.9538043478260869,0.03079814905252871,0.8628789948101612,0.25587987408564905,0.9060662555571489,-0.002401120410367219,-0.002529575411744922,0.003295417734306305,0.008664359861591753,0.0,2026-03-11 12:55:23.033953
0.8299584631360333,0.5112319658264206,0.9538182915786296,0.030817950222948982,0.8629164391043146,0.25588174444439354,0.9060931899641577,-0.0023680812106274818,-0.0024946818510860336,0.003257957354699692,0.008664359861591753,0.0,2026-03-11 12:55:23.046793
0.8300025953802233,0.5112389334951625,0.9538322269161135,0.030837740306610455,0.862953862953863,0.25588361366071716,0.9061201089293394,-0.0023889707311756103,-0.0025166881520335416,0.003280116254955834,0.008664359861591753,0.0,2026-03-11 12:55:23.061053
0.8300467047223664,0.5121012986432419,0.9538322269161135,0.033176636943631925,0.862953862953863,0.25907822579152046,0.9061201089293394,-0.001978249643592167,-0.0020840093915017732,0.003280116254955834,0.011862068965517336,0.0,2026-03-11 12:55:23.084290
0.8298313878080416,0.5120362613323636,0.9538322269161135,0.03300629627278725,0.8627183406113537,0.25883867120881804,0.9059902550874175,-0.0019452534077012418,-0.0020491779048250613,0.003280116254955834,0.012117049045198502,0.0,2026-03-11 12:55:23.097500
0.8296161825726142,0.5119714640115622,0.9538322269161135,0.03283647730552443,0.8624829467939973,0.2585997799062296,0.9058604384582319,-0.0019662930803313605,-0.0020713416147599695,0.003280116254955834,0.01185635465012791,0.0,2026-03-11 12:55:23.113950
0.8296603577910293,0.5119784274765825,0.9538461538461539,0.03285629720888643,0.8625204582651391,0.2586016678105147,0.9058874086807047,-0.0019333397245390183,-0.0020365570404281552,0.0032427140436406265,0.01185635465012791,0.0,2026-03-11 12:55:23.127400
0.8297045101088647,0.511985386741684,0.9538600723763571,0.03287610602586152,0.8625579492773384,0.2586035545623662,0.9059143634541029,-0.0019543612516990105,-0.002058700866779395,0.0032648510909381034,0.01185635465012791,0.0,2026-03-11 12:55:23.143931
0.8297486395439233,0.5119923418106657,0.9538739825143202,0.03289590376574964,0.8625954198473282,0.2586054401628392,0.9059413027916965,-0.001975364656852885,-0.0020808256036253248,0.003286966317587514,0.01185635465012791,0.0,2026-03-11 12:55:23.169597
0.8295336787564767,0.5119277831540293,0.9538739825143202,0.03272661353774505,0.8623603161624421,0.2583672038707563,0.905811623246493,-0.0019963499634240156,-0.0021029312756397633,0.003286966317587514,0.011597445833105846,0.0,2026-03-11 12:55:23.195454
0.8295778295778296,0.5119347340306848,0.953887884267631,0.032746403263903885,0.8623978201634878,0.2583690865848838,0.9058385804235832,-0.001963439404197631,-0.0020681919852696407,0.003249622139183561,0.011597445833105846,0.0,2026-03-11 12:55:23.218422
0.8296219575349559,0.5119416807188035,0.9539017776438686,0.03276618193250629,0.8624353037319531,0.2583709681507977,0.9058655221745351,-0.0019844066355694245,-0.0020902778514206855,0.0032717155774324436,0.011597445833105846,0.0,2026-03-11 12:55:23.232438
0.8294071964794202,0.5118773594101697,0.9539017776438686,0.03259741508350617,0.8622004357298475,0.25813338560110327,0.9057359462165642,-0.001951538789593199,-0.0020555852869195146,0.0032717155774324436,0.011850402261361137,0.0,2026-03-11 12:55:23.249588
0.8294513457556936,0.5118843019135365,0.9539156626506025,0.03261718571919137,0.8622379526272802,0.2581352642907328,0.9057629057629057,-0.0019187135737674943,-0.0020209401166322305,0.0032344292969794797,0.011850402261361137,0.0,2026-03-11 12:55:23.279778
0.8294954721862872,0.5118912402359318,0.9539295392953929,0.03263694531682244,0.8622754491017964,0.25813714183530184,0.9057898498927806,-0.0018859309052078332,-0.001986342243505579,0.0031972007799353497,0.011850402261361137,0.0,2026-03-11 12:55:23.297330
0.8292809105018106,0.5118271549687974,0.9539295392953929,0.03246869959115575,0.8620408163265306,0.257900210035185,0.9056603773584906,-0.0019068800847229506,-0.0020084068059573745,0.0031972007799353497,0.01159326074001843,0.0,2026-03-11 12:55:23.323505
0.8293250581846393,0.5118340891139967,0.9539434075857917,0.032488451136918194,0.8620783460282916,0.2579020847134815,0.9056873392397828,-0.001927811235684418,-0.0020304523799734575,0.003219272461967293,0.01159326074001843,0.0,2026-03-11 12:55:23.350215
0.8293691830403309,0.5118410190857714,0.953957267529341,0.03250819166409564,0.8621158553168343,0.25790395824985873,0.9057142857142856,-0.0019487243813546273,-0.0020524789900546736,0.0032413224199027146,0.01159326074001843,0.0,2026-03-11 12:55:23.377033
0.8294132850865856,0.5118479448878879,0.953971119133574,0.0325279211819074,0.8621533442088092,0.2579058306453599,0.9057412167952015,-0.001969619544956336,-0.0020744866606605683,0.0032633506857989714,0.01159326074001843,0.0,2026-03-11 12:55:23.423850
0.8294573643410853,0.5118548665241085,0.953984962406015,0.03254763969955956,0.8621908127208481,0.25790770190102685,0.9057681324957169,-0.0019904967496723325,-0.0020964754162078325,0.003285357291650026,0.01159326074001843,0.0,2026-03-11 12:55:23.441993
0.8295014208214931,0.5118617839981905,0.9539987973541791,0.03256734722625102,0.8622282608695652,0.2579095720179003,0.9057950328290038,-0.002011356018645327,-0.0021184452810714127,0.0033073422693871146,0.01159326074001843,0.0,2026-03-11 12:55:23.463314
0.8295454545454546,0.5118686973138873,0.9540126239855726,0.03258704377116629,0.8622656886715566,0.25791144099701974,0.9058219178082192,-0.001978615814682172,-0.0020838900531168214,0.003270171381626441,0.01159326074001843,0.0,2026-03-11 12:55:23.481679
0.8293312677510973,0.5117253660903317,0.9537259615384616,0.0321603435154764,0.8622656886715566,0.2578726893716794,0.9056926808389214,-0.0015700883431924995,-0.0016536264678643775,0.002800975627558433,0.01159326074001843,0.0,2026-03-11 12:55:23.500083
0.8293753226639132,0.5117323162312841,0.9537398618203665,0.03218010943897909,0.8623030961434003,0.2578745685750154,0.9057195835116245,-0.0015373905213704742,-0.0016191331666786102,0.0027638622353703957,0.01159326074001843,0.0,2026-03-11 12:55:23.535951
0.8291612903225807,0.511668465708718,0.9537398618203665,0.03201254600794157,0.8620689655172413,0.2576383114767903,0.9055904164289789,-0.0015583982665944296,-0.0016412578881310758,0.0027638622353703957,0.0113378684807256,0.0,2026-03-11 12:55:23.554695
0.8289473684210527,0.5115252615252616,0.9534534534534534,0.031587182432371345,0.8620689655172413,0.2575996241409649,0.9054612861828033,-0.0021725732750723648,-0.0022895693819098284,0.003499603732505796,0.0113378684807256,0.0,2026-03-11 12:55:23.582549
0.8289914882641217,0.5115322483980544,0.9534674271990393,0.031607020483756965,0.8621064060803475,0.25760151181487745,0.905488239486814,-0.0021935629956328917,-0.0023116894282539935,0.0035217866684270627,0.0113378684807256,0.0,2026-03-11 12:55:23.616455
0.8290355853532749,0.5115392310770462,0.9534813925570228,0.031626847491945935,0.8621438263229309,0.2576033983419123,0.9055151774262505,-0.0021605315722963425,-0.00227679996072383,0.003484191113057089,0.0113378684807256,0.0,2026-03-11 12:55:23.644973
0.8290796597061099,0.5115462095660116,0.9534953495349535,0.031646663466155155,0.8621812262615302,0.2576052837231146,0.9055421000142471,-0.002181503291381226,-0.0022989002668711844,0.0035063522796593416,0.0113378684807256,0.0,2026-03-11 12:55:23.707224
0.8288659793814434,0.5114825925005664,0.9534953495349535,0.031479764726935346,0.8619473826959587,0.25736970499645095,0.9054131054131054,-0.002202457032138616,-0.002320981627192298,0.0035063522796593416,0.011084207694377235,0.0,2026-03-11 12:55:23.729673
0.8286524091728936,0.5113395967972768,0.9532093581283744,0.031055888961681835,0.8619473826959587,0.2573311043655633,0.9052841475573281,-0.0017949438031096276,-0.0018915381903341633,0.003038055220497493,0.011084207694377235,0.0,2026-03-11 12:55:23.752141
0.8284389489953632,0.5111966868485319,0.9529235382308846,0.03063311129557923,0.8619473826959587,0.2572925210975804,0.9051552264312163,-0.002407949888071914,-0.0025391733152146934,0.0037721226212316106,0.011084207694377235,0.0,2026-03-11 12:55:23.771665
0.8284831315992789,0.5112037426731375,0.9529376498800959,0.03065307872688779,0.8619848156182213,0.2572944261866116,0.9051822323462414,-0.002429051231401691,-0.002561424595510786,0.003794480755265117,0.011084207694377235,0.0,2026-03-11 12:55:23.794355
0.8285272914521112,0.5112107942689001,0.9529517530716212,0.030673035054361406,0.8620222282461372,0.2572963301197522,0.9052092228864219,-0.0024501345085129467,-0.0025836568250532377,0.0038168169802988983,0.011084207694377235,0.0,2026-03-11 12:55:23.839079
0.8285714285714286,0.5112178416396205,0.9529658478130617,0.03069298028726198,0.862059620596206,0.2572982328980542,0.9052361980648834,-0.002471199742597241,-0.0026058700282973746,0.0038391313285207618,0.011084207694377235,0.0,2026-03-11 12:55:23.862387
0.8286155429747812,0.5112248847890943,0.9529799341120095,0.030712914434836588,0.8620969926849092,0.25730013452256795,0.9052631578947369,-0.0024922469568062766,-0.002628064229656779,0.003861423832055233,0.011084207694377235,0.0,2026-03-11 12:55:23.887791
0.8286596346797016,0.5112319237211136,0.9529940119760479,0.03073283750632788,0.8621343445287107,0.2573020349943428,0.9052901023890785,-0.002458883763414854,-0.00259279166067361,0.003823349263011755,0.011084207694377235,0.0,2026-03-11 12:55:25.344323
0.8284465020576132,0.5111685388347393,0.9529940119760479,0.03056674531899029,0.8619008935824533,0.25706716316538974,0.9051613820560216,-0.002479912980860921,-0.002614966104393268,0.003823349263011755,0.010832260832260854,0.0,2026-03-11 12:55:25.345728
0.8284906145538699,0.5111755735530906,0.9530080814127506,0.030586660398152738,0.8619382782891175,0.25706906075172614,0.905188343994314,-0.0024465928367513046,-0.00257974074623446,0.0037853333604845885,0.010832260832260854,0.0,2026-03-11 12:55:25.353312
0.8282776349614396,0.5111124195770492,0.9530080814127506,0.03042107423368938,0.8617050067658999,0.25683482921265394,0.9050596930073906,-0.00241331565865599,-0.00254456328115249,0.0037853333604845885,0.011083217604956785,0.0,2026-03-11 12:55:25.354959
0.8283217681829864,0.5111194500855154,0.9530221424296829,0.030440981291363498,0.8617424242424242,0.2568367239214356,0.9050866723500994,-0.0023800813635221907,-0.0025094336115396576,0.0037473759889851133,0.011083217604956785,0.0,2026-03-11 12:55:25.370694
0.828365878725591,0.5111264763878741,0.9530361950344003,0.030460877302502628,0.8617798214768732,0.25683861748271436,0.9051136363636364,-0.0024010926072781658,-0.002531586770717187,0.0037696466798937678,0.011083217604956785,0.0,2026-03-11 12:55:25.375432
0.82840996660673,0.5111334984878988,0.9530502392344498,0.03048076227630024,0.861817198485668,0.2568405098975327,0.9051405850610622,-0.002422085900377402,-0.0025537210036588043,0.0037918955901756757,0.011083217604956785,0.0,2026-03-11 12:55:25.393165
0.8284540318438623,0.5111405163893585,0.9530642750373692,0.030500636221936665,0.8618545552852123,0.25684240116693147,0.9051675184554232,-0.0024430612658139506,-0.002575836334608228,0.0038141227517671794,0.011083217604956785,0.0,2026-03-11 12:55:25.404306
0.8282413350449294,0.5110775920641392,0.9530642750373692,0.03033556297736566,0.8616216216216216,0.25660880184514334,0.9050390347764371,-0.0024098697708025973,-0.0025407520394138405,0.0038141227517671794,0.011332198340072375,0.0,2026-03-11 12:55:25.405827
0.8282854209445585,0.5110846057707983,0.9530783024506874,0.030355428903058233,0.861659011078087,0.2566106902510852,0.9050659855257557,-0.0023767209932881173,-0.0025057153484191463,0.003776223776223775,0.011332198340072375,0.0,2026-03-11 12:55:25.413564
0.8283294842186297,0.5110916152864167,0.9530923214819241,0.03037528381989502,0.8616963803349541,0.2566125775147257,0.9050929209816996,-0.0023976784540165053,-0.002527810256134133,0.0037984292209988224,0.011332198340072375,0.0,2026-03-11 12:55:25.424173
0.8281169830682401,0.5110289193616517,0.9530923214819241,0.0302107152644355,0.8614636780988387,0.2563796109868877,0.9049645390070922,-0.0023645723115856,-0.0024928203013665495,0.0037984292209988224,0.011579226285108657,0.0,2026-03-11 12:55:25.441148
0.8279045909207489,0.5109664505960345,0.9530923214819241,0.030046643406136414,0.8612311015118791,0.2561472778073261,0.9048361934477379,-0.0023315087220369124,-0.002457877758461624,0.0037984292209988224,0.011824324324324342,0.0,2026-03-11 12:55:25.450682
0.8276923076923077,0.5108241130330892,0.9528076463560334,0.029626601738141415,0.8612311015118791,0.2561090211753739,0.9047078842881453,-0.0029407483612482466,-0.0031021308932679403,0.004529228014826137,0.011824324324324342,0.0,2026-03-11 12:55:25.460000
0.8277364778261984,0.5108311587711668,0.9528217378321887,0.029646530676304624,0.8612685560053981,0.2561109150208081,0.9047349021831584,-0.0029616879401842544,-0.0031242195954381824,0.004551411774596503,0.011824324324324342,0.0,2026-03-11 12:55:25.468382
0.8277806253203486,0.5108382003028337,0.9528358208955224,0.029666448581807656,0.8613059902860226,0.2561128077215968,0.9047619047619048,-0.0029826096602043606,-0.003146289458630269,0.004573573881111903,0.011824324324324342,0.0,2026-03-11 12:55:25.477794
0.8278247501921598,0.5108452376318555,0.9528498955535661,0.029686355463807483,0.8613434043701106,0.25611469927877734,0.9047888920374044,-0.0029492186965410783,-0.003110956485586236,0.004535200941000794,0.011824324324324342,0.0,2026-03-11 12:55:25.492668
0.8276127049180327,0.5107031060841895,0.9525656324582339,0.029267629446154946,0.8613434043701106,0.25607649316246445,0.9046607168154128,-0.0035573073877382955,-0.003754801772162475,0.005264346608625958,0.011824324324324342,0.0,2026-03-11 12:55:25.510207
0.8274007682458386,0.5106408632453918,0.9525656324582339,0.02910433115887564,0.8611111111111112,0.25584485449618727,0.9045325779036828,-0.0035782112716798986,-0.003776866196715689,0.005264346608625958,0.01157407407407407,0.0,2026-03-11 12:55:25.520188
0.8274449564772145,0.5106479366673335,0.9525797793021175,0.029124308807508142,0.8611485575626854,0.25584675430427056,0.9045596148399886,-0.0035990973423416506,-0.003798911819032247,0.005286487093573933,0.01157407407407407,0.0,2026-03-11 12:55:25.537220
0.827489122088559,0.5106550058713732,0.9525939177101967,0.029144275408056145,0.8611859838274932,0.2558486529653983,0.9045866364665911,-0.0036199656224833454,-0.00382093866313582,0.005308605988580628,0.01157407407407407,0.0,2026-03-11 12:55:25.547172
0.8275332650972365,0.5106620708612823,0.952608047690015,0.02916423096968219,0.861223389921854,0.2558505504806091,0.9046136427964903,-0.0036408161348256973,-0.003842946753008336,0.005330703325210018,0.01157407407407407,0.0,2026-03-11 12:55:25.560250
0.827321565617805,0.5105201447516742,0.9523241954707986,0.02874694801100292,0.861223389921854,0.25581242926301234,0.9044856374699307,-0.004248125225136734,-0.004486848579020597,0.0060587306712589495,0.01157407407407407,0.0,2026-03-11 12:55:25.578134
0.8273657289002557,0.5105272457055807,0.9523383973786118,0.028766971048294454,0.861260775862069,0.25581433670745746,0.9045126609138491,-0.004268957992362266,-0.004508852043388689,0.006080806481013834,0.01157407407407407,0.0,2026-03-11 12:55:25.588576
0.8274098695985681,0.5105343424302117,0.9523525908278737,0.0287869830213161,0.8612981416644223,0.25581624300163297,0.9045396690708527,-0.004234873989668375,-0.0044726916765036595,0.006041434551436686,0.01157407407407407,0.0,2026-03-11 12:55:25.607171
0.8274539877300614,0.5105414349293442,0.9523667758261387,0.028806983939235076,0.8613354873451804,0.25581814814657927,0.9045666619539092,-0.004200833628463241,-0.004436580208018626,0.006002122915779284,0.01157407407407407,0.0,2026-03-11 12:55:25.623305
0.8272425249169435,0.5103997136829415,0.9520833333333333,0.028391004972667982,0.8613354873451804,0.2557800771368965,0.9044387899349732,-0.0037962977587111535,-0.004009342190065546,0.005537322312866522,0.01157407407407407,0.0,2026-03-11 12:55:25.636204
0.8272866632600919,0.5104068420177625,0.9520975900029753,0.02841107301098587,0.8613728129205922,0.2557819921785121,0.9044657998869418,-0.0037623009552298914,-0.003973294860151633,0.0054980708327342365,0.01157407407407407,0.0,2026-03-11 12:55:25.661069
0.827330779054917,0.5104139661120511,0.9521118381915527,0.028431129969096955,0.8614101184068891,0.2557839060665751,0.9044927945747385,-0.0037832791465914895,-0.003995449531163819,0.005520340595371764,0.01157407407407407,0.0,2026-03-11 12:55:25.678236
0.8273748723186926,0.5104210859695903,0.952126077906631,0.028451175856174904,0.8614474038202852,0.2557858188021276,0.9045197740112995,-0.0038042395069362023,-0.00401758537117658,0.005542588694816053,0.01157407407407407,0.0,2026-03-11 12:55:25.689534
0.8271636456471789,0.5102795690138967,0.9518430439952438,0.02803649597313424,0.8614474038202852,0.25574779787010005,0.9043920350233018,-0.0034003732229646033,-0.0035910698293877275,0.005078670291489784,0.01157407407407407,0.0,2026-03-11 12:55:25.706015
0.8272077590607453,0.5102867245794249,0.9518573551263001,0.02805660862701938,0.8614846691769769,0.25574972046990185,0.9044190314838345,-0.00342147837532758,-0.003613358581511461,0.0051011113812668984,0.01157407407407407,0.0,2026-03-11 12:55:25.723560
0.8269966828272518,0.5101453316270889,0.9515745692216281,0.0276430678250176,0.8614846691769769,0.255711727493317,0.9042913608130999,-0.0030181173942844808,-0.003187376680585663,0.00463785801636718,0.01157407407407407,0.0,2026-03-11 12:55:25.750594
0.8267857142857142,0.5100833134916805,0.9515745692216281,0.027480806696062267,0.8612530250067222,0.25548083649590236,0.9041637261820747,-0.00298416406497648,-0.0031514062104140983,0.00463785801636718,0.011817264735552668,0.0,2026-03-11 12:55:26.118145
0.8268298903340985,0.5100905046753422,0.9515889515889516,0.027500988987989475,0.8612903225806452,0.25548276719343754,0.9041907718357556,-0.0029502541265046256,-0.0031154842833871488,0.0045986665537885996,0.011817264735552668,0.0,2026-03-11 12:55:26.122381
0.8268740438551759,0.5100976915887049,0.9516033254156769,0.02752116015106654,0.861327600107498,0.25548469672990043,0.9042178022288052,-0.0029163874957447433,-0.003079610801305588,0.004559534971213974,0.011817264735552668,0.0,2026-03-11 12:55:26.123625
0.8269181748661738,0.510104874235571,0.9516176907094093,0.027541320194498235,0.8613648576034391,0.2554866251063383,0.9042448173741363,-0.0029376369185888374,-0.003102049504052573,0.0045821682600666325,0.011817264735552668,0.0,2026-03-11 12:55:26.124901
0.8269622833843018,0.5101120526197388,0.9516320474777448,0.02756146912747643,0.8614020950846092,0.2554885523237971,0.9042718172846468,-0.002958868318173491,-0.0031244691748211206,0.004604779585514307,0.011817264735552668,0.0,2026-03-11 12:55:26.129305
0.8270063694267515,0.5101192267450018,0.9516463957282706,0.027581606959181194,0.8614393125671321,0.25549047838332145,0.9042988019732205,-0.0029800817174193694,-0.0031468698378143145,0.004627368979511437,0.011817264735552668,0.0,2026-03-11 12:55:26.130680
0.8270504330106979,0.5101263966151488,0.9516607354685647,0.02760173369878941,0.8614765100671141,0.2554924032859548,0.9043257714527266,-0.0030012771392081694,-0.0031692515171948266,0.004649936473950622,0.011817264735552668,0.0,2026-03-11 12:55:26.135192
0.8270944741532977,0.5101335622339646,0.9516750667061963,0.02762184935545822,0.8615136876006442,0.2554943270327394,0.9043527257360192,-0.0029674537332482487,-0.0031334231805930646,0.004610864634250089,0.011817264735552668,0.0,2026-03-11 12:55:26.136672
0.8271384928716904,0.5101407236052292,0.9516893894487255,0.027641953938340194,0.861550845183794,0.2554962496247161,0.9043796648359386,-0.002988631200423253,-0.003155785101794706,0.004633410260962201,0.011817264735552668,0.0,2026-03-11 12:55:26.141250
0.8271824891829982,0.5101478807327183,0.9517037037037037,0.027662047456579145,0.8615879828326181,0.2554981710629247,0.9044065887653104,-0.0030097907357885534,-0.0031781280882619,0.00465593405171616,0.011817264735552668,0.0,2026-03-11 12:55:26.142843
0.8272264631043257,0.510155033620203,0.951718009478673,0.027682129919305704,0.8616251005631537,0.25550009134840357,0.9044334975369458,-0.0030309323621099393,-0.0032004521640338623,0.004678436038219602,0.011817264735552668,0.0,2026-03-11 12:55:26.147602
0.8272704146527601,0.5101621822714498,0.9517323067811667,0.02770220133564102,0.8616621983914209,0.25550201048218985,0.9044603911636415,-0.002997152098249356,-0.0031646696902727367,0.0046394238046818526,0.011817264735552668,0.0,2026-03-11 12:55:26.159283
0.8273143438453713,0.5101693266902211,0.9517465956187093,0.027722261714698528,0.8616992763334227,0.25550392846531955,0.9044872696581798,-0.003018275838254092,-0.00318697408375912,0.004661904018581131,0.011817264735552668,0.0,2026-03-11 12:55:26.164527
0.8273582506992118,0.5101764668802745,0.9517608759988162,0.027742311065576612,0.8617363344051447,0.2555058452988273,0.9045141330333287,-0.0030393817146308066,-0.0032092596151791497,0.0046843624914610915,0.011817264735552668,0.0,2026-03-11 12:55:26.166804
0.8274021352313167,0.5101836028453635,0.9517751479289941,0.027762349397370746,0.8617733726225556,0.25550776098374667,0.9045409813018416,-0.003060469750030159,-0.0032315263084492507,0.00470679925484585,0.011817264735552668,0.0,2026-03-11 12:55:26.239457
0.827445997458704,0.5101907345892367,0.9517894114167406,0.02778237671916069,0.8618103910016068,0.25550967552110976,0.9045678144764582,-0.003081539967064062,-0.003253774187445435,0.00472921434019824,0.011817264735552668,0.0,2026-03-11 12:55:26.240997
0.827489837398374,0.5101978621156388,0.9518036664695446,0.0278023930400159,0.8618473895582329,0.25551158891194764,0.904594632569903,-0.0031025923883066797,-0.003276003276003303,0.004751607778920697,0.011817264735552668,0.0,2026-03-11 12:55:26.245642
0.8275336550673101,0.5102049854283095,0.9518179130948862,0.027822398369002223,0.8618843683083511,0.25551350115729005,0.904621435594887,-0.0031236270362935414,-0.0032982135979180427,0.0047739796023548164,0.011817264735552668,0.0,2026-03-11 12:55:26.250266
0.8275774504824784,0.5102121045309846,0.9518321513002365,0.02784239271516788,0.861921327267862,0.25551541225816554,0.9046482235641062,-0.0031446439335227616,-0.003320405176945318,0.004796329841781799,0.011817264735552668,0.0,2026-03-11 12:55:26.252032
0.8273673521198274,0.5101503098843525,0.9518321513002365,0.027680673623317775,0.8616907437132156,0.2552851144085271,0.904521201909576,-0.003110906729272056,-0.0032846653150928606,0.004796329841781799,0.012058570198105079,0.0,2026-03-11 12:55:26.253861
0.8274111675126904,0.5101574247807631,0.9518463810930576,0.027700660127089535,0.8617277346884193,0.25528702264450465,0.9045480067377878,-0.0030772125023516006,-0.0032489735229939143,0.0047573770781123015,0.012058570198105079,0.0,2026-03-11 12:55:26.258408
0.8274549606698808,0.5101645354746359,0.9518606024808033,0.027720635666980874,0.861764705882353,0.2552889297390983,0.9045747965197867,-0.003098211671282769,-0.0032711448042461733,0.00477970576475284,0.012058570198105079,0.0,2026-03-11 12:55:26.259958
0.8274987316083207,0.5101716419696933,0.9518748154709182,0.027740600252008713,0.8618016573108794,0.25529083569333194,0.9046015712682378,-0.0031191931343379498,-0.003293297391331995,0.004802012929767785,0.012058570198105079,0.0,2026-03-11 12:55:26.264628
0.8275424803449151,0.5101787442696534,0.9518890200708382,0.02776055389118501,0.861838588989845,0.2552927405082282,0.9046283309957923,-0.0031401569139013485,-0.0033154313078851416,0.004824298604257704,0.012058570198105079,0.0,2026-03-11 12:55:26.269322
0.8275862068965517,0.5101858423782295,0.9519032162879906,0.027780496593505136,0.8618755009350788,0.2552946441848086,0.904655075715087,-0.003106505582241126,-0.003279785127487056,0.00478540517457704,0.012058570198105079,0.0,2026-03-11 12:55:26.278006
0.8276299112801014,0.510192936299131,0.9519174041297935,0.02780042836796189,0.8619123931623932,0.25529654672409324,0.9046818054387442,-0.0031274517006590896,-0.003301899611381387,0.004807669389582547,0.012058570198105079,0.0,2026-03-11 12:55:26.283264
0.8276735935124176,0.5102000260360626,0.9519315836036567,0.027820349223533224,0.8619492656875835,0.2552984481271013,0.9047085201793722,-0.003148380180240551,-0.0033239954725523546,0.004829912176084639,0.012058570198105079,0.0,2026-03-11 12:55:26.288574
0.827717253610337,0.5102071115927248,0.9519457547169812,0.0278402591691896,0.8619861185264281,0.2553003483948505,0.9047352199495657,-0.0031147716619793764,-0.003288395602841998,0.004791077944927058,0.012058570198105079,0.0,2026-03-11 12:55:26.293921
0.8277608915906788,0.5102141929728137,0.9519599174771588,0.027860158213890217,0.8620229516946891,0.2553022475283574,0.9047619047619048,-0.0030812058754642324,-0.0032528435181913284,0.004752302777238926,0.012058570198105079,0.0,2026-03-11 12:55:26.299409
0.8278045074702456,0.510221270180021,0.9519740718915733,0.027880046366586725,0.862059765208111,0.2553041455286375,0.9047885746289555,-0.003102116738480376,-0.003274919214516503,0.004774524166159089,0.012058570198105079,0.0,2026-03-11 12:55:26.301900
0.8278481012658228,0.5102283432180339,0.9519882179675994,0.027899923636218845,0.862096559082422,0.25530604239670485,0.9048152295632698,-0.0031230100071649725,-0.0032969763364232296,0.0047967241883591916,0.012058570198105079,0.0,2026-03-11 12:55:26.307533
0.8276385725132878,0.5101667708543033,0.9519882179675994,0.027738721794322633,0.8618666666666667,0.2550763473053119,0.9046885934219734,-0.0031438857037143775,-0.0033190149073440978,0.0047967241883591916,0.011809999479735711,0.0,2026-03-11 12:55:26.313389
0.8276821862348178,0.5101738397268051,0.952002355712603,0.027758591291229703,0.8619034924020261,0.25507824133661294,0.9047152651462151,-0.003110362567499858,-0.0032835081698490143,0.004758007949497323,0.011809999479735711,0.0,2026-03-11 12:55:26.322096
0.82772577789021,0.5101809044374744,0.9520164851339417,0.027778449923778342,0.8619402985074627,0.2550801342387427,0.9047419219471254,-0.003131220714073235,-0.0033055274339042207,0.004780186635779726,0.011809999479735711,0.0,2026-03-11 12:55:26.330858
0.8277693474962063,0.5101879649899856,0.9520306062389641,0.027798297700878244,0.8619770849986678,0.25508202601271096,0.9047685638372257,-0.003152061332792333,-0.003327528194376317,0.0048023440168880605,0.011809999479735711,0.0,2026-03-11 12:55:26.339770
0.8278128950695323,0.5101950213880088,0.9520447190350103,0.027818134631425906,0.862013851891316,0.255083916659526,0.9047951908290227,-0.0031185807656395337,-0.003292067497240092,0.004763686572618275,0.011809999479735711,0.0,2026-03-11 12:55:26.348755
0.8278564206268959,0.5102020736352094,0.9520588235294117,0.027837960724312463,0.8620505992010652,0.25508580618019516,0.9048218029350104,-0.0030851426865161624,-0.0032566543027123807,0.0047250877891137355,0.011809999479735711,0.0,2026-03-11 12:55:26.357836
0.8278999241849886,0.5102091217352492,0.9520729197294914,0.02785777598841456,0.8620873269435569,0.2550876945757244,0.904848400167668,-0.0031059657994657597,-0.003278635030112609,0.004747223895732344,0.011809999479735711,0.0,2026-03-11 12:55:26.366896
0.8279434057604851,0.5102161656917852,0.9520870076425632,0.02787758043260473,0.8621240351344157,0.2550895818471185,0.9048749825394607,-0.0030725701275449158,-0.0032432684679641888,0.004708683639571887,0.011809999479735711,0.0,2026-03-11 12:55:26.376054
0.827986865370043,0.5102232055084701,0.952101087275933,0.02789737406573966,0.8621607237892496,0.2550914679953812,0.9049015500628403,-0.0030933757567723763,-0.003265229965482064,0.004730798502326161,0.011809999479735711,0.0,2026-03-11 12:55:26.385376
0.828030303030303,0.5102302411889524,0.9521151586368978,0.027917156896670604,0.8621973929236499,0.25509335302151487,0.9049281027502444,-0.0031141639242883157,-0.0032871730311931913,0.004752892151782762,0.011809999479735711,0.0,2026-03-11 12:55:26.394669
0.8280737187578894,0.5102372727368766,0.952129221732746,0.027936928934238485,0.8622340425531915,0.2550952369265207,0.9049546406140963,-0.0030808105789477125,-0.003251852236507924,0.0047144102899499,0.011809999479735711,0.0,2026-03-11 12:55:26.404050
0.8281171125694093,0.5102443001558823,0.9521432765707575,0.0279566901872732,0.8622706726934326,0.25509711971139887,0.9049811636668063,-0.0030474994797697885,-0.00321657866213676,0.004675986689830602,0.011809999479735711,0.0,2026-03-11 12:55:26.413607
0.8279081503911179,0.5101829488778383,0.9521432765707575,0.02779600293520951,0.8620414673046252,0.25486802481138066,0.9048549107142857,-0.003014230546540042,-0.0031813522134491734,0.004675986689830602,0.012049441579642939,0.0,2026-03-11 12:55:26.420165
0.8279515640766902,0.5101899721715615,0.9521573231582037,0.027815756484290653,0.8620781291522721,0.2548699047872636,0.904881450488145,-0.0029810036992474753,-0.003146172796068214,0.004637621219212296,0.012049441579642939,0.0,2026-03-11 12:55:26.426729
0.8279949558638083,0.5101969913436333,0.9521713615023474,0.02783549926731652,0.86211477151966,0.2548717836460196,0.9049079754601227,-0.002947818858082929,-0.0031110403158687294,0.004599313746281863,0.012049441579642939,0.0,2026-03-11 12:55:26.433403
0.8280383257690368,0.510204006397681,0.9521853916104429,0.02785523129308946,0.8621513944223107,0.2548736613886441,0.9049344856425983,-0.0029685895858611033,-0.0031329611239707678,0.004621386212948941,0.012049441579642939,0.0,2026-03-11 12:55:26.443924
0.8280816738089236,0.5102110173373277,0.952199413489736,0.027874952570396464,0.8621879978757302,0.25487553801613155,0.9049609810479377,-0.0029354466712172567,-0.0030978747203580514,0.004583136606291949,0.012049441579642939,0.0,2026-03-11 12:55:26.453879
0.828125,0.5102180241661917,0.952213427147464,0.02789466310802008,0.8622245818954075,0.25487741352947524,0.9049874616884926,-0.0029561999811943407,-0.003119776380153816,0.004605187920619258,0.012049441579642939,0.0,2026-03-11 12:55:26.457853
0.8281683043587805,0.5102250268878875,0.9522274325908558,0.027914362914728652,0.8622611464968153,0.25487928792966713,0.9050139275766017,-0.0029769358952702607,-0.003141659681475284,0.004627218112997822,0.012049441579642939,0.0,2026-03-11 12:55:26.468013
0.8282115869017632,0.5102320255060254,0.9522414298271316,0.027934051999284844,0.8622976916954099,0.2548811612176981,0.9050403787245892,-0.0029438348277409654,-0.003106618499095104,0.0045890262415961836,0.012049441579642939,0.0,2026-03-11 12:55:26.475282
0.8282548476454293,0.5102390200242112,0.9522554188635032,0.027953730370438842,0.8623342175066313,0.254883033394558,0.9050668151447661,-0.0029645533677792324,-0.0031284827012407757,0.004611035342359404,0.012049441579642939,0.0,2026-03-11 12:55:26.485629
0.8282980866062437,0.5102460104460468,0.9522693997071743,0.027973398036932044,0.862370723945903,0.25488490446123513,0.9050932368494294,-0.0029314940681584023,-0.003093487415466667,0.004572901075590274,0.012049441579642939,0.0,2026-03-11 12:55:26.492919
0.8283413038006544,0.5102529967751294,0.9522833723653396,0.027993055007498206,0.862407211028632,0.254886774418717,0.9051196438508626,-0.002952195255985557,-0.0031153325437662804,0.0045948891150130455,0.012049441579642939,0.0,2026-03-11 12:55:26.502621
0.828384499245093,0.5102599790150525,0.9522973368451858,0.02801270129085794,0.8624436787702093,0.25488864326798977,0.9051460361613352,-0.0029728791133917243,-0.003137159383971966,0.004616856123312418,0.012049441579642939,0.0,2026-03-11 12:55:26.510176
0.8284276729559749,0.5102669571694052,0.9523112931538912,0.02803233689572663,0.8624801271860095,0.2548905110100383,0.9051724137931035,-0.0029398615026733355,-0.003102209143872159,0.004578779330946858,0.012049441579642939,0.0,2026-03-11 12:55:26.520757
0.8284708249496981,0.5102739312417722,0.9523252412986253,0.02805196183080823,0.8625165562913907,0.25489237764584666,0.9051987767584098,-0.0029605280514122256,-0.0031240169591082445,0.004600725338282263,0.012049441579642939,0.0,2026-03-11 12:55:26.528464
0.8285139552426453,0.5102809012357344,0.9523391812865497,0.02807157610479597,0.862552966101695,0.2548942431763973,0.905225125069483,-0.002981177313201133,-0.003145806532759199,0.00462265037475551,0.012049441579642939,0.0,2026-03-11 12:55:26.539227
0.8285570638511816,0.5102878671548683,0.9523531131248173,0.028091179726375218,0.8625893566322478,0.25489610760267195,0.9052514587385384,-0.0030018093097209375,-0.0031675778877029437,0.004644554470410678,0.012049441579642939,0.0,2026-03-11 12:55:26.547035
0.8283488313646645,0.5102267357738782,0.9523531131248173,0.027931016598438524,0.8623610375860243,0.2546676036503306,0.9051257119044311,-0.0030224240626164356,-0.003189331046779653,0.004644554470410678,0.01180253354166394,0.0,2026-03-11 12:55:26.568018
0.828140703517588,0.5101658231098147,0.9523531131248173,0.0277713295539199,0.8621328393754961,0.25443971313162334,0.905,-0.0030430215934961202,-0.003211066032791088,0.004644554470410678,0.011557271557271598,0.0,2026-03-11 12:55:26.587837
0.8281838733986435,0.5101727849576925,0.9523670368205728,0.027790928585046667,0.8621693121693121,0.25444157311830057,0.9050263815606776,-0.003063601923932513,-0.0032327828685010385,0.004666437655234668,0.011557271557271598,0.0,2026-03-11 12:55:26.613601
0.8282270215971873,0.5101797427378822,0.9523809523809523,0.02781051698278351,0.8622057656704576,0.25444343200463493,0.9050527484730706,-0.0030306259233094934,-0.0031978745613645554,0.004628418207435869,0.011557271557271598,0.0,2026-03-11 12:55:26.633445
0.8280190810946523,0.5101190476190476,0.9523809523809523,0.027651310094324803,0.8619777895293496,0.2542161488578883,0.9049271339347674,-0.002997691454173501,-0.003163012644004981,0.004628418207435869,0.01179487179487182,0.0,2026-03-11 12:55:26.656336
0.8280622489959839,0.5101260013351135,0.9523948598130841,0.027670890838505866,0.8620142743854085,0.2542180049853766,0.9049535174136256,-0.0030182546057030413,-0.003184709843093936,0.004650280511358407,0.01179487179487182,0.0,2026-03-11 12:55:26.680916
0.8281053952321205,0.5101329509906153,0.9524087591240876,0.027690460967456556,0.8620507399577167,0.2542198600154546,0.9049798862532946,-0.002985361589643243,-0.003149893470081766,0.004612318278680583,0.01179487179487182,0.0,2026-03-11 12:55:26.698164
0.8281485198193678,0.5101398965891085,0.9524226503210741,0.027710020489803876,0.8620871862615588,0.25422171394909543,0.9050062404659548,-0.0030059075837663984,-0.003171571813150642,0.004634159731573995,0.01179487179487182,0.0,2026-03-11 12:55:26.715470
0.8281916227740156,0.5101468381341449,0.9524365334111468,0.027729569414169424,0.8621236133122029,0.2542235667872711,0.9050325800637737,-0.0030264364419478884,-0.0031932320758667476,0.0046559803632539865,0.01179487179487182,0.0,2026-03-11 12:55:26.729851
0.828234704112337,0.5101537756292716,0.9524504084014003,0.02774910774916379,0.862160021124901,0.2542254185309523,0.9050589050589051,-0.002993584800751181,-0.0031584604068974897,0.0046180752166402605,0.01179487179487182,0.0,2026-03-11 12:55:26.747361
0.8282777638505892,0.5101607090780319,0.952464275298921,0.02776863550339151,0.8621964097148891,0.2542272691811087,0.9050852154634889,-0.00296077445640075,-0.003123734854199922,0.00458022702742189,0.01179487179487182,0.0,2026-03-11 12:55:26.778155
0.8283208020050126,0.5101676384839651,0.9524781341107872,0.027788152685441773,0.8622327790973872,0.2542291187387089,0.9051115112896524,-0.002981286200069322,-0.0031453755598873645,0.004602026867647213,0.01179487179487182,0.0,2026-03-11 12:55:26.795992
0.8283638185918316,0.5101745638506059,0.9524919848440688,0.02780765930389823,0.8622691292875989,0.25423096720472016,0.9051377925495083,-0.0029485170747443057,-0.003110695283626841,0.004564235507541814,0.01179487179487182,0.0,2026-03-11 12:55:26.813852
0.8284068136272545,0.5101814851814852,0.9525058275058275,0.02782715536733591,0.8623054603007122,0.2542328145801088,0.9051640592551571,-0.002915789090819687,-0.0030760609415070306,0.004526500848651915,0.01179487179487182,0.0,2026-03-11 12:55:26.838077
0.8284497871274731,0.5101884024801299,0.9525196621031168,0.027846640884319904,0.8623417721518988,0.2542346608658399,0.9051903114186851,-0.0029362837413684506,-0.0030976821192052473,0.004548279927124699,0.01179487179487182,0.0,2026-03-11 12:55:26.864342
0.828242363545318,0.5101279237431805,0.9525196621031168,0.027687935651508636,0.8621144213023991,0.25400796919270435,0.9050650429006366,-0.002956761320155099,-0.0031192852867596432,0.004548279927124699,0.011551239458216234,0.0,2026-03-11 12:55:26.908704
0.8282853566958699,0.510134837013113,0.9525334886429819,0.02770741357265184,0.8621507643647865,0.25400981274444767,0.9050913115661317,-0.0029772218485014657,-0.003140870466664225,0.00457003827349034,0.011551239458216234,0.0,2026-03-11 12:55:26.936465
0.8283283283283284,0.510141746257852,0.9525473071324599,0.027726880965301723,0.8621870882740448,0.25401165520943,0.9051175656984786,-0.0029976653476938564,-0.00316243768137503,0.004591775917338059,0.011551239458216234,0.0,2026-03-11 12:55:26.964025
0.8283712784588442,0.5101486514809119,0.9525611175785798,0.027746337837991082,0.8622233930453108,0.2540134965886123,0.9051438053097344,-0.002964978427739018,-0.0031278462037167554,0.004554097832149551,0.011551239458216234,0.0,2026-03-11 12:55:26.988774
0.8284142071035517,0.510155552685803,0.952574919988362,0.02776578419924637,0.8622596786937056,0.2540153368829542,0.9051700304119435,-0.002985404919028767,-0.0031493947325822447,0.004575814803012168,0.011551239458216234,0.0,2026-03-11 12:55:27.007673
0.8284571142785696,0.5101624498760317,0.9525887143688191,0.027785220057582233,0.8622959452343338,0.2540171760934142,0.9051962410171366,-0.0030058144236312367,-0.003170925341673181,0.0045975111303664384,0.011551239458216234,0.0,2026-03-11 12:55:27.038461
0.8285,0.5101693430550999,0.9526025007269555,0.02780464542150506,0.8623321926822848,0.25401901422094975,0.9052224371373307,-0.00297316849040985,-0.003136378136378015,0.004559889491747571,0.011551239458216234,0.0,2026-03-11 12:55:27.060559
0.8282929267683079,0.5101090795449724,0.9526025007269555,0.02764642768831146,0.8621052631578947,0.2537929180353209,0.9050973891421467,-0.0029935610295056536,-0.003157890107183592,0.004559889491747571,0.011309220580743795,0.0,2026-03-11 12:55:27.079793
0.828335832083958,0.5101159687163783,0.9526162790697674,0.02766584547613173,0.8621415416995527,0.2537947534457785,0.9051236017124706,-0.003013936624239877,-0.0031793842034806286,0.00458156520501396,0.011309220580743795,0.0,2026-03-11 12:55:27.099008
0.8283787159630277,0.5101228538836162,0.952630049404243,0.027685252787387822,0.8621778011572856,0.25379658777618536,0.90514979980671,-0.002981331600709236,-0.003144881186207593,0.004543999886213346,0.011309220580743795,0.0,2026-03-11 12:55:27.120974
0.8284215784215784,0.5101297350501757,0.952643811737362,0.027704649630557264,0.8622140415461478,0.25379842102749456,0.905175983436853,-0.0029487674100197037,-0.0031104237475572116,0.004506490760858961,0.011309220580743795,0.0,2026-03-11 12:55:27.156341
0.8284644194756554,0.5101366122195429,0.9526575660760964,0.02772403601410867,0.8622502628811777,0.2538002532006583,0.905202152614875,-0.002969126081502571,-0.003131898515297049,0.004528145889402424,0.011309220580743795,0.0,2026-03-11 12:55:27.191228
0.8285072391412881,0.5101434853951996,0.95267131242741,0.027743411946497407,0.8622864651773982,0.2538020842966275,0.9052283073527382,-0.0029366026469964668,-0.003097485828317037,0.004490692831499943,0.011309220580743795,0.0,2026-03-11 12:55:27.220031
0.8285500374344896,0.5101503545806239,0.9526850507982584,0.027762777436174137,0.8623226484498161,0.2538039143163521,0.9052544476623914,-0.002904119892208401,-0.0030631185406604367,0.004453295715431627,0.011309220580743795,0.0,2026-03-11 12:55:27.253018
0.8285928143712575,0.5101572197792892,0.952698781195589,0.02778213249157935,0.8623588127134226,0.2538057432607806,0.90528057355577,-0.002924461661514721,-0.003084574008418217,0.004474930288561274,0.011309220580743795,0.0,2026-03-11 12:55:27.286417
0.8283861312047892,0.5100190273248077,0.9524223962866261,0.027376836676977333,0.8623588127134226,0.25376892513579385,0.9051557761235179,-0.0025298487903486766,-0.002668356342854672,0.00402216103382258,0.011309220580743795,0.0,2026-03-11 12:55:27.343941
0.828428927680798,0.5100259266292905,0.9524361948955916,0.027396255788636636,0.8623949579831933,0.25377076341967736,0.9051819184123483,-0.002550328920320144,-0.0026899577464325475,0.004043979516641816,0.011309220580743795,0.0,2026-03-11 12:55:27.386325
0.8284717028172526,0.5100328219330168,0.9524499855030444,0.027415664442530466,0.8624310842740877,0.2537726006242754,0.9052080462937447,-0.002570792068425809,-0.0027115412383988957,0.004065777318434605,0.011309220580743795,0.0,2026-03-11 12:55:27.415866
0.8285144566301097,0.5100397132394656,0.952463768115942,0.027435062647104654,0.8624671916010499,0.25377443675053846,0.9052341597796143,-0.0025383499170812396,-0.0026772312902636486,0.004028436018957415,0.011309220580743795,0.0,2026-03-11 12:55:27.439575
0.8285571891353103,0.5100466005521118,0.9524775427412344,0.0274544504107954,0.8625032799790081,0.2537762717994156,0.9052602588818507,-0.0025059482930962496,-0.00264296654627616,0.003991150411202016,0.011309220580743795,0.0,2026-03-11 12:55:27.462750
0.8285999003487793,0.5100534838744263,0.9524913093858632,0.02747382774202984,0.8625393494228751,0.25377810577185517,0.9052863436123347,-0.0025263944804493343,-0.002664530674044485,0.004012927561358848,0.011309220580743795,0.0,2026-03-11 12:55:27.503080
0.828642590286426,0.5100603632098758,0.9525050680567623,0.027493194649227275,0.8625753999475478,0.25377993866880405,0.9053124139829343,-0.002546823728127645,-0.00268607693592382,0.004034684089214369,0.011309220580743795,0.0,2026-03-11 12:55:27.527143
0.8286852589641435,0.5100672385619232,0.952518818760857,0.02751255114079541,0.8626114315679078,0.25378177049120815,0.9053384700055036,-0.00256723605717446,-0.002707605354108189,0.004056420024047713,0.011309220580743795,0.0,2026-03-11 12:55:27.551159
0.8287279063978094,0.5100741099340272,0.9525325615050652,0.02753189722513528,0.8626474442988205,0.25378360124001237,0.9053645116918845,-0.0025876314885977525,-0.002729115950754313,0.004078135395082838,0.011309220580743795,0.0,2026-03-11 12:55:28.528690
0.8285216525634644,0.5100140605038648,0.9525325615050652,0.027374313059890448,0.8624213836477987,0.25355811598781525,0.9052399944986934,-0.0026080100433711895,-0.002750608747982497,0.004078135395082838,0.011068799187611056,0.0,2026-03-11 12:55:28.533050
0.8285643194824583,0.5100209278994803,0.9525462962962963,0.02739365167787541,0.8624574272989258,0.25355994403830656,0.9052660525230303,-0.0026283717424335773,-0.002772083767876188,0.0040998302314881885,0.011068799187611056,0.0,2026-03-11 12:55:28.534886
0.8286069651741294,0.5100277913220582,0.9525600231414522,0.02741297990623018,0.8624934520691462,0.2535617710180365,0.9052920962199313,-0.002596010569914209,-0.002737859732062198,0.004062600190957388,0.011068799187611056,0.0,2026-03-11 12:55:28.536276
0.8284008952996766,0.5099679548331374,0.9525600231414522,0.027255866462381605,0.862267609321812,0.2533368824850834,0.9051676745464541,-0.002616355434169493,-0.002759316264344669,0.004062600190957388,0.010829959514169984,0.0,2026-03-11 12:55:28.540494
0.8284435604177026,0.5099748142861245,0.9525737420474263,0.027275187206711612,0.8623036649214659,0.2533387067755599,0.9051937345424568,-0.002636683484487423,-0.0027807550639558087,0.004084274521846121,0.010829959514169984,0.0,2026-03-11 12:55:28.544480
0.8284862043251305,0.5099816697729636,0.9525874530211044,0.027294497578985555,0.862339701648783,0.25334052999810314,0.9052197802197802,-0.0026043626877291226,-0.0027465745976511524,0.004047099924413766,0.010829959514169984,0.0,2026-03-11 12:55:28.545919
0.8285288270377733,0.5099885212970934,0.9526011560693641,0.027313797587551213,0.8623757195185766,0.25334235215365075,0.9052458115902224,-0.0026246739449447,-0.002767994956412112,0.004068753778844525,0.010829959514169984,0.0,2026-03-11 12:55:28.550640
0.8285714285714286,0.5099953688619491,0.9526148511990754,0.02733308724075392,0.8624117185456448,0.2533441732431393,0.9052718286655683,-0.0026449684298587295,-0.0027893976270154663,0.004090387185820665,0.010829959514169984,0.0,2026-03-11 12:55:28.555756
0.8286140089418778,0.5100022124709613,0.9526285384170999,0.027352366546921632,0.8624476987447699,0.25334599326750407,0.9052978314575899,-0.0026652461632376,-0.002810782631361697,0.00411200017429092,0.010829959514169984,0.0,2026-03-11 12:55:28.560467
0.828656568164887,0.5100090521275572,0.9526422177302917,0.02737163551437861,0.862483660130719,0.25334781222767955,0.9053238199780461,-0.0026855071658132834,-0.0028321499913148696,0.004133592773149397,0.010829959514169984,0.0,2026-03-11 12:55:28.572012
0.8286991062562066,0.5100158878351596,0.9526558891454965,0.0273908941514391,0.8625196027182436,0.2533496301245988,0.9053497942386832,-0.002653226669300346,-0.0027980115565797714,0.0040964734950583725,0.010829959514169984,0.0,2026-03-11 12:55:28.577515
0.8287416232315711,0.5100227195971877,0.9526695526695527,0.027410142466408553,0.86255552652208,0.2533514469591942,0.9053757542512342,-0.0026734709617708408,-0.002819360567179796,0.004118045733144782,0.010829959514169984,0.0,2026-03-11 12:55:28.584393
0.8287841191066998,0.5100295474170564,0.9526832083092902,0.0274293804675843,0.8625914315569488,0.25335326273239656,0.9054017000274197,-0.00269369856479984,-0.002840691977606058,0.004139597639244208,0.010829959514169984,0.0,2026-03-11 12:55:28.680897
0.828826593897296,0.5100363712981771,0.9526968560715315,0.0274486081632511,0.8626273178375555,0.25335507744513597,0.9054276315789473,-0.0027139094990171753,-0.0028620058096144874,0.00416112924208778,0.010829959514169984,0.0,2026-03-11 12:55:28.682076
0.8288690476190477,0.5100431912439569,0.9527104959630911,0.027467825561689214,0.8626631853785901,0.2533568910983413,0.9054535489175116,-0.0027341037850184824,-0.0028833020849241553,0.004182640570352447,0.010829959514169984,0.0,2026-03-11 12:55:28.686376
0.8289114802876271,0.510050007257799,0.9527241279907754,0.027487032671168726,0.8626990341947273,0.25335870369294033,0.9054794520547945,-0.002754281443365647,-0.0029045808252192717,0.004204131652661092,0.010829959514169984,0.0,2026-03-11 12:55:28.687725
0.8289538919186912,0.510056819343103,0.9527377521613832,0.027506229499949655,0.8627348643006263,0.2533605152298598,0.9055053410024649,-0.0027220411717705506,-0.0028704836272612777,0.004167067570522653,0.010829959514169984,0.0,2026-03-11 12:55:28.691944
0.8287484510532838,0.5099971946647625,0.9527377521613832,0.027349616355349656,0.8625097834594313,0.253136203087407,0.9053813501300834,-0.002689841049953179,-0.0028364312056630148,0.004167067570522653,0.0110657390602944,0.0,2026-03-11 12:55:28.699416
0.828790882061447,0.5100040028249236,0.9527513684817056,0.02736880578317545,0.8625456442357851,0.2531380119646681,0.9054072553045859,-0.0027100021011741138,-0.0028576909878434975,0.004188538435444311,0.0110657390602944,0.0,2026-03-11 12:55:28.700846
0.8288332920485509,0.5100108070633335,0.9527649769585254,0.027387984947625635,0.8625814863102998,0.25313981978703454,0.9054331462980704,-0.002677842054181756,-0.0028236825335106186,0.004151529426236311,0.0110657390602944,0.0,2026-03-11 12:55:28.705620
0.828875681030213,0.5100176073833798,0.952778577598618,0.027407153856932657,0.8626173096976016,0.253141626555429,0.9054590231221781,-0.002697986518770623,-0.0028449241047665552,0.004172980102286394,0.0110657390602944,0.0,2026-03-11 12:55:28.713296
0.8289180490220351,0.5100244037884462,0.9527921704087507,0.02742631251931748,0.8626531144123013,0.25314343227077307,0.9054848857885379,-0.0027181144171880556,-0.0028661482076255407,0.0041944106179266916,0.0110657390602944,0.0,2026-03-11 12:55:28.714902
0.8287128712871287,0.509964989798015,0.9527921704087507,0.027270171492831053,0.8624283480979676,0.2529197084689848,0.9053610503282274,-0.0026859943702540745,-0.0028321829163071577,0.0041944106179266916,0.0112997187625552,0.0,2026-03-11 12:55:28.797294
0.8287552585993566,0.5099717822914813,0.9528057553956835,0.027289322755062673,0.8624641833810889,0.2529215115372687,0.905386929176921,-0.002653914248797906,-0.0027982621404429864,0.004157456558992134,0.0112997187625552,0.0,2026-03-11 12:55:28.804882
0.8287976249381495,0.5099785708767236,0.952819332566168,0.02730846378763086,0.8625,0.2529233135552713,0.9054127938764353,-0.0026740256014705643,-0.002819467360921424,0.004178866942630921,0.0112997187625552,0.0,2026-03-11 12:55:28.806515
0.82883997031907,0.5099853555571138,0.9528329019269485,0.027327594598729577,0.8625357979692788,0.2529251145239099,0.9054386444383711,-0.002694120428791802,-0.0028406551572255356,0.004200257222623072,0.0112997187625552,0.0,2026-03-11 12:55:28.811238
0.8288822947576657,0.5099921363360203,0.9528464634847613,0.027346715196543726,0.8625715773034878,0.25292691444410115,0.905464480874317,-0.0026620801584182896,-0.0028067773772451066,0.004163357991669114,0.0112997187625552,0.0,2026-03-11 12:55:28.816604
0.8289245982694685,0.5099989132168071,0.9528600172463352,0.02736582558925026,0.862607338017174,0.2529287133167604,0.9054903031958482,-0.0026821584807479315,-0.002827947055667357,0.004184728196316323,0.0112997187625552,0.0,2026-03-11 12:55:28.818410
0.828966880869995,0.5100056862028349,0.9528735632183908,0.027384925785017025,0.8626430801248699,0.252930511142802,0.9055161114145277,-0.002702220318412274,-0.0028490993534013853,0.004206078353867326,0.0112997187625552,0.0,2026-03-11 12:55:28.823320
0.8287620459599704,0.5099464817855622,0.9528735632183908,0.02722926042506742,0.8624187256176853,0.2527073699338213,0.9053924914675768,-0.0027222656917043064,-0.0028702342918427437,0.004206078353867326,0.011062445250907271,0.0,2026-03-11 12:55:28.828394
0.8288043478260869,0.5099532508801876,0.9528871014076414,0.027248353239634364,0.8624544981799271,0.252709165128997,0.9054183158182066,-0.0026902651982027015,-0.0028363987135500146,0.004169233828963725,0.011062445250907271,0.0,2026-03-11 12:55:28.830589
0.8288466287972339,0.5099600160867632,0.9529006318207927,0.02726743587441397,0.8624902521445282,0.25271095928030224,0.9054441260744986,-0.002710294127381996,-0.002857515601578875,0.0041905639676140805,0.011062445250907271,0.0,2026-03-11 12:55:28.835688
0.8286419753086419,0.5099010201357485,0.9529006318207927,0.027112232903245576,0.8622661122661123,0.2524884044513272,0.9053206002728512,-0.002730306632675261,-0.0028786151735862298,0.0041905639676140805,0.010826722546524947,0.0,2026-03-11 12:55:28.840397
0.828684275487534,0.5099077814576232,0.9529141544645421,0.0271313081398768,0.8623018965965186,0.2524901959805366,0.9053464266230224,-0.002698345842019223,-0.00284482243121964,0.004153774027191748,0.010826722546524947,0.0,2026-03-11 12:55:28.889565
0.8287265547877591,0.509914538898142,0.9529276693455798,0.027150373213845506,0.8623376623376623,0.25249198646861304,0.9053722388873738,-0.00266642468036582,-0.0028110738623725595,0.004117038550041863,0.010826722546524947,0.0,2026-03-11 12:55:28.893861
0.8285220824080928,0.5098557503142662,0.9529276693455798,0.026995630723038823,0.8621137366917684,0.2522700154485911,0.905248807089298,-0.0026864207819662367,-0.002832154719811575,0.004117038550041863,0.010592535494939992,0.0,2026-03-11 12:55:28.895240
0.8285643808584114,0.5098625038767703,0.9529411764705882,0.027014688382109124,0.8621495327102804,0.2522718033233006,0.905274635409568,-0.002706400500033901,-0.002853218304937677,0.00413834869793428,0.010592535494939992,0.0,2026-03-11 12:55:28.899812
0.8283600493218249,0.5098039215686274,0.9529411764705882,0.026860401768166148,0.8619257721256164,0.2520504151250418,0.9051512673753066,-0.0027263638546961566,-0.0028742646389705584,0.00413834869793428,0.01035986913849507,0.0,2026-03-11 12:55:28.901265
0.8284023668639053,0.5098106712564544,0.9529546758462422,0.026879451986796005,0.8619615983393877,0.2520522003932575,0.9051771117166212,-0.0026944822483856434,-0.0028405580332426794,0.004101667563206068,0.01035986913849507,0.0,2026-03-11 12:55:28.905796
0.828444663544491,0.5098174170729376,0.9529681674792085,0.02689849206885301,0.8619974059662776,0.25205398462488265,0.9052029419776628,-0.0027144292597366393,-0.0028615864305781002,0.0041229577484306335,0.01035986913849507,0.0,2026-03-11 12:55:28.907396
0.8282405125677674,0.5097590399567672,0.9529681674792085,0.02674466218192446,0.8617738589211619,0.2518331751347332,0.905079667710745,-0.0026825871352914588,-0.0028279231223862222,0.0041229577484306335,0.010592069527430747,0.0,2026-03-11 12:55:28.912053
0.8280364621828037,0.5097008669563875,0.9529681674792085,0.026591281869100203,0.861550427793622,0.2516129449438245,0.9049564270152505,-0.0027025178233925917,-0.0028489336062527126,0.0041229577484306335,0.010360909102095639,0.0,2026-03-11 12:55:28.913787
0.8280788177339902,0.5097076089048566,0.9529816513761468,0.0266103171310097,0.8615863141524106,0.2516147250195566,0.9049823032943098,-0.002670715107517263,-0.002815313511903339,0.004086330835631147,0.010360909102095639,0.0,2026-03-11 12:55:28.918301
0.828121152425511,0.5097143469886376,0.9529951275437089,0.0266293422743386,0.8616221819124126,0.25161650406231323,0.9050081654872075,-0.0026906294923970675,-0.002836306105488351,0.004107601086225432,0.010360909102095639,0.0,2026-03-11 12:55:28.919788
0.828163466272772,0.5097210812110525,0.9530085959885387,0.02664835730715074,0.8616580310880829,0.25161828207299336,0.9050340136054422,-0.0027105275940513263,-0.002857281534238032,0.004128851430174274,0.010360909102095639,0.0,2026-03-11 12:55:28.931325
0.8282057592911641,0.5097278115754197,0.953022056717273,0.026667362237504332,0.8616938616938616,0.251620059052495,0.9050598476605004,-0.0027304094324430705,-0.0028782398191964376,0.004150081895410329,0.010360909102095639,0.0,2026-03-11 12:55:28.936426
0.828248031496063,0.5097345380850535,0.9530355097365406,0.026686357073448897,0.861729673744174,0.2516218350017151,0.9050856676638563,-0.002750275027502691,-0.002899180981372762,0.004171292509814073,0.010360909102095639,0.0,2026-03-11 12:55:28.941578
0.828290282902829,0.5097412607432648,0.953048955052963,0.026705341823023965,0.86176546725343,0.2516236099215495,0.9051114736269711,-0.002718511647083033,-0.002865601912211968,0.0041347196988059665,0.010360909102095639,0.0,2026-03-11 12:55:28.943766
0.8283325135268077,0.5097479795533602,0.953062392673154,0.026724316494261532,0.8618012422360248,0.2516253838128931,0.9051372655612938,-0.0027383610187087237,-0.0028865252720025047,0.004155910490205583,0.010360909102095639,0.0,2026-03-11 12:55:28.949055
0.8283747233833292,0.509754694518643,0.9530758226037196,0.026743281095183553,0.8618369987063389,0.2516271566766397,0.9051630434782608,-0.002706636900811188,-0.00285298925440558,0.00411939166120634,0.010360909102095639,0.0,2026-03-11 12:55:28.951511
0.828416912487709,0.5097614056424125,0.9530892448512586,0.026762235633808116,0.8618727366787378,0.2516289285136821,0.9051888073892965,-0.0026749519726825266,-0.002819496903498031,0.004082926694786715,0.010360909102095639,0.0,2026-03-11 12:55:28.956952
0.828459080855247,0.5097681129279642,0.953102659422362,0.02678118011813702,0.8619084561675717,0.2516306993249121,0.905214557305812,-0.002643306161749126,-0.002786048134049146,0.004046515471869627,0.010360909102095639,0.0,2026-03-11 12:55:28.962527
0.8285012285012285,0.5097748163785899,0.9531160663236135,0.026800114556170616,0.8619441571871769,0.2516324691112204,0.9052402932392072,-0.002663139329805997,-0.0028069523189888645,0.004067686468041343,0.010360909102095639,0.0,2026-03-11 12:55:28.968162
0.8285433554409236,0.5097815159975777,0.9531294655615891,0.02681903895589723,0.8619798397518739,0.25163423787349665,0.9052660152008687,-0.002631532563673211,-0.002773546349619238,0.004031328869900319,0.010360909102095639,0.0,2026-03-11 12:55:28.976809
0.8283398821218074,0.5097235460443198,0.9531294655615891,0.02666613776661046,0.8617571059431525,0.2514145658649093,0.9051431673225675,-0.002651349547994508,-0.002794432781078715,0.004031328869900319,0.01013124003434318,0.0,2026-03-11 12:55:28.985570
0.8283820279891971,0.5097302418349539,0.9531428571428572,0.026685054748874202,0.86179281839318,0.2514163320608388,0.9051689051689052,-0.0026197817544463264,-0.00276106952937738,0.003995024778158163,0.01013124003434318,0.0,2026-03-11 12:55:28.994724
0.8284241531664213,0.5097369338005148,0.9531562410739789,0.026703961709693934,0.8618285123966942,0.251418097235405,0.9051946290519463,-0.002639582574832544,-0.0027819382302654017,0.004016176006826577,0.01013124003434318,0.0,2026-03-11 12:55:29.003848
0.8284662576687116,0.5097436219442791,0.9531696173615077,0.02672285865703049,0.8618641879679835,0.2514198613894936,0.9052203389830509,-0.0026593672510522026,-0.002802789916313664,0.004037307495664111,0.01013124003434318,0.0,2026-03-11 12:55:29.012835
0.8285083415112856,0.5097503062695201,0.9531829860119897,0.026741745598837033,0.8618998451213217,0.2514216245239897,0.9052460349735666,-0.0026791358028412926,-0.002823624608322639,0.004058419272291891,0.01013124003434318,0.0,2026-03-11 12:55:29.021881
0.8285504047093452,0.509756986779507,0.9531963470319634,0.026760622543058842,0.8619354838709677,0.2514233866397768,0.9052717170348286,-0.0026988882499039413,-0.002844442327059271,0.004079511364279531,0.01013124003434318,0.0,2026-03-11 12:55:29.030996
0.8285924472780775,0.5097636634775053,0.95320970042796,0.026779489497630336,0.8619711042311662,0.2514251477377378,0.9052973851781602,-0.0026673593569024323,-0.0028111196339302147,0.004043260660907766,0.01013124003434318,0.0,2026-03-11 12:55:29.040239
0.828634469232655,0.5097703363667768,0.9532230462065031,0.026798346470480586,0.8620067062161465,0.2514269078187543,0.905323039414872,-0.0026870957189104594,-0.002831919708955688,0.004064333095773254,0.01013124003434318,0.0,2026-03-11 12:55:29.049502
0.8284313725490197,0.5097125683994188,0.9532230462065031,0.026645909050012417,0.8617844249613202,0.25120779936073634,0.9052004333694473,-0.00270681601550371,-0.002852702852703004,0.004064333095773254,0.009903047938087606,0.0,2026-03-11 12:55:29.058784
0.8284734133790738,0.5097192374832217,0.953236384374109,0.02666475863384858,0.8618200567156483,0.2512095568927348,0.9052261034389384,-0.0027265202662901666,-0.002873469085836966,0.004085385900983618,0.009903047938087606,0.0,2026-03-11 12:55:29.065251
0.828515433610975,0.5097259027648103,0.9532497149372862,0.026683598252704145,0.8618556701030928,0.2512113134104339,0.9052517596101786,-0.002746208490845725,-0.0028942184289886264,0.004106419103954484,0.009903047938087606,0.0,2026-03-11 12:55:29.071698
0.828557433259858,0.5097325642474354,0.9532630379025363,0.026702427914478567,0.8618912651378511,0.25121306891471173,0.9052774018944519,-0.002765880708714752,-0.002914950902755953,0.004127432732050518,0.009903047938087606,0.0,2026-03-11 12:55:29.389801
0.8285994123408423,0.5097392219343438,0.9532763532763533,0.026721247627062752,0.8619268418341062,0.2512148234064451,0.9053030303030303,-0.0027855369394095275,-0.002935666527702274,0.004148426812585537,0.009903047938087606,0.0,2026-03-11 12:55:29.402684
0.828641370869033,0.5097458758287791,0.9532896610652236,0.026740057398341503,0.8619624002060262,0.25121657688651,0.9053286448471733,-0.0028051772024108024,-0.002956365324358945,0.004169401372822512,0.009903047938087606,0.0,2026-03-11 12:55:29.408531
0.8286833088595204,0.5097525259339805,0.9533029612756264,0.0267588572361886,0.8619979402677652,0.2512183293557812,0.9053542455381287,-0.0027736871380951156,-0.002923081059225563,0.00413320394013883,0.009903047938087606,0.0,2026-03-11 12:55:29.414422
0.8287252263273795,0.509759172253184,0.9533162539140336,0.02677764714847159,0.862033462033462,0.2512200808151327,0.9053798323871317,-0.0027933114528518876,-0.0029437623617336595,0.004154159007290104,0.009903047938087606,0.0,2026-03-11 12:55:29.420439
0.8287671232876712,0.509765814789622,0.9533295389869095,0.026796427143047565,0.8620689655172413,0.25122183126543735,0.9054054054054054,-0.002761860145538586,-0.0029105205813879653,0.0041180147279585855,0.009903047938087606,0.0,2026-03-11 12:55:29.426485
0.8288089997554414,0.5097724535465229,0.9533428165007113,0.026815197227768026,0.8621044507332133,0.25122358070756695,0.9054309646041612,-0.002781468531468545,-0.002931184412215515,0.004138950329185875,0.009903047938087606,0.0,2026-03-11 12:55:29.433575
0.8288508557457213,0.5097790885271115,0.9533560864618885,0.02683395741047328,0.8621399176954733,0.25122532914239243,0.9054565099945976,-0.00275005590964994,-0.0028979850350556724,0.004102859086214217,0.009903047938087606,0.0,2026-03-11 12:55:29.439944
0.8288926912735273,0.5097857197346091,0.9533693488768837,0.026852707698999837,0.8621753664181023,0.2512270765707837,0.9054820415879018,-0.002769648386139023,-0.002918631416631179,0.004123775248628947,0.009903047938087606,0.0,2026-03-11 12:55:29.449445
0.8289345063538612,0.5097923471722332,0.9533826037521319,0.026871448101169912,0.8622107969151671,0.2512288229936095,0.9055075593952483,-0.0027382743784838404,-0.0028854743612649614,0.004087736925368346,0.009903047938087606,0.0,2026-03-11 12:55:29.455972
0.8289763010017103,0.5097989708431976,0.9533958510940608,0.02689017862480123,0.8622462092007196,0.2512305684117378,0.9055330634278004,-0.0027578509648864546,-0.0029061033159780703,0.004108633676031315,0.009903047938087606,0.0,2026-03-11 12:55:29.462634
0.8290180752320468,0.5098055907507126,0.9534090909090909,0.02690889927770209,0.8622816032887975,0.25123231282603536,0.9055585536967079,-0.002777411680525921,-0.0029267155467718187,0.00412951104195336,0.009903047938087606,0.0,2026-03-11 12:55:29.473251
0.8290598290598291,0.5098122068979849,0.9534223232036353,0.026927610067675696,0.8623169791934241,0.25123405623736816,0.9055840302131103,-0.002796956544694029,-0.0029473110739748343,0.004150369050095359,0.009903047938087606,0.0,2026-03-11 12:55:29.480076
0.828857421875,0.5097546398626872,0.9534223232036353,0.026775654748750294,0.862095531587057,0.2510154967734346,0.9054619015509103,-0.0027656210800456327,-0.002914194898585354,0.004150369050095359,0.010133489233167703,0.0,2026-03-11 12:55:29.487051
0.8288991945325849,0.5097612522529196,0.9534355479840999,0.0267943582478086,0.8621309370988447,0.2510172376668697,0.9054873938249967,-0.0027851501120030875,-0.002934773063003826,0.004171207727367787,0.010133489233167703,0.0,2026-03-11 12:55:29.497076
0.8289409468033186,0.5097678608893113,0.9534487652568834,0.026813051900403968,0.8621663244353183,0.25101897755993974,0.9055128723547649,-0.0028046633309790625,-0.0029553345649411256,0.004192027100631712,0.010133489233167703,0.0,2026-03-11 12:55:29.510235
0.8289826787021225,0.509774465775058,0.9534619750283768,0.02683173571431301,0.8622016936104696,0.2510207164535068,0.9055383371513274,-0.0027733663383561202,-0.0029222598739857553,0.004156041580775316,0.010133489233167703,0.0,2026-03-11 12:55:29.526432
0.8290243902439024,0.5097810669133518,0.9534751773049646,0.026850409697298405,0.862237044638276,0.2510224543484322,0.9055637882257846,-0.002792863763549147,-0.0029428040561587654,0.004176841676841736,0.010133489233167703,0.0,2026-03-11 12:55:29.535715
0.8288222384784198,0.5097236997635934,0.9534751773049646,0.026698906038594147,0.8620159015132085,0.250804458254904,0.9054418103448276,-0.002761605172144188,-0.002909771448348364,0.004176841676841736,0.01036219134866223,0.0,2026-03-11 12:55:29.545040
0.8288639687957094,0.5097302971576227,0.9534883720930233,0.026717572732446904,0.862051282051282,0.2508061936436695,0.9054672771343927,-0.002781086822721268,-0.002930298332925352,0.004197622522472133,0.01036219134866223,0.0,2026-03-11 12:55:29.554477
0.8289056787716305,0.5097368908105724,0.9535015593989226,0.026736229611782927,0.8620866444501409,0.25080792803637836,0.9054927302100162,-0.0028005527178187606,-0.0029508086167062686,0.004218384144378695,0.01036219134866223,0.0,2026-03-11 12:55:29.563961
0.8289473684210527,0.5097434807256236,0.953514739229025,0.026754876684341403,0.8621219887237315,0.250809661433888,0.9055181695827726,-0.0027693324569978417,-0.0029178173367980786,0.004182451311959712,0.01036219134866223,0.0,2026-03-11 12:55:29.582388
0.8289890377588307,0.5097500669059538,0.9535279115896854,0.026773513957850575,0.8621573148859851,0.25081139383705475,0.9055435952637244,-0.0027887826157209084,-0.002938310365788732,0.004203193736804667,0.01036219134866223,0.0,2026-03-11 12:55:29.600007
0.8287871407696055,0.5096928986024684,0.9535279115896854,0.02662246001134449,0.8619364754098361,0.2505939586909927,0.9054217677922777,-0.002808217057144069,-0.002958786834755811,0.004203193736804667,0.01013546202225446,0.0,2026-03-11 12:55:29.612567
0.8288288288288288,0.5096994810512517,0.9535410764872522,0.026641089997622654,0.8619718309859155,0.2505956885996666,0.9054472091459314,-0.002777035056446886,-0.0029258368057594186,0.004167313476196144,0.01013546202225446,0.0,2026-03-11 12:55:29.624541
0.8288704965920156,0.5097060597716585,0.9535542339280657,0.026659710201198533,0.8620071684587813,0.25059741751656806,0.9054726368159204,-0.002796453799613574,-0.002946296062601217,0.004188036730593203,0.01013546202225446,0.0,2026-03-11 12:55:29.636665
0.828912144073984,0.5097126347668555,0.9535673839184597,0.026678320629771775,0.8620424878423343,0.2505991454425501,0.9054980508132814,-0.002815856863536692,-0.0029667388000593764,0.004208740841106118,0.01013546202225446,0.0,2026-03-11 12:55:29.655001
0.8287104622871047,0.5095776832548377,0.953297480894424,0.026282012883564083,0.8620424878423343,0.25056367744358354,0.9053763440860215,-0.003397082924077255,-0.0035813017527555058,0.004903907189065748,0.01013546202225446,0.0,2026-03-11 12:55:29.670397
0.8287521284359036,0.5095842908551638,0.9533106960950763,0.026300685189134587,0.8620777891504606,0.2505654141720783,0.9054017737167427,-0.003416470327739063,-0.0036017405069064257,0.004924592182209864,0.01013546202225446,0.0,2026-03-11 12:55:29.682789
0.8287937743190662,0.5095908947171024,0.9533239038189534,0.026319347697251073,0.8621130723970325,0.2505671499059553,0.9054271896829662,-0.003435842090090735,-0.0036221627715418148,0.004945258084451232,0.01013546202225446,0.0,2026-03-11 12:55:29.695349
0.8288353999513737,0.5095974948438248,0.9533371040723982,0.026338000415618817,0.8621483375959079,0.2505688846460688,0.9054525919957024,-0.00345519823005358,-0.00364256856660905,0.004965904922207054,0.01013546202225446,0.0,2026-03-11 12:55:29.707923
0.8288770053475936,0.5096040912384993,0.9533502968617472,0.02635664335194211,0.8621835847609307,0.25057061839327216,0.9054779806659506,-0.0034745387665178207,-0.0036629579120230904,0.004986532721846126,0.01013546202225446,0.0,2026-03-11 12:55:29.730458
0.8289185905224787,0.5096106839042904,0.9533634821933296,0.026375276513911798,0.8622188139059305,0.25057235114841775,0.905503355704698,-0.0034938637183434818,-0.0036833308276662535,0.005007141509688173,0.01013546202225446,0.0,2026-03-11 12:55:29.743471
0.8289601554907677,0.5096172728443592,0.9533766600734671,0.02639389990921392,0.8622540250447227,0.2505740829123569,0.9055287171229199,-0.0034623832598380533,-0.0036500220945647754,0.00497083208504312,0.01013546202225446,0.0,2026-03-11 12:55:29.759502
0.8287588049550644,0.5095603023550727,0.9533766600734671,0.02624342060898967,0.8620337250894226,0.2503572294897257,0.9054072185697035,-0.0034816926458547393,-0.0036703779247269086,0.00497083208504312,0.009910181445536237,0.0,2026-03-11 12:55:29.784713
0.8288003885381253,0.5095668875725764,0.9533898305084746,0.02626203676685218,0.8620689655172413,0.2503589587654518,0.9054325955734406,-0.0035009864848617456,-0.003690717365331775,0.004991421887359793,0.009910181445536237,0.0,2026-03-11 12:55:29.803970
0.8288419519300801,0.5095734690706689,0.9534029935046597,0.026280643174278535,0.8621041879468846,0.2503606870525275,0.9054579589647312,-0.0034695445345624965,-0.003657450234693549,0.004955165469173961,0.009910181445536237,0.0,2026-03-11 12:55:29.839558
0.8286407766990291,0.5094388836678592,0.9531338226990401,0.025885996592114453,0.8621041879468846,0.2503253428458077,0.9053365513542505,-0.0030864083584073443,-0.0032535639368123093,0.004515331155650504,0.009910181445536237,0.0,2026-03-11 12:55:29.859075
0.8286823586508129,0.5094454975794173,0.9531470505221563,0.02590466446006718,0.8621393923921369,0.2503270798777906,0.9053619302949062,-0.0030550048457000933,-0.003220353046111679,0.004479127627936119,0.009910181445536237,0.0,2026-03-11 12:55:29.875692
0.8287239204269772,0.5094521077585197,0.9531602708803611,0.02592332255537978,0.8621745788667687,0.25032881591746414,0.905387295631198,-0.003074429519244193,-0.003240829055079608,0.004499891413182744,0.009910181445536237,0.0,2026-03-11 12:55:29.892407
0.8287654620422023,0.509458714208325,0.9531734837799718,0.025941970885723118,0.8622097473845368,0.2503305509656785,0.9054126473740621,-0.0030938385718203287,-0.0032612885976146533,0.004520636096510877,0.009910181445536237,0.0,2026-03-11 12:55:29.906220
0.8288069835111542,0.5094653169319883,0.9531866892272983,0.025960609458760782,0.8622448979591837,0.2503322850232828,0.9054379855344228,-0.0030624734262636455,-0.0032281191234988516,0.0044844853436183385,0.009910181445536237,0.0,2026-03-11 12:55:29.930671
0.8288484848484848,0.5094719159326611,0.9531998872286439,0.025979238282151453,0.8622800306044377,0.2503340180911254,0.9054633101231924,-0.003031146577588073,-0.0031949923385388157,0.004448387250234664,0.009910181445536237,0.0,2026-03-11 12:55:29.947979
0.8288899660688318,0.5094785112134913,0.9532130777903044,0.02599785736354032,0.8623151453340132,0.2503357501700534,0.9054886211512717,-0.002999857955695351,-0.0031619081603759813,0.004412341701382938,0.009910181445536237,0.0,2026-03-11 12:55:29.965284
0.8289314271868186,0.5094851027776234,0.9532262609185687,0.026016466710568856,0.862350242161611,0.2503374812609134,0.9055139186295503,-0.003019251406139345,-0.0031823492312941237,0.004433067309140282,0.009910181445536237,0.0,2026-03-11 12:55:29.982645
0.8289728682170543,0.5094916906281982,0.9532394366197183,0.026035066330868026,0.8623853211009175,0.25033921136455045,0.9055392025689056,-0.003038629273256266,-0.003202773877085008,0.004453773867625688,0.009910181445536237,0.0,2026-03-11 12:55:30.000192
0.8290142891741342,0.5094982747683532,0.9532526049000282,0.02605365623206385,0.8624203821656051,0.25034094048180916,0.9055644729802033,-0.003057991575821206,-0.003223182117537693,0.0044744614030900465,0.009910181445536237,0.0,2026-03-11 12:55:30.038008
0.8290556900726392,0.5095048552012219,0.9532657657657657,0.026072236421768064,0.8624554253693326,0.25034266861353294,0.9055897298742979,-0.0030773383325792825,-0.00324357397240993,0.0044951299417357315,0.009910181445536237,0.0,2026-03-11 12:55:30.064888
0.8288549987896393,0.5093707057830168,0.9529974669293555,0.025679270000964385,0.8624554253693326,0.25030743637514674,0.9054686455408477,-0.0026953854530959998,-0.0028409882685687116,0.0040568533968214915,0.009910181445536237,0.0,2026-03-11 12:55:30.091814
0.8288964181994192,0.509377318407253,0.9530106921778277,0.0256979111358949,0.8624904507257448,0.25030917319327606,0.905493917925411,-0.0026641349880593967,-0.002807957185358312,0.004020860277858862,0.009910181445536237,0.0,2026-03-11 12:55:30.115796
0.8289378175659328,0.5093839273113068,0.9530239099859353,0.02571654253742561,0.8625254582484725,0.2503109090222516,0.9055191768007484,-0.002683611673661934,-0.002828485311571649,0.004041701417848209,0.009910181445536237,0.0,2026-03-11 12:55:30.133910
0.8287373004354136,0.5092499250742446,0.952755905511811,0.02532468397426433,0.8625254582484725,0.25027571097538953,0.9053981827899519,-0.003261783817357755,-0.0034399660952981748,0.004732504800512127,0.009910181445536237,0.0,2026-03-11 12:55:30.163479
0.8287787182587666,0.5092565660771246,0.952769187517571,0.02534337604504332,0.8625604479511326,0.2502774554683023,0.9054234571199573,-0.0032812448841265107,-0.0034604902666142134,0.004753326828956239,0.009910181445536237,0.0,2026-03-11 12:55:30.178925
0.8288201160541586,0.5092632033470069,0.9527824620573356,0.025362058360692278,0.8625954198473282,0.25027919896846285,0.9054487179487181,-0.003300690350841906,-0.003480997985688683,0.00477412977213143,0.009910181445536237,0.0,2026-03-11 12:55:30.197596
0.8288614938361131,0.5092698368870382,0.9527957291373982,0.02538073092884699,0.8626303739506487,0.2502809414767184,0.9054739652870494,-0.0032691448670788548,-0.003447614561171042,0.00473771339679574,0.009910181445536237,0.0,2026-03-11 12:55:30.222222
0.8289028516191397,0.5092764667003615,0.952808988764045,0.025399393757135246,0.8626653102746694,0.2502826829939153,0.9054991991457556,-0.0032885747524906694,-0.0034681051660820916,0.00475849728093003,0.009910181445536237,0.0,2026-03-11 12:55:30.238060
0.8289441894177337,0.5092830927901166,0.9528222409435552,0.025418046853174225,0.8627002288329519,0.250284423520899,0.9055244195356285,-0.0032570676685862443,-0.0034347639149467923,0.004722133759549885,0.009910181445536237,0.0,2026-03-11 12:55:30.280774
0.8289855072463768,0.5092897151594395,0.952835485682201,0.025436690224575495,0.8627351296390442,0.2502861630585139,0.9055496264674493,-0.003276481991414615,-0.0034552374274032793,0.004742898610823221,0.009910181445536237,0.0,2026-03-11 12:55:30.308876
0.8290268051195363,0.5092963338114629,0.9528487229862476,0.025455323878941862,0.8627700127064803,0.25028790160760345,0.9055748199519873,-0.0032450132372958684,-0.0034219382694768985,0.004706587828415265,0.009910181445536237,0.0,2026-03-11 12:55:30.342962
0.8290680830516659,0.5093029487493155,0.9528619528619529,0.02547394782386859,0.8628048780487805,0.25028963916901015,0.9056,-0.0032644120162309553,-0.003442394711150598,0.004727333672959633,0.009910181445536237,0.0,2026-03-11 12:55:30.368257
0.8291093410572049,0.509309559976123,0.952875175315568,0.02549256206694026,0.8628397256794513,0.2502913757435756,0.905625166622234,-0.003283795269932721,-0.0034628347811220817,0.004748060536859611,0.009910181445536237,0.0,2026-03-11 12:55:30.390498
0.8291505791505791,0.5093161674950076,0.9528883903533371,0.025511166615738205,0.8628745556119858,0.25029311133214033,0.9056503198294242,-0.003303163017031596,-0.0034832584990378557,0.004768768446151372,0.009910181445536237,0.0,2026-03-11 12:55:32.622668
0.8291917973462002,0.5093227713090877,0.9529015979814971,0.02552976147783244,0.8629093678598629,0.2502948459355441,0.9056754596322942,-0.003322515276127924,-0.0035036658845120083,0.0047894574268241286,0.009910181445536237,0.0,2026-03-11 12:55:32.627420
0.829232995658466,0.509329371421478,0.952914798206278,0.025548346660788396,0.8629441624365483,0.2502965795546254,0.9057005860415558,-0.0032910847818926614,-0.00347040670911114,0.004753199268738628,0.009910181445536237,0.0,2026-03-11 12:55:32.639036
0.8292741741017603,0.5093359678352906,0.952927991033903,0.025566922172159515,0.8629789393554935,0.25029831219022214,0.9057256990679095,-0.003259692477808329,-0.0034371901463630117,0.0047169936206574725,0.009910181445536237,0.0,2026-03-11 12:55:32.644304
0.8293153326904532,0.5093425605536331,0.9529411764705882,0.025585488019494024,0.863013698630137,0.25030004384317106,0.9057507987220447,-0.0032790292674730326,-0.003457579868200167,0.004737663698652583,0.009910181445536237,0.0,2026-03-11 12:55:32.646609
0.8293564714389009,0.5093491495796104,0.9529543545225427,0.025604044210329947,0.8630484402739032,0.25030177451430796,0.9057758850146395,-0.003298350606246947,-0.003477953297810643,0.004758314899864113,0.009910181445536237,0.0,2026-03-11 12:55:32.652015
0.8293975903614458,0.5093557349163234,0.9529675251959686,0.025622590752203137,0.8630831643002028,0.25030350420446773,0.9058009579563597,-0.003317656512641709,-0.0034983104547137156,0.004778947250138832,0.009910181445536237,0.0,2026-03-11 12:55:32.657542
0.8294386894724163,0.5093623165668697,0.9529806884970613,0.025641127652632996,0.8631178707224335,0.2503052329144844,0.9058260175578612,-0.0033369470051390904,-0.003518651358397795,0.004799560775276546,0.009910181445536237,0.0,2026-03-11 12:55:32.666058
0.8294797687861272,0.5093688945343435,0.952993844432009,0.025659654919139192,0.8631525595539787,0.25030696064519087,0.9058510638297874,-0.003356222102191664,-0.0035389760283199845,0.004820155501029655,0.009910181445536237,0.0,2026-03-11 12:55:32.674700
0.8295208283168793,0.5093754688218356,0.953006993006993,0.025678172559227993,0.8631872308082088,0.2503086873974192,0.9058760967827705,-0.00332486791869524,-0.0035057986313002942,0.004784002248966024,0.009910181445536237,0.0,2026-03-11 12:55:32.683408
0.82956186807896,0.509382039432433,0.9530201342281879,0.025696680580402156,0.8632218844984803,0.25031041317200053,0.9059011164274322,-0.0032935517863922348,-0.0034726636877635553,0.004747901279262612,0.009910181445536237,0.0,2026-03-11 12:55:32.692194
0.8296028880866426,0.5093886063692197,0.9530332681017613,0.025715178990152233,0.8632565206381362,0.25031213796976504,0.9059261227743821,-0.0032622736360570226,-0.0034395711162775733,0.004711852478590517,0.009910181445536237,0.0,2026-03-11 12:55:32.694945
0.8296438883541867,0.5093951696352759,0.9530463946338736,0.025733667795962728,0.8632911392405064,0.2503138617915419,0.9059511158342188,-0.003281533356087496,-0.0034598775602225906,0.004732428430664792,0.009910181445536237,0.0,2026-03-11 12:55:32.712446
0.8296848688958384,0.5094017292336785,0.953059513830679,0.025752147005315206,0.8633257403189066,0.2503155846381595,0.9059760956175299,-0.0033007777174896002,-0.0034801678108313805,0.004752985634718931,0.009910181445536237,0.0,2026-03-11 12:55:32.721422
0.8297258297258298,0.5094082851675011,0.9530726256983241,0.025770616625674578,0.8633603238866396,0.25031730651044515,0.9060010621348911,-0.0032695374800637556,-0.003447116193038502,0.004716988890076768,0.009910181445536237,0.0,2026-03-11 12:55:32.730462
0.8297667708583795,0.5094148374398135,0.9530857302429488,0.025789076664505244,0.8633948899569946,0.2503190274092252,0.9060260153968676,-0.00328876650120169,-0.003467389601905957,0.004737527371722838,0.009910181445536237,0.0,2026-03-11 12:55:32.739622
0.8298076923076924,0.5094213860536825,0.9530988274706867,0.0258075271292605,0.8634294385432474,0.2503207473353253,0.9060509554140127,-0.003307980200410454,-0.003487646856662696,0.004758047156526279,0.009910181445536237,0.0,2026-03-11 12:55:32.748892
0.829608267243451,0.5093646123536508,0.9530988274706867,0.025657920158845833,0.8632111251580278,0.25010448747004327,0.9059307416744062,-0.00332717859599585,-0.0035078879766090587,0.004758047156526279,0.009686335776949884,0.0,2026-03-11 12:55:32.757192
0.8296492071119654,0.5093711573121394,0.953111917387664,0.02567636370600255,0.8632457027300303,0.2501062049392298,0.905955697042048,-0.0033463617062343687,-0.0035281129810138534,0.0047785482700059,0.009686335776949884,0.0,2026-03-11 12:55:32.766524
0.8296901273120346,0.5093776986183074,0.953125,0.025694797694730626,0.8632802628253727,0.2501079214382234,0.9059806391725236,-0.0033151593128272205,-0.003495100910266835,0.004742603468718132,0.009686335776949884,0.0,2026-03-11 12:55:32.775952
0.829731027857829,0.5093842362752112,0.9531380753138076,0.025713222132459523,0.8633148054573017,0.250109636967846,0.9060055680763622,-0.0032839946947148535,-0.0034621309736240224,0.004706710498434408,0.009686335776949884,0.0,2026-03-11 12:55:32.787758
0.8297719087635054,0.5093907702859036,0.9531511433351925,0.025731637026608137,0.8633493306390503,0.2501113515289186,0.9060304837640822,-0.0033031625378540097,-0.003482338552989628,0.004727192966062832,0.009686335776949884,0.0,2026-03-11 12:55:32.801029
0.8298127700432069,0.5093973006534342,0.9531642040702537,0.02575004238459286,0.8633838383838384,0.2501130651222614,0.9060553862461905,-0.0033223151321125632,-0.003502530056317843,0.004747656813266055,0.009686335776949884,0.0,2026-03-11 12:55:32.811482
0.8298536117110631,0.5094038273808492,0.9531772575250836,0.025768438213818235,0.8634183287048726,0.25011477774869356,0.9060802755331833,-0.003341452495679742,-0.003522705502784218,0.004768102065424218,0.009686335776949884,0.0,2026-03-11 12:55:32.825229
0.82989443378119,0.5094103504711912,0.9531903037057676,0.025786824521680653,0.8634528016153458,0.25011648940903336,0.906105151635545,-0.003360574646716241,-0.003542864911534993,0.004788528747870946,0.009686335776949884,0.0,2026-03-11 12:55:32.837773
0.8299352362676901,0.5094168699274996,0.9532033426183844,0.02580520131557207,0.8634872571284381,0.2501182001040981,0.9061300145637496,-0.00337968160335389,-0.0035630083016851,0.004808936885894344,0.009686335776949884,0.0,2026-03-11 12:55:32.853144
0.829736211031175,0.5093602919988474,0.9532033426183844,0.025656045757010804,0.8632694248234107,0.24990248794658718,0.9060100608948901,-0.0033987733836955414,-0.0035831356923197166,0.004808936885894344,0.00946391135070379,0.0,2026-03-11 12:55:32.861837
0.8297770318868377,0.5093668078241581,0.9532163742690059,0.02567441566653939,0.8633039092055486,0.24990419620265178,0.9060349391212281,-0.0034178500058154038,-0.0036032471024933788,0.004829326504736109,0.00946391135070379,0.0,2026-03-11 12:55:32.875553
0.8298178331735379,0.5093733200215037,0.9532293986636972,0.025692776077615363,0.8633383761976803,0.2499059034959044,0.9060598041810003,-0.0033867230944398807,-0.0035703145887175936,0.004793485253429708,0.00946391135070379,0.0,2026-03-11 12:55:32.885770
0.8298586149053438,0.5093798285939134,0.9532424158085165,0.025711126997604708,0.8633728258129569,0.24990760982715893,0.906084656084656,-0.0034057845763834083,-0.003590409378036785,0.004813856378286241,0.00946391135070379,0.0,2026-03-11 12:55:32.896129
0.8298993770963105,0.5093863335444131,0.9532554257095158,0.025729468433863277,0.8634072580645161,0.24990931519722825,0.9061094948426343,-0.0034248309361676332,-0.0036104882254368587,0.004834209034307868,0.00946391135070379,0.0,2026-03-11 12:55:32.917637
0.829940119760479,0.5093928348760252,0.95326842837274,0.025747800393743622,0.8634416729654825,0.24991101960692452,0.9061343204653622,-0.003443862191780611,-0.0036305511498808674,0.0048545432465995075,0.00946391135070379,0.0,2026-03-11 12:55:32.930020
0.8299808429118773,0.5093993325917686,0.9532814238042269,0.025766122884585668,0.8634760705289672,0.2499127230570588,0.9061591329632567,-0.0034127729187503064,-0.0035976586409260936,0.004818753602566339,0.00946391135070379,0.0,2026-03-11 12:55:32.942362
0.83002154656452,0.5094058266946593,0.9532944120100083,0.0257844359137266,0.8635104507680685,0.24991442554844132,0.9061839323467231,-0.003431789088152004,-0.0036177050043362247,0.00483906939618739,0.00946391135070379,0.0,2026-03-11 12:55:32.953741
0.8300622307324078,0.5094123171877096,0.953307392996109,0.025802739488489667,0.8635448136958711,0.2499161270818815,0.9062087186261559,-0.0034507901892737447,-0.0036377354831478304,0.004859366796151954,0.00946391135070379,0.0,2026-03-11 12:55:32.969854
0.8301028954295286,0.5094188040739286,0.9533203667685468,0.02582103361619972,0.8635791593254467,0.2499178276581876,0.9062334918119387,-0.0034697762400182075,-0.0036577500962333698,0.004879645827428836,0.00946391135070379,0.0,2026-03-11 12:55:32.983865
0.8301435406698564,0.5094252873563219,0.9533333333333334,0.025839318304163226,0.863613487669854,0.24991952727816713,0.9062582519144441,-0.0034887472582602053,-0.0036777488624362142,0.004899906514941432,0.00946391135070379,0.0,2026-03-11 12:55:32.999670
0.8301841664673523,0.5094317670378917,0.9533462926964732,0.02585759355968826,0.8636477987421384,0.24992122594262675,0.9062829989440337,-0.003507703261845907,-0.003697731800569315,0.004920148883568509,0.00946391135070379,0.0,2026-03-11 12:55:33.013791
0.8302247728359636,0.5094382431216374,0.9533592448639645,0.025875859390070664,0.863682092555332,0.24992292365237204,0.9063077329110583,-0.003476651558933952,-0.003664877917220144,0.004884410735426115,0.00946391135070379,0.0,2026-03-11 12:55:33.025836
0.8302653597896247,0.5094447156105544,0.9533721898417985,0.025894115802600336,0.8637163691224541,0.24992462040820787,0.9063324538258575,-0.003495592565681327,-0.003684844392485731,0.0049046348100010295,0.00946391135070379,0.0,2026-03-11 12:55:33.042135
0.8303059273422562,0.5094511845076352,0.9533851276359601,0.025912362804557422,0.8637506284565108,0.24992631621093803,0.9063571616987603,-0.003514518593380256,-0.0037047950777351346,0.00492484061531262,0.00946391135070379,0.0,2026-03-11 12:55:33.067784
0.8303464755077659,0.5094576498158687,0.9533980582524272,0.02593060040321982,0.8637848705704951,0.24992801106136553,0.9063818565400843,-0.0035334296597925308,-0.003724729991692044,0.004945028176104649,0.00946391135070379,0.0,2026-03-11 12:55:33.091756
0.8303870043000477,0.5094641115382409,0.9534109816971714,0.025948828605849992,0.8638190954773869,0.2499297049602924,0.9064065383601372,-0.003502415458937258,-0.0036919159770847365,0.0049093414127906465,0.00946391135070379,0.0,2026-03-11 12:55:33.113914
0.8301886792452831,0.5094077283701004,0.9534109816971714,0.02580014313778051,0.8636021100226073,0.24971452652611673,0.9062870699881377,-0.0035213115817963603,-0.0037118344872404396,0.0049093414127906465,0.009242894673990976,0.0,2026-03-11 12:55:33.141544
0.8299904489016237,0.5093515389585513,0.9534109816971714,0.025651884092067617,0.8633852335509794,0.24949990291403087,0.9061676331049024,-0.0034903348151001934,-0.0036790615703696794,0.0049093414127906465,0.00946987722470738,0.0,2026-03-11 12:55:33.161369
0.8300310336595846,0.5093579970980444,0.9534238979761575,0.02567010807710066,0.863419533015315,0.24950159295090923,0.9061923583662714,-0.003459395414829536,-0.003646330322814695,0.004873705923561844,0.00946987722470738,0.0,2026-03-11 12:55:33.175473
0.8298329355608592,0.5093020004460547,0.9534238979761575,0.025522276376726556,0.8632028112449799,0.24928752033066967,0.9060729811619023,-0.003478276611841302,-0.0036662318006566164,0.004873705923561844,0.00925025497497689,0.0,2026-03-11 12:55:33.618925
0.8296349319971367,0.5092461955634212,0.9534238979761575,0.025374867846014976,0.8629861982434128,0.2490739977901365,0.9059536354056901,-0.0034473745104257603,-0.0036335414947881173,0.004873705923561844,0.009475537281867674,0.0,2026-03-11 12:55:33.627811
0.829675572519084,0.5092526501230143,0.9534368070953437,0.025393087495180586,0.863020572002007,0.24907568398399363,0.9059784040031604,-0.003466240799267606,-0.0036534266111720726,0.004893875264533776,0.009475537281867674,0.0,2026-03-11 12:55:33.629253
0.8297161936560935,0.5092591011056833,0.9534497090606816,0.02541129777314262,0.8630549285176825,0.24907736923200688,0.9060031595576621,-0.0034850921975896343,-0.0036732960329104447,0.004914026410340111,0.009475537281867674,0.0,2026-03-11 12:55:33.634717
0.8297567954220315,0.5092655485144006,0.9534626038781163,0.025429498687128436,0.8630892678034102,0.24907905353497192,0.9060279020794946,-0.0035039287230134164,-0.0036931497785763767,0.004934159385591164,0.009475537281867674,0.0,2026-03-11 12:55:33.644066
0.8297973778307509,0.5092719923521356,0.9534754915535862,0.02544769024435807,0.8631235898721484,0.24908073689368362,0.9060526315789473,-0.0035227503931333226,-0.003712987866714146,0.0049542742148528385,0.009475537281867674,0.0,2026-03-11 12:55:33.648876
0.8298379408960915,0.5092784326218541,0.9534883720930233,0.0254658724520467,0.8631578947368421,0.249082419308936,0.9060773480662985,-0.0035415572255156347,-0.0037328103158389414,0.0049743709226467425,0.009475537281867674,0.0,2026-03-11 12:55:33.671532
0.82987848463188,0.5092848693265187,0.9535012455023526,0.02548404531739903,0.8631921824104235,0.24908410078152193,0.9061020515518148,-0.0035106923555474623,-0.003700158292196054,0.0049387865970780265,0.009475537281867674,0.0,2026-03-11 12:55:33.674619
0.8299190090519295,0.509291302469089,0.9535141117874931,0.025502208847614838,0.8632264529058116,0.24908578131223366,0.9061267420457534,-0.0035294843677309284,-0.0037199644764656092,0.00495886520788158,0.009475537281867674,0.0,2026-03-11 12:55:33.680041
0.8299595141700404,0.5092977320525209,0.9535269709543569,0.025520363049883414,0.8632607062359129,0.24908746090186257,0.9061514195583598,-0.0035482615772265413,-0.003739755059172012,0.004978925746128016,0.009475537281867674,0.0,2026-03-11 12:55:33.692137
0.83,0.5093041580797673,0.9535398230088495,0.025538507931391567,0.8632949424136205,0.2490891395511989,0.9061760840998687,-0.003517433871460751,-0.003707143185594175,0.004943392474111019,0.009475537281867674,0.0,2026-03-11 12:55:33.697686
0.8298024279933349,0.5092485439830573,0.9535398230088495,0.025391543268901636,0.8630788485607008,0.24887615179138675,0.9060570227302589,-0.003536196295752081,-0.0037269175426677403,0.004943392474111019,0.009257296304148066,0.0,2026-03-11 12:55:33.705199
0.8296049500237982,0.5091167303497964,0.9532761957423279,0.025005557726796003,0.8630788485607008,0.24884174574272694,0.9059379926431949,-0.003161398104203683,-0.003331904981651146,0.004513592409084333,0.009257296304148066,0.0,2026-03-11 12:55:33.714704
0.8294075660242684,0.5089849895820046,0.953012714206744,0.024620511461122117,0.8630788485607008,0.24880735395958398,0.9058189938263497,-0.0027868947971491087,-0.0029372032094319156,0.0040841788549074165,0.009257296304148066,0.0,2026-03-11 12:55:33.720925
0.8294481446241675,0.5089914813319069,0.9530256977065488,0.024638786025940825,0.8631131131131131,0.24880904878441737,0.9058437294812869,-0.0028059223617475926,-0.002957257006892533,0.004104589492689326,0.009257296304148066,0.0,2026-03-11 12:55:33.732683
0.8294887039239002,0.508997969495207,0.9530386740331491,0.024657051214656653,0.8631473605203903,0.24881074266134842,0.9058684521465143,-0.0028249349675690816,-0.002977295038789407,0.004124981792072546,0.009257296304148066,0.0,2026-03-11 12:55:33.741055
0.8292914883499762,0.5089425452077009,0.9530386740331491,0.024510722310442937,0.8629314657328664,0.24859835615857048,0.9057495405618271,-0.00284393263224636,-0.002997317323706339,0.004124981792072546,0.0090404236084205,0.0,2026-03-11 12:55:33.749920
0.8293320656049441,0.5089490297873704,0.9530516431924883,0.024528980663195445,0.8629657414353589,0.2486000476432981,0.9057742782152232,-0.00281314202359928,-0.0029647698435142367,0.004089499463814761,0.0090404236084205,0.0,2026-03-11 12:55:33.761276
0.8293726235741445,0.5089555107863776,0.9530646051905025,0.024547229655037164,0.863,0.2486017381825205,0.9057990028863815,-0.002832124764737931,-0.002984775750789037,0.0041098734495028655,0.0090404236084205,0.0,2026-03-11 12:55:33.768299
0.8294131622713233,0.5089619882076871,0.9530775600331217,0.024565469293162875,0.8630342414396401,0.24860342777703026,0.9058237145855195,-0.0028510925999157832,-0.0030047659486747147,0.004130229146155462,0.0090404236084205,0.0,2026-03-11 12:55:33.781547
0.8294536817102138,0.5089684620542609,0.9530905077262694,0.024583699584764414,0.8630684657671165,0.24860511642761934,0.9058484133228429,-0.002820339021465612,-0.002972258423762586,0.004094797652178794,0.0090404236084205,0.0,2026-03-11 12:55:33.791414
0.8294941819045357,0.5089749323290573,0.953103448275862,0.024601920537022426,0.8631026729952536,0.24860680413507844,0.9058730991085474,-0.0027896224064509756,-0.0029397920736760064,0.004059416883318789,0.0090404236084205,0.0,2026-03-11 12:55:33.803028
0.8295346628679962,0.5089813990350314,0.9531163816878102,0.024620132157112052,0.8631368631368631,0.2486084909001977,0.9058977719528177,-0.0028085753532182123,-0.0029597652867352497,0.004079754315550854,0.0090404236084205,0.0,2026-03-11 12:55:33.813579
0.8295751246142891,0.5089878621751351,0.9531293079680176,0.024638334452202214,0.8631710362047441,0.24861017672376626,0.9059224318658281,-0.0028275134290973725,-0.0029797228283838795,0.004100073507933399,0.0090404236084205,0.0,2026-03-11 12:55:33.829720
0.8296155671570954,0.5089943217523171,0.9531422271223815,0.0246565274294525,0.8632051922116825,0.24861186160657234,0.9059470788577418,-0.0028464366515836836,-0.002999664717058481,0.00412037448499325,0.0090404236084205,0.0,2026-03-11 12:55:33.852756
0.829655990510083,0.5090007777695226,0.9531551391567925,0.024674711096013758,0.8632393311704517,0.24861354554940332,0.9059717129387114,-0.0028653450381448398,-0.0030195909711672186,0.004140657271213488,0.0090404236084205,0.0,2026-03-11 12:55:33.869498
0.829696394686907,0.5090072302296937,0.953168044077135,0.02469288545903495,0.8632734530938124,0.2486152285530457,0.9059963341188794,-0.0028842386062213343,-0.00303950160908939,0.00416092189103312,0.0090404236084205,0.0,2026-03-11 12:55:33.888453
0.8297367797012094,0.5090136791357697,0.9531809418892867,0.024711050525652492,0.8633075579945123,0.24861691061828511,0.906020942408377,-0.0029031173732260163,-0.0030593966491754276,0.004181168368847632,0.0090404236084205,0.0,2026-03-11 12:55:33.906010
0.8297771455666193,0.5090201244906858,0.9531938325991189,0.024729206302997755,0.8633416458852868,0.24861859174590625,0.9060455378173252,-0.0028724376550463004,-0.0030269675288936426,0.00414583821625214,0.0090404236084205,0.0,2026-03-11 12:55:34.263863
0.8298174922967528,0.5090265662973745,0.9532067162124965,0.02474735279819451,0.8633757167788582,0.24862027193669303,0.9060701203558346,-0.0028913016383650403,-0.003046846346758114,0.004166066576413052,0.0090404236084205,0.0,2026-03-11 12:55:34.265045
0.8298578199052132,0.5090330045587652,0.9532195927352779,0.02476549001835893,0.8634097706879362,0.24862195119142846,0.9060946900340048,-0.0028606587505792813,-0.003014457608137233,0.004130786931541008,0.0090404236084205,0.0,2026-03-11 12:55:34.269299
0.8298981284055911,0.5090394392777838,0.953232462173315,0.024783617970600205,0.863443807625218,0.24862362951089464,0.9061192468619247,-0.002879507967570527,-0.0030343202238916067,0.004150997198356543,0.0090404236084205,0.0,2026-03-11 12:55:34.270555
0.8299384178114637,0.509045870457353,0.9532453245324533,0.02480173666202108,0.8634778276033881,0.2486253068958728,0.9061437908496732,-0.0028983424355657483,-0.0030541672976929224,0.0041711893960914015,0.0090404236084205,0.0,2026-03-11 12:55:34.274320
0.829978688136396,0.5090522981003922,0.9532581798185318,0.02481984609971605,0.8635118306351183,0.24862698334714334,0.9061683220073183,-0.0028677363118926325,-0.003021818224984152,0.004135960150712048,0.0090404236084205,0.0,2026-03-11 12:55:34.275696
0.8300189393939394,0.5090587222098178,0.9532710280373832,0.024837946290769998,0.8635458167330677,0.24862865886548577,0.9061928403449176,-0.0028371668862093857,-0.002989510022866293,0.004100781196903602,0.0090404236084205,0.0,2026-03-11 12:55:34.280199
0.8300591715976331,0.5090651427885432,0.9532838691948338,0.024856037242266316,0.863579785909883,0.24863033345167876,0.9062173458725183,-0.002806634092552107,-0.00295724261393282,0.0040656524270520356,0.0090404236084205,0.0,2026-03-11 12:55:34.284019
0.8300993847610033,0.5090715598394779,0.9532967032967034,0.024874118961277596,0.8636137381781981,0.24863200710650007,0.9062418386001567,-0.002825453828855462,-0.0029770722477018285,0.0040858265799273985,0.0090404236084205,0.0,2026-03-11 12:55:34.285527
0.8301395788975633,0.509077973365529,0.9533095303488053,0.024892191454867367,0.8636476735506344,0.2486336798307266,0.906266318537859,-0.00284425885074413,-0.0029968863774569865,0.004105982712121259,0.0090404236084205,0.0,2026-03-11 12:55:34.287059
0.8301797540208137,0.5090843833695996,0.9533223503569467,0.024910254730095747,0.863681592039801,0.2486353516251344,0.9062907856956408,-0.0028137626233069035,-0.0029646584106766127,0.004070904018919519,0.0090404236084205,0.0,2026-03-11 12:55:34.291761
0.8302199101442421,0.5090907898545904,0.9533351633269284,0.02492830879401378,0.8637154936582939,0.24863702249049868,0.9063152400835073,-0.00278330289644102,-0.002932471084459598,0.004035875295366198,0.0090404236084205,0.0,2026-03-11 12:55:34.303044
0.8302600472813239,0.5090971928233985,0.9533479692645445,0.024946353653665335,0.8637493784186971,0.2486386924275937,0.9063396817114531,-0.0027528796046552007,-0.0029003243219807295,0.004000896434764534,0.0090404236084205,0.0,2026-03-11 12:55:34.308303
0.8303001654455211,0.5091035922789178,0.953360768175583,0.02496438931608826,0.8637832463335819,0.2486403614371931,0.9063641105894628,-0.0027224926826144857,-0.0028682180466084173,0.003965967330721298,0.0090404236084205,0.0,2026-03-11 12:55:34.311478
0.8303402646502835,0.5091099882240391,0.9533735600658255,0.024982415788312555,0.8638170974155069,0.24864202952006922,0.9063885267275097,-0.002692142065140124,-0.002836152181903362,0.003931087877145911,0.0090404236084205,0.0,2026-03-11 12:55:34.321526
0.8301441058351051,0.5090547527756726,0.9533735600658255,0.024836569057203474,0.8636024844720497,0.24843014875766792,0.9062703689219137,-0.0027109323898645288,-0.0028559476530101158,0.003931087877145911,0.008824906367041141,0.0,2026-03-11 12:55:34.323986
0.8301842229570147,0.5090611452132835,0.9533863449410475,0.024854588867199445,0.8636363636363636,0.2484318144939219,0.9062947999478692,-0.00272970803464756,-0.0028757276589050917,0.003951226012793185,0.008824906367041141,0.0,2026-03-11 12:55:34.334864
0.830224321133412,0.5090675341462686,0.9533991228070176,0.024872599501766932,0.863670225974671,0.24843347930578377,0.9063192182410423,-0.002748469016685906,-0.002895492217704243,0.003971346175985602,0.008824906367041141,0.0,2026-03-11 12:55:34.340464
0.8302644003777149,0.509073919577509,0.9534118936694985,0.024890600967911694,0.8637040714995035,0.24843514319402288,0.9063436238113847,-0.0027181546387546884,-0.002863464792398851,0.0039365162670884635,0.008824906367041141,0.0,2026-03-11 12:55:34.346448
0.8303044607033279,0.509080301509883,0.9534246575342465,0.024908593272631504,0.8637379002233805,0.24843680615940777,0.906368016668837,-0.0027369009752175044,-0.002883213291502651,0.003956618481874896,0.008824906367041141,0.0,2026-03-11 12:55:34.356589
0.8301085417649835,0.5090252539371913,0.9534246575342465,0.024763171015457296,0.8635235732009926,0.2482254604757612,0.90625,-0.002755632683247744,-0.0029029463801508726,0.003956618481874896,0.00861073191221251,0.0,2026-03-11 12:55:34.362512
0.8301486199575372,0.509031632373574,0.9534374144070118,0.024781156658473996,0.8635574299181344,0.2482271211051561,0.9062744077063265,-0.0027743497799612715,-0.002922664076374204,0.0039767027722611425,0.00861073191221251,0.0,2026-03-11 12:55:34.372465
0.8301886792452831,0.5090380073168369,0.9534501642935378,0.024799133154785862,0.8635912698412699,0.24822878081401498,0.9062988027069234,-0.0027440715767055313,-0.002890675023606848,0.003941922302553524,0.00861073191221251,0.0,2026-03-11 12:55:34.378907
0.830228719641594,0.509044378769849,0.953462907199562,0.024817100511364504,0.8636250929828911,0.2482304396031033,0.9063231850117095,-0.0027627740791916766,-0.0029103767169862405,0.003961988692502638,0.00861073191221251,0.0,2026-03-11 12:55:34.388353
0.8302687411598303,0.5090507467354758,0.9534756431308156,0.02483505873518225,0.8636588993554785,0.2482320974731855,0.9063475546305931,-0.0027814620045129024,-0.0029300630544082384,0.003982037205935152,0.00861073191221251,0.0,2026-03-11 12:55:34.396423
0.8300730615130804,0.5089958860815368,0.9534756431308156,0.024690059161901246,0.8634448574969021,0.24802128461352457,0.9062296787618678,-0.002800135369705248,-0.002949734053818931,0.003982037205935152,0.008397887733500808,0.0,2026-03-11 12:55:34.404710
0.8301131008482564,0.5090022505626407,0.9534883720930233,0.02470801072465364,0.8634786917740337,0.24802294015818616,0.9062540631907425,-0.00281879419177844,-0.0029693897331368735,0.004002067866728853,0.008397887733500808,0.0,2026-03-11 12:55:34.416063
0.830153121319199,0.5090086115620809,0.9535010940919038,0.024725953169306973,0.8635125092890761,0.2480245947861472,0.9062784349408554,-0.00278855209848472,-0.002937438360024469,0.003967336731020676,0.008397887733500808,0.0,2026-03-11 12:55:34.425073
0.8299576071596797,0.5088782449919289,0.9532403609515997,0.024344818411600088,0.8635125092890761,0.24799068153039472,0.9061606446581753,-0.003354293607209291,-0.0035354928849857803,0.004641372046249037,0.008397887733500808,0.0,2026-03-11 12:55:34.435745
0.8299976453967507,0.5088846364133406,0.9532531437944232,0.024362818590704695,0.8635463100544825,0.24799234428797728,0.9061850311850312,-0.0033237685983534826,-0.003503206200022202,0.004606237339784491,0.008397887733500808,0.0,2026-03-11 12:55:34.444457
0.8300376647834274,0.5088910243412178,0.9532659196501776,0.02438080963144647,0.8635800940826938,0.24799400612556144,0.9062094050402703,-0.003293279928794024,-0.003470960025328651,0.004571152363972986,0.008397887733500808,0.0,2026-03-11 12:55:34.455006
0.8300776653330195,0.5088974087784242,0.9532786885245902,0.024398791540785246,0.8636138613861386,0.24799566704391068,0.9062337662337663,-0.003311924224730811,-0.0034906102243084103,0.004591165195963032,0.008397887733500808,0.0,2026-03-11 12:55:34.467193
0.8298823529411765,0.5087672150214555,0.9530183010106529,0.024018777970823087,0.8636138613861386,0.24796179479530034,0.9061160888196338,-0.0029414489531220944,-0.003100146951847682,0.004166320365291187,0.008397887733500808,0.0,2026-03-11 12:55:34.476763
0.8299223712067749,0.5087736297810116,0.9530311305297652,0.024036817331810536,0.8636476119772334,0.24796346381879958,0.906140464753992,-0.0029109965580057517,-0.003067953112230404,0.0041312850146224545,0.008397887733500808,0.0,2026-03-11 12:55:34.487253
0.8297271872060207,0.5086435409016055,0.9527709527709528,0.02365778825654805,0.8636476119772334,0.2479296144617626,0.9060228452751817,-0.0025408094818631932,-0.002677806105963576,0.0037068179917146837,0.008397887733500808,0.0,2026-03-11 12:55:34.497512
0.8297672231366094,0.508649985913509,0.9527838427947598,0.02367588484140928,0.863681345868382,0.24793129157409197,0.9060472359200622,-0.0025103932964913866,-0.002645665115725837,0.0036718321609761073,0.008397887733500808,0.0,2026-03-11 12:55:34.780314
0.8298072402444758,0.5086564274083528,0.9527967257844475,0.023693972247881487,0.8637150630719762,0.24793296775988147,0.9060716139076285,-0.0025292965679973856,-0.0026655869845686464,0.0036921868865331664,0.008397887733500808,0.0,2026-03-11 12:55:34.789045
0.8298472385428907,0.5086628653890151,0.952809601745772,0.023712050482943094,0.8637487636003957,0.2479346430198988,0.9060959792477302,-0.002498916527825079,-0.0026334856082215197,0.003657250470809781,0.008397887733500808,0.0,2026-03-11 12:55:34.790293
0.8298872180451128,0.5086692998583706,0.9528224706844832,0.023730119553570194,0.8637824474660074,0.24793631735491078,0.9061203319502075,-0.0024685725684605586,-0.0026014244088157223,0.003622363365482606,0.008397887733500808,0.0,2026-03-11 12:55:34.797571
0.829927178764388,0.5086757308192915,0.952835332606325,0.023748179466728317,0.8638161146811666,0.2479379907656836,0.9061446720248898,-0.0024382646256650986,-0.002569403310972884,0.00358752546622787,0.008397887733500808,0.0,2026-03-11 12:55:34.798941
0.8299671207139502,0.5086821582746464,0.9528481875170346,0.0237662302293775,0.863849765258216,0.24793966325298228,0.9061689994815967,-0.002457153203606066,-0.002589307784913286,0.0036078621067333616,0.008397887733500808,0.0,2026-03-11 12:55:34.806357
0.8300070439070204,0.5086885822273007,0.9528610354223433,0.023784271848470945,0.8638833992094862,0.24794133481757114,0.9061933143301374,-0.0024760271051071925,-0.0026091967930617077,0.0036281806862792365,0.008397887733500808,0.0,2026-03-11 12:55:34.807836
0.8300469483568075,0.508695002680117,0.952873876327976,0.023802304330954413,0.8639170165472956,0.24794300546021383,0.9062176165803109,-0.0024948863472674665,-0.0026290703534368465,0.0036484812289147017,0.008397887733500808,0.0,2026-03-11 12:55:34.814638
0.8300868340765079,0.5087014196359547,0.9528867102396514,0.023820327683765567,0.8639506172839506,0.24794467518167287,0.9062419062419063,-0.002464614356954442,-0.002597087378640728,0.0036136924317025088,0.008397887733500808,0.0,2026-03-11 12:55:34.816184
0.8301267010793055,0.50870783309767,0.952899537163082,0.023838341913837064,0.8639842014317453,0.24794634398271007,0.9062661833247022,-0.002434378255189662,-0.0025651443575920307,0.003578952632796395,0.008397887733500808,0.0,2026-03-11 12:55:34.823959
0.8301665493783721,0.508714243068116,0.9529123571039738,0.02385634702809278,0.8640177690029615,0.24794801186408646,0.9062904478384675,-0.002453222855081094,-0.0025850012220622887,0.003599235162528025,0.008397887733500808,0.0,2026-03-11 12:55:34.825587
0.8302063789868668,0.5087206495501426,0.9529251700680272,0.023874343033450932,0.8640513200098693,0.2479496788265621,0.9063146997929608,-0.0024720528297494937,-0.0026048426756948295,0.003619499703319762,0.008397887733500808,0.0,2026-03-11 12:55:34.889626
0.8302461899179366,0.5087270525465969,0.9529379760609358,0.023892329936821565,0.8640848544647262,0.24795134487089635,0.9063389391979302,-0.002441852552749757,-0.002572938270313019,0.003584808799274808,0.008397887733500808,0.0,2026-03-11 12:55:34.893864
0.8302859821847164,0.5087334520603227,0.9529507750883873,0.023910307745109004,0.8641183723797781,0.24795300999784767,0.9063631660631144,-0.0024606679192143988,-0.002592763700145939,0.003605055375048072,0.008397887733500808,0.0,2026-03-11 12:55:34.895080
0.8303257558003281,0.5087398480941606,0.9529635671560631,0.023928276465209935,0.8641518737672583,0.24795467420817355,0.9063873803982415,-0.002430503403347828,-0.0025608984705267623,0.00357041326271057,0.008397887733500808,0.0,2026-03-11 12:55:34.899416
0.8301312089971884,0.50868517340854,0.9529635671560631,0.02378404436020141,0.8639388710870101,0.2477444540142065,0.9062702003878474,-0.0024493041786015635,-0.0025807078962307717,0.00357041326271057,0.008186361475400306,0.0,2026-03-11 12:55:34.900729
0.8299367533380183,0.5086306837472363,0.9529635671560631,0.023640219560879066,0.8637259733859044,0.24753476759998586,0.9061530506721821,-0.002419175360386938,-0.0025488817699836908,0.00357041326271057,0.00840996257104576,0.0,2026-03-11 12:55:34.905283
0.8299765807962529,0.508637076304024,0.9529763522696385,0.023658184305689594,0.863759546686376,0.24753642807768514,0.9061773067976222,-0.002437961561396307,-0.002568675211196858,0.003590641897344482,0.00840996257104576,0.0,2026-03-11 12:55:34.906696
0.8300163896043081,0.508643465386596,0.9529891304347826,0.02367613997745546,0.8637931034482759,0.2475380876418215,0.9062015503875969,-0.0024567332051014246,-0.0025884533146018907,0.0036108526146758635,0.00840996257104576,0.0,2026-03-11 12:55:34.911229
0.8298220973782772,0.5085891598119859,0.9529891304347826,0.02353272598308737,0.863580398916523,0.24732892994698202,0.9060844852086294,-0.002475490308416539,-0.0026082160980198665,0.0036108526146758635,0.00819974203058782,0.0,2026-03-11 12:55:34.912893
0.8298619237069974,0.5085955454231738,0.9530019016571584,0.02355067509693001,0.8636139832594781,0.24733058719682938,0.9061087433811185,-0.002494232888229142,-0.002627963579243886,0.0036310454384991253,0.00819974203058782,0.0,2026-03-11 12:55:34.917411
0.8299017313991577,0.5086019275658059,0.9530146659424226,0.023568615152167682,0.8636475510706375,0.24733224353539127,0.9061329890251776,-0.0025129609614010784,-0.002647695776039738,0.003651220392566823,0.00819974203058782,0.0,2026-03-11 12:55:34.918940
0.8299415204678362,0.5086083062427076,0.9530274232962259,0.02358654615565515,0.8636811023622047,0.2473338989634194,0.9061572221505099,-0.0025316745447678812,-0.0026674127061456776,0.0036713775005894345,0.00819974203058782,0.0,2026-03-11 12:55:34.930532
0.8299812909260992,0.508614681456701,0.9530401737242128,0.02360446811424327,0.8637146371463714,0.2473355534816643,0.9061814427668086,-0.0025015813608739723,-0.0026356224805219597,0.0036367840770957782,0.00819974203058782,0.0,2026-03-11 12:55:34.935638
0.8300210427870003,0.5086210532106055,0.9530529172320217,0.02362238103477143,0.8637481554353172,0.24733720709087606,0.9062056508837569,-0.002471523748119542,-0.0026038718442205067,0.003602239239871019,0.00819974203058782,0.0,2026-03-11 12:55:34.937783
0.8300607760635811,0.508627421507237,0.9530656538252849,0.023640284924075033,0.8637816572412097,0.24733885979180364,0.906229846511028,-0.002490222858490654,-0.0026235722768157554,0.003622378525516834,0.00819974203058782,0.0,2026-03-11 12:55:34.943023
0.8301004907688713,0.5086337863494088,0.9530783835096285,0.023658179788985535,0.8638151425762045,0.24734051158519535,0.9062540296582849,-0.0025089075126496496,-0.002643257479080452,0.0036425000124126194,0.00819974203058782,0.0,2026-03-11 12:55:34.948412
0.8301401869158879,0.5086401477399308,0.9530911062906724,0.023676065636319073,0.8638486114524453,0.24734216247179858,0.9062782003351811,-0.0024788854080023404,-0.0026115451124752997,0.0036080036591700226,0.00819974203058782,0.0,2026-03-11 12:55:34.953799
0.830179864517636,0.5086465056816101,0.9531038221740309,0.023693942472894646,0.8638820638820639,0.24734381245235995,0.9063023585513597,-0.002497555622706815,-0.00263121447992698,0.0036281073709008016,0.00819974203058782,0.0,2026-03-11 12:55:34.959304
0.8302195235871088,0.5086528601772504,0.9531165311653117,0.023711810305517216,0.8639154998771801,0.24734546152762524,0.906326504316454,-0.002516211414688496,-0.002650868652811278,0.0036481933310096304,0.00819974203058782,0.0,2026-03-11 12:55:34.961816
0.830259164137287,0.5086592112296529,0.9531292332701164,0.023729669140988865,0.8639489194499018,0.24734710969833942,0.9063506376400875,-0.0025348528006531312,-0.0026705076487278934,0.003668261562998487,0.00819974203058782,0.0,2026-03-11 12:55:34.967455
0.8302987861811392,0.5086655588416152,0.9531419284940412,0.023747518986104492,0.8639823226123251,0.24734875696524664,0.9063747585318739,-0.0025048661412298,-0.0026388328627133806,0.0036338135917378667,0.00819974203058782,0.0,2026-03-11 12:55:34.973230
0.8303383897316219,0.5086719030159322,0.9531546168426753,0.02376535984764733,0.8640157093765342,0.24735040332909028,0.9063988670014163,-0.002523493137857602,-0.0026584560793101453,0.003653864119066652,0.00819974203058782,0.0,2026-03-11 12:55:34.978973
0.8303779748016799,0.5086782437553959,0.9531672983216026,0.023783191732401524,0.8640490797546012,0.24735204879061282,0.9064229630583087,-0.0025421057618028042,-0.002678064154536086,0.0036738969651545217,0.00819974203058782,0.0,2026-03-11 12:55:34.987862
0.8304175414042454,0.5086845810627949,0.9531799729364006,0.023801014647140763,0.8640824337585868,0.24735369335055593,0.9064470467121349,-0.0025607040296939942,-0.0026976571059089682,0.0036939121533788866,0.00819974203058782,0.0,2026-03-11 12:55:34.996819
0.8304570895522388,0.5086909149409149,0.9531926406926406,0.023818828598627682,0.8641157714005396,0.24735533700966056,0.9064711179724688,-0.0025792879581343353,-0.0027172349509201332,0.0037139097070761906,0.00819974203058782,0.0,2026-03-11 12:55:35.005800
0.8304966192585684,0.5086972453925389,0.9532053015958886,0.023836633593624444,0.8641490926924963,0.24735697976866677,0.9064951768488746,-0.0025978575637010115,-0.0027367977070333893,0.0037338896495417995,0.00819974203058782,0.0,2026-03-11 12:55:35.011892
0.8305361305361305,0.5087035724204464,0.9532179556517036,0.023854429638884015,0.864182397646482,0.2473586216283139,0.9065192233509066,-0.002567906286766619,-0.0027051592020319593,0.0036994899585492957,0.00819974203058782,0.0,2026-03-11 12:55:35.018023
0.8305756233978093,0.5087098960274142,0.9532306028656393,0.023872216741153834,0.8642156862745098,0.24736026258934032,0.906543257488109,-0.00253799032973423,-0.0026735599995213466,0.0036651384463958214,0.00819974203058782,0.0,2026-03-11 12:55:35.024299
0.8306150978564771,0.5087162162162162,0.9532432432432433,0.02388999490717146,0.8642489585885812,0.2473619026524837,0.9065672792700167,-0.0025565456289792232,-0.002693106451396643,0.0036851008008838004,0.00819974203058782,0.0,2026-03-11 12:55:35.030563
0.8306545539249942,0.508722532989623,0.9532558767900567,0.023907764143671403,0.8642822146006859,0.24736354181848094,0.9065912887061545,-0.0025750866384289806,-0.0027126378501711734,0.0037050455906075808,0.00819974203058782,0.0,2026-03-11 12:55:35.036944
0.8306939916162087,0.5087288463504023,0.9532685035116153,0.023925524457376342,0.8643154543228019,0.24736518008806807,0.9066152858060372,-0.0025936133745841916,-0.0027321542132265897,0.0037249728387397374,0.00819974203058782,0.0,2026-03-11 12:55:35.046419
0.8307334109429569,0.5087351563013188,0.9532811234134485,0.02394327585500901,0.8643486777668952,0.24736681746198025,0.9066392705791704,-0.002612125853920566,-0.0027516555579187862,0.003744882568411989,0.00819974203058782,0.0,2026-03-11 12:55:35.052926
0.8307728119180633,0.5087414628451346,0.95329373650108,0.023961018343279045,0.8643818849449204,0.24736845394095203,0.9066632430350494,-0.002582245154350904,-0.0027200931265880524,0.003710579133952119,0.00819974203058782,0.0,2026-03-11 12:55:35.059323
0.8308121945543402,0.5087477659846081,0.953306342780027,0.023978751928894194,0.8644150758688204,0.2473700895257169,0.9066872031831601,-0.0025523996499514645,-0.00268856985460153,0.003676323676323645,0.00819974203058782,0.0,2026-03-11 12:55:35.233350
0.8306188925081434,0.5086936435653929,0.953306342780027,0.02383580430942629,0.8642035723024223,0.24716142640167854,0.9065708418891171,-0.002570897888919066,-0.0027080549723228486,0.003676323676323645,0.007990815154994335,0.0,2026-03-11 12:55:35.234481
0.8306582926261922,0.5086999433032802,0.9533189422558014,0.02385353149416014,0.8642367906066536,0.24716305971406466,0.9065948165255325,-0.0025893819039429777,-0.0027275251072551576,0.0036962159106271875,0.007990815154994335,0.0,2026-03-11 12:55:35.238662
0.8306976744186046,0.5087062396423339,0.9533315349339089,0.0238712497902995,0.8642699926632429,0.24716469213446193,0.9066187788609543,-0.0026078517114225264,-0.002746980276672195,0.003716090672612471,0.007990815154994335,0.0,2026-03-11 12:55:35.239871
0.8307370378981632,0.5087125325853039,0.953344120819849,0.02388895920452849,0.8643031784841075,0.2471663236636008,0.9066427289048474,-0.00262630732773228,-0.002766420497822164,0.003735947985289534,0.007990815154994335,0.0,2026-03-11 12:55:35.244167
0.8307763830776383,0.5087188221349372,0.9533566999191156,0.023906659743523642,0.8643363480811538,0.2471679543022112,0.9066666666666667,-0.0026447487692216054,-0.002785845787927066,0.0037557878716281135,0.007990815154994335,0.0,2026-03-11 12:55:35.245479
0.8308157099697885,0.5087251082939779,0.9533692722371968,0.023924351413955772,0.8643695014662757,0.2471695840510221,0.9066905921558575,-0.0026631760522145553,-0.002805256164181369,0.003775610354557757,0.007990815154994335,0.0,2026-03-11 12:55:35.246826
0.8308550185873605,0.5087313910651665,0.9533818377795742,0.02394203422248625,0.864402638651356,0.24717121291076172,0.9067145053818554,-0.002681589193010314,-0.002824651643754006,0.003795415456967377,0.007990815154994335,0.0,2026-03-11 12:55:35.251302
0.8308943089430895,0.5087376704512415,0.9533943965517241,0.023959708175775044,0.8644357596482658,0.2471728408821575,0.9067384063540866,-0.0026517788216354754,-0.0027931631853432837,0.003761207875589978,0.007990815154994335,0.0,2026-03-11 12:55:35.252756
0.8309335810496981,0.5087439464549377,0.9534069485591166,0.023977373280468818,0.8644688644688645,0.2471744679659361,0.9067622950819673,-0.0026220035212857207,-0.0027617137460878016,0.0037270480701642184,0.007990815154994335,0.0,2026-03-11 12:55:35.257321
0.8309728349198978,0.5087502190789874,0.9534194938072159,0.02399502954321476,0.864501953125,0.2471760941628233,0.9067861715749039,-0.0025922632301075277,-0.0027303032535064276,0.0036929359406706608,0.007990815154994335,0.0,2026-03-11 12:55:35.258864
0.8310120705663882,0.5087564883261196,0.9534320323014804,0.024012676970647313,0.8645350256285087,0.2471777194735441,0.9068100358422939,-0.0026106622449800776,-0.002749682030161571,0.003712723685409536,0.007990815154994335,0.0,2026-03-11 12:55:35.270459
0.8310512880018566,0.5087627541990608,0.9534445640473628,0.024030315569396964,0.8645680819912153,0.24717934389882296,0.9068338878935244,-0.002580956901265141,-0.002718309805664232,0.003678659132107742,0.007990815154994335,0.0,2026-03-11 12:55:35.275650
0.8310904872389792,0.5087690167005341,0.9534570890503093,0.024047945346087753,0.8646011222249329,0.2471809674393832,0.9068577277379734,-0.0025993418064637064,-0.0027376731154711287,0.003698429541984849,0.007990815154994335,0.0,2026-03-11 12:55:35.280860
0.8311296682904199,0.50877527583326,0.9534696073157611,0.02406556630733718,0.8646341463414634,0.24718259009594745,0.906881555385009,-0.0025696713486484946,-0.0027063390888981687,0.003664412465412492,0.007990815154994335,0.0,2026-03-11 12:55:35.286172
0.8311688311688312,0.508781531599956,0.953482118849153,0.024083178459753746,0.8646671543525969,0.24718421186923778,0.9069053708439897,-0.00258804216039743,-0.0027256869506226966,0.0036841655631968395,0.007990815154994335,0.0,2026-03-11 12:55:35.288514
0.8312079758868537,0.5087877840033365,0.953494623655914,0.024100781809943142,0.8647001462701122,0.2471858327599751,0.906929174124265,-0.002558406527063295,-0.0026943910519876546,0.0036501958641683707,0.007990815154994335,0.0,2026-03-11 12:55:35.293952
0.8310152990264256,0.5087338438144889,0.953494623655914,0.023958273201779644,0.8644893980014623,0.24697767623231123,0.9068132430014061,-0.002576763261561754,-0.002713723484364161,0.0036501958641683707,0.007783170039373788,0.0,2026-03-11 12:55:35.300485
0.8310544611819235,0.5087400928572656,0.9535071217414673,0.023975870231439322,0.8645224171539961,0.24697929487699774,0.9068370607028754,-0.002595105934984354,-0.0027330411082899797,0.0036699316725892217,0.007783170039373788,0.0,2026-03-11 12:55:35.306904
0.8310936051899908,0.5087463385421472,0.9535196131112306,0.023993458472717517,0.8645554202192448,0.24698091264131314,0.9068608662322729,-0.002613434563480954,-0.002752343940773505,0.003689650214336093,0.007783170039373788,0.0,2026-03-11 12:55:35.316432
0.8311327310632384,0.5087525808718395,0.9535320977706151,0.024011037932191986,0.8645884072089625,0.2469825295259757,0.9068846595989271,-0.0026317491631765444,-0.0027716319987964866,0.003709351512058645,0.007783170039373788,0.0,2026-03-11 12:55:35.322978
0.8311718388142658,0.5087588198490454,0.9535445757250268,0.02402860861644203,0.8646213781348916,0.24698414553170267,0.9069084408121568,-0.002650049750171579,-0.0027909052993153605,0.0037290355883671245,0.007783170039373788,0.0,2026-03-11 12:55:35.329662
0.831210928455661,0.5087650554764649,0.9535570469798658,0.024046170532034082,0.8646543330087634,0.2469857606592107,0.9069322098812714,-0.0026204488800436465,-0.0027596450527944683,0.0036951131679733296,0.007783170039373788,0.0,2026-03-11 12:55:35.340680
0.83125,0.508771287756795,0.953569511540526,0.024063723685532293,0.8646872718422974,0.24698737490921563,0.9069559668155712,-0.002638735470413711,-0.002778903012387479,0.0037147800454383484,0.007783170039373788,0.0,2026-03-11 12:55:35.347682
0.8310576255496412,0.5087175288795067,0.953569511540526,0.023921629787512264,0.8644768856447689,0.24677973521306792,0.9068402246043901,-0.002657008080210188,-0.0027981462487698394,0.0037147800454383484,0.007576794924460284,0.0,2026-03-11 12:55:35.354795
0.8310967144840352,0.5087237578154418,0.953581969412396,0.023939176634878805,0.8645098516176113,0.24678134722993875,0.9068639959173258,-0.002627441912157469,-0.0027669233963831807,0.0036809048050451265,0.007576794924460284,0.0,2026-03-11 12:55:35.364980
0.8311357853342586,0.5087299834096729,0.9535944206008584,0.023956714733913677,0.8645428015564203,0.2467829583714723,0.9068877551020408,-0.0026457005574068715,-0.0027861513277382954,0.003700554506197995,0.007576794924460284,0.0,2026-03-11 12:55:35.375285
0.8311748381128584,0.5087362056648886,0.9536068651112899,0.023974244091161757,0.8645757354728908,0.24678456863838136,0.9069115021678142,-0.0026639452541113995,-0.002805364570070301,0.0037201870535304993,0.007576794924460284,0.0,2026-03-11 12:55:35.393083
0.8312138728323699,0.5087424245837745,0.9536193029490616,0.02399176471315553,0.8646086533787068,0.24678617803137806,0.9069352371239164,-0.0026821760182488275,-0.002824563140205294,0.003739802469495457,0.007576794924460284,0.0,2026-03-11 12:55:35.409616
0.8312528895053167,0.5087486401690131,0.9536317341195389,0.024009276606423897,0.8646415552855407,0.24678778655117375,0.9069589599796074,-0.002700392865772283,-0.0028437470549429467,0.003759400776506161,0.007576794924460284,0.0,2026-03-11 12:55:35.420205
0.8312918881442107,0.5087548524232844,0.9536441586280815,0.024026779777485848,0.8646744412050534,0.246789394198479,0.9069826707441387,-0.002670861338806896,-0.0028125603364239637,0.0037255726177535253,0.007576794924460284,0.0,2026-03-11 12:55:35.436833
0.8313308687615527,0.5087610613492651,0.9536565764800429,0.02404427423285806,0.8647073111488949,0.24679100097400358,0.9070063694267517,-0.0026413643920838448,-0.002781412072552003,0.003691791442554715,0.007576794924460284,0.0,2026-03-11 12:55:35.447545
0.8311388311388311,0.5086333622897472,0.953401178361007,0.02367131172400085,0.8647073111488949,0.24675795229612202,0.9068908419309643,-0.002278033573184235,-0.002398817104191542,0.0032754528722270804,0.007576794924460284,0.0,2026-03-11 12:55:35.465845
0.8311778290993072,0.5086396004184807,0.9534136546184739,0.023688861608312645,0.8647401651287032,0.24675956683454667,0.906914554947154,-0.0022963681477392583,-0.002418123795523197,0.0032952069716776222,0.007576794924460284,0.0,2026-03-11 12:55:35.484131
0.8312168090510275,0.5086458352077448,0.9534261241970021,0.023706402757832177,0.8647730031561058,0.2467611804981021,0.9069382558879694,-0.0022669057205559895,-0.00238702518572409,0.003261472682218103,0.007576794924460284,0.0,2026-03-11 12:55:35.500328
0.8312557710064635,0.5086520666602203,0.9534385871019534,0.023723935179076304,0.8648058252427184,0.2467627932874993,0.906961944762632,-0.0022852263152598473,-0.0024063165574732537,0.0032812095742649205,0.007576794924460284,0.0,2026-03-11 12:55:35.790703
0.8312947149780753,0.5086582947785856,0.9534510433386838,0.0237414588785595,0.8648386314001456,0.2467644052034485,0.9069856215803538,-0.0023035329460959764,-0.0024255932254331203,0.0033009292813817037,0.007576794924460284,0.0,2026-03-11 12:55:35.797971
0.8313336409783111,0.5086645195655155,0.9534634929125435,0.023758973862786924,0.8648714216399805,0.2467660162466592,0.9070092863503371,-0.0023218256290227224,-0.0024448552064078033,0.003320631826003284,0.007576794924460284,0.0,2026-03-11 12:55:35.801969
0.8313725490196079,0.5086707410236821,0.953475935828877,0.023776480138259434,0.8649041959738055,0.24676762641784006,0.9070329390817754,-0.0023401043799747834,-0.0024641025171761033,0.0033403172305250806,0.007576794924460284,0.0,2026-03-11 12:55:35.808628
0.8314114391143912,0.5086769591557554,0.9534883720930233,0.02379397771147105,0.8649369544131911,0.24676923571769901,0.9070565797838525,-0.0023583692148620994,-0.0024833351744912857,0.003359985517303765,0.007576794924460284,0.0,2026-03-11 12:55:35.809933
0.831450311275075,0.5086831739644013,0.9535008017103154,0.02381146658890893,0.8649696969696969,0.24677084414694317,0.907080208465743,-0.0023766201495707406,-0.002502553195080859,0.003379636708657263,0.007576794924460284,0.0,2026-03-11 12:55:35.817332
0.8314891655140618,0.508689385452284,0.9535132246860807,0.02382894677705274,0.8650024236548716,0.2467724517062791,0.907103825136612,-0.0023471921813666974,-0.002471489304271657,0.00334594920739395,0.007576794924460284,0.0,2026-03-11 12:55:35.818869
0.8315280018437428,0.5086955936220643,0.9535256410256411,0.02384641828237709,0.865035134480252,0.24677405839641228,0.9071274298056157,-0.0023177986117227656,-0.0024404636459431917,0.003312308397054098,0.007576794924460284,0.0,2026-03-11 12:55:35.826391
0.8315668202764976,0.5087017984764,0.9535380507343124,0.023863881111350366,0.8650678294573644,0.24677566421804767,0.9071510224819003,-0.0023360356621142664,-0.002459665857155402,0.0033319425152613658,0.007576794924460284,0.0,2026-03-11 12:55:35.828200
0.8316056208246948,0.5087080000179462,0.9535504538174052,0.02388133527043461,0.8651005085977235,0.2467772691718893,0.9071746031746032,-0.0023542588440265133,-0.00247885346592569,0.003351559582562613,0.007576794924460284,0.0,2026-03-11 12:55:35.835285
0.8314140948871488,0.5086544215395751,0.9535504538174052,0.02373978385763545,0.8648910411622276,0.2465701543480145,0.9070594210259015,-0.002372468173272857,-0.0024980264889045145,0.003351559582562613,0.0073716781943938825,0.0,2026-03-11 12:55:35.836889
0.8314529127331338,0.5086606197709845,0.9535628502802241,0.023757231823710163,0.8649237472766884,0.2465717570884905,0.9070830159939072,-0.0023906636656428892,-0.002517184942717021,0.003371159621159636,0.0073716781943938825,0.0,2026-03-11 12:55:35.853699
0.8314917127071824,0.5086668146949066,0.9535752401280683,0.023774671133423828,0.8649564375605033,0.24657335896330593,0.9071065989847715,-0.00240884533690211,-0.0025363288439628207,0.003390742653215484,0.0073716781943938825,0.0,2026-03-11 12:55:35.860776
0.8313003452243959,0.5086134157089253,0.9535752401280683,0.023633520408022027,0.8647471570287927,0.24636676206154065,0.9069914985407943,-0.002379486105540396,-0.0025053383841853183,0.003390742653215484,0.007593616828361571,0.0,2026-03-11 12:55:35.867166
0.8311090658076392,0.5085601953148703,0.9535752401280683,0.023492763969108637,0.8645379777455249,0.24616068359631751,0.9068764273027149,-0.002350161152323893,-0.002474386019625685,0.003390742653215484,0.007813911472448032,0.0,2026-03-11 12:55:35.872766
0.8311479181044399,0.5085663869339516,0.953587623366231,0.0235101994847472,0.8645707376058042,0.24616228192665723,0.9069000507356672,-0.0023683290182139327,-0.0024935142029505197,0.0034103087008550137,0.007813911472448032,0.0,2026-03-11 12:55:35.878225
0.8311867525298988,0.5085725752508361,0.9536,0.02352762635818661,0.8646034816247582,0.24616387939418458,0.9069236621861526,-0.0023390382831459666,-0.002462599273533206,0.003376714484435328,0.007813911472448032,0.0,2026-03-11 12:55:35.880703
0.831225569096344,0.5085787602681648,0.9536123700346574,0.023545044595854416,0.8646362098138748,0.24616547599959798,0.906947261663286,-0.0023571923593843636,-0.0024817123488849457,0.003396263569744984,0.007813911472448032,0.0,2026-03-11 12:55:35.886302
0.8312643678160919,0.508584941988576,0.9536247334754797,0.023562454204164203,0.8646689221846302,0.24616707174359537,0.9069708491761723,-0.0023753326616652304,-0.0025008109226623,0.0034157957147726847,0.007813911472448032,0.0,2026-03-11 12:55:35.892020
0.831303148701448,0.508591120414705,0.9536370903277378,0.023579855189531387,0.8647016187484899,0.2461686666268737,0.9069944247339077,-0.002346076084888793,-0.002469932771997696,0.0033822479955383233,0.007813911472448032,0.0,2026-03-11 12:55:35.897741
0.8313419117647058,0.5085972955491845,0.9536494405966969,0.023597247558357383,0.8647342995169082,0.24617026065012937,0.907017988345579,-0.002316853606686764,-0.0024390925086346105,0.0033487466770222296,0.007813911472448032,0.0,2026-03-11 12:55:35.900784
0.8313806570181485,0.5086034673946443,0.9536617842876165,0.02361463131704225,0.8647669645013282,0.24617185381405784,0.9070415400202635,-0.0022876651674808013,-0.002408290062884344,0.0033152916630236895,0.007813911472448032,0.0,2026-03-11 12:55:35.906632
0.8311897106109325,0.5085504246980653,0.9536617842876165,0.02347428441697934,0.8645581844519555,0.24596628229276452,0.9069266810181081,-0.0023057917114738258,-0.0024273723903129873,0.0033152916630236895,0.007610041652594823,0.0,2026-03-11 12:55:35.917649
0.8309988518943743,0.5084975588104749,0.9536617842876165,0.023334328703844446,0.8643495051894762,0.24576122491464972,0.9068118511015446,-0.002323904512825603,-0.0024464402504731364,0.0033152916630236895,0.007407407407407418,0.0,2026-03-11 12:55:35.927738
0.8310376492194674,0.5085037273695421,0.9536741214057508,0.023351708608109104,0.8643822393822393,0.24576281456388843,0.9068354430379747,-0.0023420035871585254,-0.002465493659810747,0.0033348068897792738,0.007407407407407418,0.0,2026-03-11 12:55:35.935327
0.8310764287353684,0.5085098926448407,0.9536864519563482,0.023369079916332684,0.8644149577804584,0.24576440335661995,0.9068590230321437,-0.0023600889500714484,-0.0024845326347471275,0.0033543052202347212,0.007407407407407418,0.0,2026-03-11 12:55:35.945609
0.8311151904543369,0.5085160546389923,0.9536987759446514,0.02338644263489056,0.864447660395562,0.24576599129353635,0.9068825910931174,-0.0023309344904222096,-0.002453765597147939,0.00332089641481903,0.007407407407407418,0.0,2026-03-11 12:55:35.958381
0.8311539343886213,0.5085222133546156,0.9537110933758979,0.023403796770152214,0.8644803472389679,0.2457675783753291,0.906906147229952,-0.002349006157490452,-0.0024727895702012503,0.003340377870908018,0.007407407407407418,0.0,2026-03-11 12:55:35.971158
0.8309633027522936,0.5084695233934398,0.9537110933758979,0.023264240136953517,0.8642719382835101,0.24556302771286168,0.9067914506133806,-0.002367064144265685,-0.0024917991420640995,0.003340377870908018,0.0072059975383238495,0.0,2026-03-11 12:55:35.981266
0.831002063746847,0.5084756788331504,0.9537234042553191,0.023281588029667892,0.8643046517233068,0.24556461262001528,0.9068150208623088,-0.0023851084662760424,-0.0025107943290823,0.0033598424745263644,0.0072059975383238495,0.0,2026-03-11 12:55:35.994685
0.8308115543328748,0.5083488876334356,0.9534698218558894,0.02291174579817731,0.8643046517233068,0.24553196426347665,0.9067003792667508,-0.00202492431300505,-0.0021316298834208602,0.0029469512937922993,0.0072059975383238495,0.0,2026-03-11 12:55:36.006290
0.830850332340133,0.5083550718676386,0.9534821903242956,0.022929148500238628,0.8643373493975903,0.2455335567860844,0.9067239635995955,-0.0019958037736114154,-0.002100910402227818,0.0029135886012895407,0.0072059975383238495,0.0,2026-03-11 12:55:36.017519
0.8308890925756187,0.5083612528149779,0.9534945522189742,0.02294654260724918,0.8643700313177548,0.24553514845196023,0.9067475360121304,-0.0019667170953101554,-0.0020702285213791694,0.002880271926293698,0.0072059975383238495,0.0,2026-03-11 12:55:36.038447
0.8309278350515464,0.5083674304780732,0.9535069075451648,0.022963928125580138,0.8644026974951831,0.24553673926179542,0.9067710965133906,-0.001984877126654072,-0.0020893443438463333,0.002899889726701077,0.0072059975383238495,0.0,2026-03-11 12:55:36.058485
0.8307375171781951,0.5083149155666024,0.9535069075451648,0.022824863000547188,0.8641945581507344,0.24533272033229003,0.9066565618289756,-0.0019558242504192913,-0.0020586994097686606,0.002899889726701077,0.007424666391679047,0.0,2026-03-11 12:55:36.077852
0.8307762766201053,0.5083210899480705,0.953519256308101,0.022842242282189573,0.8642272508425614,0.245334308965666,0.9066801363808561,-0.00192680511736254,-0.0020280919389354946,0.002866618974069146,0.007424666391679047,0.0,2026-03-11 12:55:36.094895
0.8308150183150184,0.5083272610505255,0.9535315985130112,0.022859612988531907,0.8642599277978339,0.24533589674509174,0.9067036990279006,-0.0019449514223033315,-0.0020471921449916053,0.0028862198260527494,0.007424666391679047,0.0,2026-03-11 12:55:36.113156
0.8306248569466698,0.5082749203178655,0.9535315985130112,0.022720938654130992,0.8640519730510106,0.24513238290107023,0.9065892451401161,-0.001963084016397998,-0.0020662779194604575,0.0028862198260527494,0.007224469835059866,0.0,2026-03-11 12:55:36.134776
0.8306636155606407,0.5082810881439189,0.9535439341651182,0.02273830311008397,0.8640846764493625,0.24513396851082908,0.906612821807168,-0.0019812029151797805,-0.0020853492786916394,0.0029058037515666824,0.007224469835059866,0.0,2026-03-11 12:55:36.145869
0.8307023564401739,0.5082872526961794,0.953556263269639,0.022755659004103247,0.8641173641173642,0.2451355532687211,0.9066363865758263,-0.001999308134158828,-0.0021044062390107587,0.0029253707725269695,0.007224469835059866,0.0,2026-03-11 12:55:36.159993
0.8305123513266239,0.5082350852772036,0.953556263269639,0.02261737393728359,0.8639095936523202,0.2449325424237378,0.9065220133720197,-0.001970322685528103,-0.002073833834554062,0.0029253707725269695,0.007441530829199183,0.0,2026-03-11 12:55:36.174442
0.8303224331122799,0.5081085853749392,0.9533032634651101,0.022249127795379547,0.8639095936523202,0.2449000472272533,0.9064076690211906,-0.0025214172664201895,-0.002655420505380812,0.003580851081537717,0.007441530829199183,0.0,2026-03-11 12:55:36.186966
0.83013260173754,0.508056590410241,0.9533032634651101,0.02211131726087322,0.8637019230769231,0.24469756678980253,0.9062933535124228,-0.002539508821083114,-0.0026744735537858055,0.003580851081537717,0.0072425366543013014,0.0,2026-03-11 12:55:36.210535
0.8299428571428571,0.507930157616678,0.9530503978779841,0.021744030534809895,0.8637019230769231,0.24466511137924934,0.9061790668348044,-0.0021803705820419017,-0.002296248554331193,0.0031689948350078767,0.0072425366543013014,0.0,2026-03-11 12:55:36.226724
0.829981718464351,0.5079363827031435,0.9530628480509149,0.02176150857678598,0.8637346791636625,0.24466670946525057,0.9062027231467473,-0.0021511160677676333,-0.002265369485286328,0.0031353416542609924,0.0072425366543013014,0.0,2026-03-11 12:55:36.239818
0.8300205620287868,0.5079426044889267,0.9530752916224814,0.02177897800834507,0.863767419509851,0.2446683066934805,0.9062263675321401,-0.002169322578529642,-0.0022845430085247642,0.003155060962924283,0.0072425366543013014,0.0,2026-03-11 12:55:36.255850
0.8300593878483326,0.5079488229766523,0.9530877285979327,0.02179643883584876,0.8638001441268316,0.24466990306462968,0.90625,-0.0021875153640669165,-0.002303702077542935,0.0031747632721836894,0.0072425366543013014,0.0,2026-03-11 12:55:36.266071
0.830098195935145,0.5079550381689419,0.9531001589825119,0.021813891065654106,0.8638328530259366,0.24467149857938783,0.9062736205593348,-0.0021582947484187764,-0.0022728595093171045,0.0031411563819191413,0.0072425366543013014,0.0,2026-03-11 12:55:36.305303
0.8301369863013699,0.5079612500684144,0.9531125827814569,0.021831334704107985,0.8638655462184874,0.2446730932384441,0.9062972292191437,-0.0021291079725108686,-0.0022420545539794112,0.0031075956866928323,0.0072425366543013014,0.0,2026-03-11 12:55:36.318861
0.8299475005706459,0.5079094267042599,0.9531125827814569,0.021694006482184537,0.8636581853096496,0.2444711343982204,0.9061831003651933,-0.002099954977593521,-0.0022112871427675262,0.0031075956866928323,0.0074580074580073985,0.0,2026-03-11 12:55:36.335614
0.8297581013235965,0.5078577740925406,0.9531125827814569,0.021557057570291194,0.8634509239260859,0.24426967483833642,0.9060690002518257,-0.0021181340534204285,-0.0022304300087205853,0.0031075956866928323,0.007260204864995234,0.0,2026-03-11 12:55:36.349610
0.8297969427332877,0.5078639827018122,0.953125,0.02157449721947662,0.8634836852207294,0.24427126601450586,0.9060926485397784,-0.002136299435028244,-0.0022495584544355296,0.0031272810185206668,0.007260204864995234,0.0,2026-03-11 12:55:36.366160
0.8296076642335767,0.5077378078275734,0.9528726502515223,0.021208628827475814,0.8634836852207294,0.2442389271958013,0.9059786028949025,-0.0017779451137884816,-0.0018722054580295744,0.002716286173490734,0.007260204864995234,0.0,2026-03-11 12:55:36.394620
0.8296465222348917,0.5077440449040356,0.9528851244044468,0.021226122628995356,0.8635164307987527,0.24424052586890632,0.9060022650056625,-0.0017962248567724437,-0.0018914543281551843,0.0027361230071909493,0.007260204864995234,0.0,2026-03-11 12:55:36.419366
0.8296853625170999,0.5077502786795841,0.9528975919555438,0.02124360782851703,0.8635491606714628,0.24424212368547296,0.9060259152094603,-0.0017671055842320982,-0.00186073419923094,0.002702608411820684,0.007260204864995234,0.0,2026-03-11 12:55:36.444400
0.8297241850923183,0.5077565091568387,0.9529100529100529,0.021261084432381103,0.8635818748501558,0.2442437206461896,0.9060495535152812,-0.00178537157270664,-0.001879967995864762,0.002722428174235403,0.007260204864995234,0.0,2026-03-11 12:55:36.470909
0.8297629899726527,0.5077627363384163,0.9529225072732082,0.021278552446926415,0.863614573346117,0.2442453167517438,0.906073179932101,-0.0017562859640651851,-0.0018492846730571166,0.002688959583800443,0.007260204864995234,0.0,2026-03-11 12:55:36.496522
0.8298017771701982,0.5077689602269312,0.952934955050238,0.02129601187848162,0.8636472561706207,0.24424691200282225,0.9060967944688875,-0.001774538213548893,-0.0018685034141445733,0.0027087622969572678,0.007260204864995234,0.0,2026-03-11 12:55:36.544624
0.8298405466970388,0.5077751808249948,0.9529473962463653,0.021313462733373926,0.8636799233349305,0.24424850640011114,0.9061203971345986,-0.0017454862104634428,-0.0018378568310901677,0.002675339616797223,0.007260204864995234,0.0,2026-03-11 12:55:36.565327
0.8298792985652471,0.5077813981352159,0.9529598308668076,0.021330905017919,0.8637125748502994,0.2442500999442958,0.9061439879381831,-0.0017637247364512554,-0.0018570605345480384,0.0026951253026855637,0.007260204864995234,0.0,2026-03-11 12:55:36.583419
0.8299180327868853,0.5077876121602005,0.9529722589167767,0.02134833873842981,0.8637452107279694,0.24425169263606084,0.9061675668885819,-0.0017347062807133717,-0.0018264506250429413,0.0026617484383996137,0.007260204864995234,0.0,2026-03-11 12:55:36.601529
0.8299567493740041,0.5077938229025517,0.9529846804014791,0.021365763901210894,0.8637778309791716,0.24425328447609018,0.9061911339947255,-0.0017057213142492866,-0.0017958779086233445,0.00262841729584562,0.007260204864995234,0.0,2026-03-11 12:55:36.619777
0.8299954483386436,0.50780003036487,0.9529970953261157,0.02138318051256401,0.8638104356151268,0.2442548754650669,0.9062146892655367,-0.001676769779119125,-0.0017653423175425509,0.002595131781139015,0.007260204864995234,0.0,2026-03-11 12:55:36.659814
0.8300341296928327,0.507806234549753,0.9530095036958818,0.021400588578781233,0.8638430246470448,0.24425646560367348,0.9062382327099284,-0.0016478516175164604,-0.0017348437842179543,0.0025618918006523606,0.007260204864995234,0.0,2026-03-11 12:55:36.678296
0.8300727934485896,0.5078124354597958,0.9530219055159673,0.021417988106150553,0.8638755980861244,0.2442580548925916,0.9062617643368052,-0.0016189667717682044,-0.0017043822412308174,0.0025286972610137903,0.007260204864995234,0.0,2026-03-11 12:55:36.696956
0.8301114396179213,0.5078186330975906,0.9530343007915567,0.02143537910095273,0.8639081559435542,0.24425964333250216,0.906285284155062,-0.0016371915897318567,-0.0017235685868857153,0.0025484659415855315,0.007260204864995234,0.0,2026-03-11 12:55:36.715641
0.830150068212824,0.5078248274657268,0.9530466895278291,0.021452761569460656,0.8639406982305117,0.2442612309240855,0.906308792173586,-0.0016083400022975924,-0.0016931433842368726,0.002515316749678864,0.007260204864995234,0.0,2026-03-11 12:55:36.737393
0.8301886792452831,0.5078310185667911,0.9530590717299579,0.021470135517947492,0.863973224958164,0.24426281766802108,0.9063322884012539,-0.0015795216157694636,-0.0016627550382841694,0.0024822128126416043,0.007260204864995234,0.0,2026-03-11 12:55:36.775492
0.8302272727272727,0.5078372064033677,0.953071447403111,0.02148750095267093,0.8640057361376673,0.24426440356498766,0.9063557728469348,-0.0015507363728717305,-0.0016324034820969224,0.0024491540378649423,0.007260204864995234,0.0,2026-03-11 12:55:36.808047
0.8302658486707567,0.5078433909780378,0.9530838165524512,0.021504857879892078,0.8640382317801673,0.24426598861566334,0.9063792455194887,-0.001568947498259976,-0.001651573667962536,0.0024689057350342214,0.007260204864995234,0.0,2026-03-11 12:55:36.835548
0.8303044070876874,0.50784957229338,0.9530961791831357,0.0215222063058565,0.8640707118967988,0.24426757282072545,0.906402706427766,-0.0015871449464981424,-0.0016707294563924613,0.002488640470677206,0.007260204864995234,0.0,2026-03-11 12:55:39.171536
0.8303429479900069,0.5078557503519703,0.9531085353003161,0.02153954623681189,0.8641031764986864,0.24426915618085057,0.9064261555806088,-0.0016053287329883537,-0.0016898708635997295,0.002508358266633093,0.007260204864995234,0.0,2026-03-11 12:55:39.179295
0.8303814713896458,0.5078619251563816,0.9531208849091388,0.021556877678994765,0.8641356255969437,0.24427073869671467,0.9064495929868503,-0.0016234988731097522,-0.0017089979057736127,0.0025280591447029988,0.007260204864995234,0.0,2026-03-11 12:55:39.190951
0.8304199772985245,0.5078680967091845,0.9531332280147446,0.021574200638638696,0.8641680592026737,0.24427232036899288,0.9064730186553149,-0.0015947467166980145,-0.0016786807544189042,0.002495045439830701,0.007260204864995234,0.0,2026-03-11 12:55:39.199225
0.830458465728552,0.5078742650129467,0.9531455646222691,0.021591515121967945,0.8642004773269689,0.24427390119835957,0.9064964325948178,-0.0015660275897594333,-0.001648400262255878,0.002462076712757888,0.007260204864995234,0.0,2026-03-11 12:55:39.207550
0.8304969366916269,0.5078804300702332,0.9531578947368421,0.02160882113520378,0.8642328799809115,0.24427548118548853,0.906519834814166,-0.0015373414354120651,-0.001618156362832579,0.002429152871630702,0.007260204864995234,0.0,2026-03-11 12:55:39.215955
0.8305353901996371,0.5078865918836064,0.9531702183635885,0.021626118684557504,0.8642652671755725,0.2442770603310528,0.9065432253221568,-0.0015554979445205896,-0.0016372673228730594,0.002448836853578884,0.007260204864995234,0.0,2026-03-11 12:55:39.224471
0.8303470174642776,0.5078351091817943,0.9531702183635885,0.021489692495757582,0.8640591461960411,0.24407609192160604,0.906429822366775,-0.001526844706013053,-0.0016070593735391103,0.002448836853578884,0.007474102889112211,0.0,2026-03-11 12:55:39.226987
0.8303854875283446,0.5078412677538138,0.9531825355076275,0.02150698389645965,0.8640915593705293,0.24407766892779587,0.9064532266133067,-0.0015449875994416606,-0.0016261554262240185,0.0024685039611318516,0.007474102889112211,0.0,2026-03-11 12:55:39.235623
0.830423940149626,0.5078474230870366,0.9531948461740731,0.021524266846342333,0.8641239570917759,0.2440792450944561,0.9064766191547886,-0.001563116892500438,-0.0016452371640267582,0.0024881542159791437,0.007474102889112211,0.0,2026-03-11 12:55:39.244343
0.8302357207615594,0.5077961094581367,0.9531948461740731,0.02138822060570708,0.8639180171591992,0.24387876929463942,0.9063632954119265,-0.0015812326004762678,-0.0016643046030375697,0.0024881542159791437,0.0072774812071031425,0.0,2026-03-11 12:55:39.253299
0.8300475866757308,0.5077449640706431,0.9531948461740731,0.02125254833632841,0.8637121753633548,0.24367878667036036,0.90625,-0.0015526122211871884,-0.0016341313903140975,0.0024881542159791437,0.007489823609226565,0.0,2026-03-11 12:55:39.262183
0.8300860897145447,0.5077511161676234,0.9532071503680336,0.021269827379256014,0.863744640304907,0.24368035941353644,0.9062734316420895,-0.0015240246446249772,-0.001603994574710832,0.002455275169193638,0.007489823609226565,0.0,2026-03-11 12:55:39.271006
0.8301245753114382,0.5077572650309128,0.9532194480946123,0.021287097985085088,0.8637770897832817,0.24368193131989807,0.9062968515742129,-0.001542126782782205,-0.0016230465838087405,0.0024749085929874903,0.007489823609226565,0.0,2026-03-11 12:55:39.278084
0.8301630434782609,0.5077634106630601,0.953231739358907,0.021304360159995175,0.8638095238095238,0.24368350239011308,0.9063202598051462,-0.0015602153663619722,-0.0016420843270819052,0.002494525207343168,0.007489823609226565,0.0,2026-03-11 12:55:39.286070
0.8302014942268509,0.5077695530666115,0.95324402416601,0.021321613910158282,0.8638419423946679,0.24368507262484848,0.9063436563436564,-0.001531660536164825,-0.0016119826980975915,0.00246169086354453,0.007489823609226565,0.0,2026-03-11 12:55:39.295135
0.8302399275690358,0.5077756922441108,0.9532563025210085,0.021338859241738905,0.8638743455497382,0.24368664202477067,0.9063670411985019,-0.001549735580385625,-0.0016310056198634015,0.0024812906900403275,0.007489823609226565,0.0,2026-03-11 12:55:39.304252
0.8302783435166328,0.5077818281980986,0.9532685744289839,0.021356096160899056,0.8639067332857483,0.2436882105905453,0.9063904143784324,-0.0015212134403201905,-0.001600939686891234,0.0024485009581217687,0.007489823609226565,0.0,2026-03-11 12:55:39.313443
0.830316742081448,0.5077879609311131,0.9532808398950131,0.021373324673791275,0.8639391056137012,0.24368977832283736,0.9064137758921886,-0.0015392749603777567,-0.0016199478046867721,0.0024680840182987884,0.007489823609226565,0.0,2026-03-11 12:55:39.322700
0.830355123275277,0.50779409044569,0.9532930989241669,0.021390544786564315,0.8639714625445898,0.24369134522231103,0.9064371257485031,-0.0015107854543400245,-0.0015899175040254843,0.0024353388074010995,0.007489823609226565,0.0,2026-03-11 12:55:39.332022
0.830393487109905,0.507800216744362,0.953305351521511,0.02140775650535937,0.8640038040893961,0.2436929112896299,0.9064604639560988,-0.00152883346540722,-0.0016089108353594117,0.0024549051227640284,0.007489823609226565,0.0,2026-03-11 12:55:39.347474
0.830431833597106,0.5078063398296595,0.953317597692106,0.02142495983631312,0.864036130259092,0.24369447652545684,0.9064837905236908,-0.00154686798263437,-0.0016278899660715496,0.002474454714780583,0.007489823609226565,0.0,2026-03-11 12:55:39.356941
0.830244122965642,0.5077553618575096,0.953317597692106,0.021289682492924383,0.8638307984790875,0.24349497221323907,0.9063707767111332,-0.0015184110546480056,-0.0015978946658119497,0.002474454714780583,0.0077006272982911295,0.0,2026-03-11 12:55:39.366595
0.8302824858757062,0.50776148173196,0.9533298374410069,0.02130687967656255,0.8638631503920171,0.24349653533751142,0.9063941169138726,-0.0015364320931627873,-0.0016168590438878638,0.002493987604881509,0.0077006272982911295,0.0,2026-03-11 12:55:39.376250
0.8303208314505196,0.5077675983980883,0.9533420707732634,0.021324068485284984,0.8638954869358669,0.24349809763229496,0.9064174454828658,-0.0015544396680701178,-0.001635809253582865,0.0025135038144615818,0.0077006272982911295,0.0,2026-03-11 12:55:39.574684
0.8303591597018297,0.5077737118584168,0.9533542976939203,0.021341248925210114,0.8639278081215863,0.24349965909825,0.9064407624268095,-0.0015260152622872392,-0.0016058488929662218,0.0024808030339722453,0.0077006272982911295,0.0,2026-03-11 12:55:39.575890
0.830397470641373,0.507779822115465,0.9533665182080168,0.021358421002447413,0.863960113960114,0.24350121973603583,0.9064640677543903,-0.0015440093886696094,-0.0016247843837473575,0.002500302584389158,0.0077006272982911295,0.0,2026-03-11 12:55:39.579750
0.8304357642808761,0.5077859291717499,0.9533787323205867,0.021375584723100624,0.8639924044623783,0.24350277954631142,0.9064873614742871,-0.0015619900815869725,-0.0016437057382905351,0.0025197854969644107,0.0077006272982911295,0.0,2026-03-11 12:55:39.581031
0.8304740406320542,0.507792033029786,0.9533909400366588,0.02139274009326825,0.8640246796392976,0.24350433852973472,0.9065106435951701,-0.0015335981422869294,-0.0016137802566973392,0.0024871290565164905,0.0077006272982911295,0.0,2026-03-11 12:55:39.591414
0.8305122997066126,0.5077981336920849,0.9534031413612566,0.021409887119042976,0.8640569395017793,0.24350589668696326,0.9065339141257001,-0.001505238613876636,-0.001583890721628789,0.0024545168659877437,0.0077006272982911295,0.0,2026-03-11 12:55:39.592761
0.8305505415162455,0.5078042311611556,0.953415336299398,0.021427025806512266,0.8640891840607211,0.2435074540186536,0.9065571730745303,-0.001523205888366408,-0.0016027968266774106,0.002473983162006421,0.0077006272982911295,0.0,2026-03-11 12:55:39.597222
0.830588766072637,0.5078103254395048,0.9534275248560963,0.021444156161755816,0.8641214133270098,0.24350901052546176,0.9065804204503048,-0.001494878715379122,-0.0015729426098796129,0.0024414151315190757,0.0077006272982911295,0.0,2026-03-11 12:55:39.598689
0.8306269733874605,0.507816416529636,0.9534397070363588,0.02146127819084873,0.864153627311522,0.24351056620804315,0.906603656261659,-0.001512832586456403,-0.001591834048054075,0.0024608648322299587,0.0077006272982911295,0.0,2026-03-11 12:55:39.606303
0.8306651634723788,0.5078225044340507,0.9534518828451883,0.021478391899860793,0.8641858260251244,0.2435121210670523,0.90662688051722,-0.0014845377135525029,-0.0015620150867252658,0.0024283408721492705,0.0077006272982911295,0.0,2026-03-11 12:55:39.607891
0.8307033363390441,0.5078285891552474,0.9534640522875817,0.021495497294852093,0.864218009478673,0.2435136751031431,0.906650093225606,-0.0015024781962099665,-0.0015808918753164036,0.002447773998765057,0.0077006272982911295,0.0,2026-03-11 12:55:39.615570
0.8307414919990985,0.5078346706957222,0.9534762153685311,0.021512594381882476,0.8642501776830135,0.24351522831696876,0.9066732943954269,-0.0014742155681753966,-0.0015511081068031451,0.002415294019698644,0.0077006272982911295,0.0,2026-03-11 12:55:39.695171
0.830779630464173,0.5078407490579683,0.9534883720930233,0.02152968316700326,0.8642823306489815,0.24351678070918195,0.9066964840352838,-0.0014921426773831792,-0.0015699702630740386,0.002434710593395617,0.0077006272982911295,0.0,2026-03-11 12:55:39.696361
0.8308177517458887,0.5078468242444765,0.9535005224660397,0.02154676365625794,0.8643144683874023,0.24351833228043435,0.9067196621537698,-0.0015100564280892126,-0.0015888183640866416,0.0024541106353141995,0.0077006272982911295,0.0,2026-03-11 12:55:39.697716
0.8308558558558559,0.507852896257735,0.9535126664925568,0.02156383585568715,0.8643465909090909,0.2435198830313772,0.9067428287594685,-0.0015279568352194461,-0.0016076524255457247,0.0024734941665587318,0.0077006272982911295,0.0,2026-03-11 12:55:39.705010
0.8306687682954289,0.5078020848802653,0.9535126664925568,0.021428964909381468,0.8641420118343195,0.24332084753998587,0.9066302458405762,-0.0015458439136771807,-0.001626472463131634,0.0024734941665587318,0.007505175983436807,0.0,2026-03-11 12:55:39.706350
0.8307068887888338,0.5078081537227598,0.9535248041775457,0.02144603104295972,0.8641741599621391,0.2433223962044682,0.9066534260178749,-0.0015637176783437345,-0.0016452784925018449,0.0024928612081979162,0.007505175983436807,0.0,2026-03-11 12:55:39.713720
0.8307449921224398,0.507814219396973,0.9535369355259723,0.021463088899433037,0.8642062928791104,0.2433239440506106,0.9066765946885083,-0.0015354872400904496,-0.0016155276174947275,0.002460425120995091,0.007505175983436807,0.0,2026-03-11 12:55:39.715280
0.8307830783078308,0.5078202819053856,0.9535490605427975,0.02148013848481886,0.8642384105960265,0.24332549107906165,0.9066997518610422,-0.0015533477058249368,-0.0016343190961225496,0.002479775694061437,0.007505175983436807,0.0,2026-03-11 12:55:39.722833
0.8308211473565804,0.5078263412504753,0.9535611792329768,0.0214971798051336,0.8642705131236699,0.24332703729046914,0.9067228975440337,-0.0015251494023904577,-0.0016046032934131649,0.0024473834098123204,0.007505175983436807,0.0,2026-03-11 12:55:39.724424
0.8308591992802519,0.5078323974347172,0.9535732916014606,0.02151421286638448,0.8643026004728133,0.2433285826854804,0.9067460317460317,-0.0014969831789370946,-0.0015749230571941997,0.0024150348398468413,0.007505175983436807,0.0,2026-03-11 12:55:39.732031
0.8308972340903981,0.5078384504605841,0.9535853976531943,0.02153123767457452,0.8643346726542188,0.24333012726474185,0.9067691544755764,-0.0015148303605765356,-0.0015936994457770304,0.002434368965337219,0.007505175983436807,0.0,2026-03-11 12:55:39.733678
0.8309352517985612,0.5078445003305458,0.9535974973931178,0.02154825423570249,0.8643667296786389,0.24333167102889927,0.9067922657411998,-0.0015326642729359685,-0.0016124618742199281,0.002453686664212973,0.007505175983436807,0.0,2026-03-11 12:55:39.751336
0.8309732524162733,0.50785054704707,0.9536095908261663,0.021565262555754774,0.8643987715568155,0.24333321397859792,0.9068153655514252,-0.001550484930808338,-0.0016312103580855553,0.002472987957399586,0.007505175983436807,0.0,2026-03-11 12:55:39.759618
0.8310112359550562,0.5078565906126216,0.9536216779572694,0.021582262640722334,0.8644307982994804,0.24333475611448216,0.9068384539147671,-0.0015682923489646061,-0.0016499449129143695,0.0024922728657872373,0.007505175983436807,0.0,2026-03-11 12:55:39.767953
0.831049202426421,0.5078626310296629,0.9536337587913519,0.02159925449658048,0.8644628099173554,0.2433362974371958,0.9068615308397324,-0.001586086542153864,-0.001668665554222848,0.0025115414102305778,0.007505175983436807,0.0,2026-03-11 12:55:39.776368
0.8308625336927223,0.507811985431565,0.9536337587913519,0.02146477472144496,0.8642587346553352,0.2431377365739075,0.9067492260061919,-0.001557952343968827,-0.0016390180460772452,0.0025115414102305778,0.007714457624204862,0.0,2026-03-11 12:55:39.778903
0.8309005165057265,0.5078180227025557,0.9536458333333333,0.021481760551851387,0.8642907717724805,0.2431392758270472,0.9067723164541289,-0.0015298501164635603,-0.001609405980260492,0.00247923646611814,0.007714457624204862,0.0,2026-03-11 12:55:39.787694
0.8309384822631343,0.5078240568299531,0.9536579015881281,0.021498738165744758,0.8643227937706466,0.24314081426896428,0.9067953954697364,-0.0015017798051735198,-0.0015798292932560631,0.00244697505966629,0.007714457624204862,0.0,2026-03-11 12:55:39.796343
0.8309764309764309,0.5078300878162119,0.9536699635606455,0.02151570756908639,0.8643548006605332,0.24314235190030004,0.9068184630615023,-0.0015195607881227646,-0.001598534377469596,0.002466227260984555,0.007714457624204862,0.0,2026-03-11 12:55:39.805023
0.8310143626570916,0.507836115663784,0.9536820192557898,0.021532668767832042,0.8643867924528302,0.24314388872169504,0.9068415192379067,-0.0015373285755374555,-0.0016172255803592606,0.0024854631399617855,0.007714457624204862,0.0,2026-03-11 12:55:39.813822
0.8310522773165807,0.5078421403751191,0.95369406867846,0.021549621767928042,0.8644187691582174,0.24314542473378908,0.9068645640074211,-0.0015092901261216651,-0.0015876831058068142,0.0024532451832155466,0.007714457624204862,0.0,2026-03-11 12:55:39.822653
0.8310901749663526,0.5078481619526641,0.95370611183355,0.02156656657531954,0.8644507307873645,0.24314695993722135,0.9068875973785087,-0.0014812834843627165,-0.0015581758848040028,0.002421070588456753,0.007714457624204862,0.0,2026-03-11 12:55:39.831592
0.8309037900874635,0.5077976813239411,0.95370611183355,0.021432467469718875,0.8642469950506717,0.24294887684125682,0.9067754698318496,-0.00145330859616577,-0.0015287038542852738,0.002421070588456753,0.007922233641658116,0.0,2026-03-11 12:55:39.840727
0.8307174887892377,0.5077473648598645,0.95370611183355,0.02129873451569212,0.864043355325165,0.242751277071402,0.9066633700086538,-0.0014710632027291615,-0.001547379540616678,0.002421070588456753,0.007727942275259969,0.0,2026-03-11 12:55:39.849770
0.8305312710154674,0.5076972117609309,0.95370611183355,0.02116536639732567,0.8638398115429917,0.2425541586653089,0.9065512978986402,-0.001488804643103081,-0.0015660413777185411,0.002421070588456753,0.007534800561917354,0.0,2026-03-11 12:55:39.858837
0.8305692514567459,0.5077032302071304,0.9537181487259491,0.021182309463675088,0.8638718794159209,0.24255568931980537,0.9065743944636678,-0.0015065329319273735,-0.0015846893809898788,0.0024402901658415743,0.007534800561917354,0.0,2026-03-11 12:55:39.864645
0.8306072148778848,0.5077092455244262,0.9537301793605407,0.021199244351199357,0.8639039321874264,0.2425572191688848,0.9065974796145293,-0.0014785897433204909,-0.001555250832515398,0.002408158845588315,0.007534800561917354,0.0,2026-03-11 12:55:39.873793
0.8306451612903226,0.5077152577152577,0.9537422037422038,0.021216171065820726,0.8639359698681732,0.24255874821318302,0.9066205533596837,-0.0014963048952135738,-0.0015738844696375764,0.0024273621420943803,0.007534800561917354,0.0,2026-03-11 12:55:39.891643
0.8304591265397536,0.5076652671871472,0.9537422037422038,0.021083172763214832,0.8637326429748176,0.24236210549888718,0.9065085834259603,-0.0015140069247717713,-0.0015925043040656561,0.0024273621420943803,0.007342798327709565,0.0,2026-03-11 12:55:39.910901
0.8304970891177788,0.5076712762539514,0.9537542218758119,0.02110009340885574,0.863764705882353,0.24236363250009263,0.9065316705766144,-0.0015316958465703134,-0.0016111103511302627,0.002446549178400259,0.007342798327709565,0.0,2026-03-11 12:55:39.928259
0.8305350346989031,0.5076772821991623,0.9537662337662338,0.02111700589410723,0.8637967537050106,0.2423651586984375,0.9065547463276139,-0.0015493716751624476,-0.0016297026261393732,0.0024657199751493275,0.007342798327709565,0.0,2026-03-11 12:55:39.945512
0.8305729632945389,0.5076832850252119,0.953778239418333,0.021133910224871214,0.8638287864534336,0.2423666840945548,0.9065778106873996,-0.001567034425080105,-0.0016482811443780943,0.0024848745529502114,0.007342798327709565,0.0,2026-03-11 12:55:39.956828
0.8306108749160886,0.5076892847345292,0.9537902388369678,0.021150806407045895,0.8638608041382554,0.24236820868907705,0.9066008636644047,-0.0015846841108335674,-0.0016668459211091058,0.0025040129323765647,0.007342798327709565,0.0,2026-03-11 12:55:39.983624
0.830648769574944,0.5076952813295413,0.953802232026992,0.02116769444651804,0.8638928067700987,0.242369732482636,0.9066239052670532,-0.0016023207469119116,-0.0016853969715731054,0.0025231351339675134,0.007342798327709565,0.0,2026-03-11 12:55:40.011199
0.8306866472824871,0.5077012748126722,0.9538142189932538,0.021184574349173167,0.8639247943595769,0.24237125547586277,0.9066469355037612,-0.0015744092040452795,-0.0016559896690553355,0.0024910470009725794,0.007342798327709565,0.0,2026-03-11 12:55:40.023062
0.8307245080500895,0.5077072651863437,0.9538261997405967,0.02120144612089357,0.8639567669172933,0.24237277766938786,0.9066699543829368,-0.0015465292531908759,-0.0016266173752310653,0.002459001968223462,0.007342798327709565,0.0,2026-03-11 12:55:40.041059
0.8307623518891124,0.5077132524529748,0.953838174273859,0.02121830976755074,0.8639887244538408,0.242374299063841,0.9066929619129792,-0.001564152854061307,-0.0016451536268609068,0.002478108012483049,0.007342798327709565,0.0,2026-03-11 12:55:40.064264
0.8308001788109075,0.5077192366149824,0.953850142597874,0.021235165295012345,0.8640206669798027,0.24237581965985136,0.9067159581022798,-0.001581763434170269,-0.0016636761834398772,0.0024971979198809002,0.007342798327709565,0.0,2026-03-11 12:55:40.093055
0.8308379888268156,0.5077252176747805,0.9538621047174702,0.021252012709140206,0.8640525945057526,0.2423773394580474,0.9067389429592214,-0.0015993610079423348,-0.0016821850601393962,0.0025162717108521138,0.007342798327709565,0.0,2026-03-11 12:55:40.110848
0.830875781948168,0.5077311956347808,0.9538740606374708,0.021268852015792955,0.8640845070422535,0.2423788584590569,0.9067619164921789,-0.001571512595493929,-0.001652846084969184,0.002484269691569785,0.007342798327709565,0.0,2026-03-11 12:55:40.126654
0.8309135581862854,0.5077371704973925,0.9538860103626943,0.02128568322081766,0.8641164045998592,0.24238037666350712,0.9067848787095184,-0.001543695667966305,-0.0016235419956196484,0.0024523105992080296,0.007342798327709565,0.0,2026-03-11 12:55:40.151421
0.8307280035730237,0.5076873417509264,0.9538860103626943,0.021153071970968385,0.8639136555607696,0.24218419664215857,0.9066732331937946,-0.0015612802498048417,-0.0016420361247948545,0.0024523105992080296,0.007151925518408819,0.0,2026-03-11 12:55:40.170088
0.8307657959365929,0.5076933135185562,0.9538979538979538,0.021169897160452922,0.8639455782312925,0.24218571282250204,0.9066962087641556,-0.0015334947538336863,-0.0016127663186487062,0.002420394347452559,0.007151925518408819,0.0,2026-03-11 12:55:40.198875
0.8308035714285714,0.5076992821936083,0.953909891248058,0.02118671426067934,0.8639774859287055,0.24218722820818223,0.9067191730248586,-0.0015057406361753678,-0.0015835312747425334,0.0023885208502206767,0.007151925518408819,0.0,2026-03-11 12:55:40.223861
0.8308413300602544,0.5077052477784842,0.95392182241781,0.02120352327748039,0.8640093786635404,0.24218874279982375,0.906742125984252,-0.0014780178437062697,-0.0015543309311853992,0.002356690021659724,0.007151925518408819,0.0,2026-03-11 12:55:40.242943
0.8308790718429273,0.5077112102755834,0.9539337474120083,0.021220324216684867,0.8640412564463197,0.24219025659805068,0.9067650676506764,-0.0014955894479937726,-0.0015728097933798146,0.00237574771660487,0.007151925518408819,0.0,2026-03-11 12:55:40.268279
0.8309167967878652,0.5077171696873024,0.9539456662354463,0.02123711708411,0.8640731192875557,0.24219176960348632,0.9067879980324642,-0.0015131480890910876,-0.001591275023067995,0.0023947893358898797,0.007151925518408819,0.0,2026-03-11 12:55:40.288004
0.8309545049063336,0.5077231260160355,0.9539575788929125,0.021253901885575337,0.8641049671977507,0.24219328181675345,0.9068109171379395,-0.0015306937813379662,-0.0016097266353298778,0.0024138148998467113,0.007151925518408819,0.0,2026-03-11 12:55:40.323819
0.8309921962095875,0.5077290792641745,0.9539694853891906,0.021270678626889455,0.8641368001873975,0.24219479323847412,0.906833824975418,-0.0015030022610543758,-0.0015805593172297794,0.0023820266543339574,0.007151925518408819,0.0,2026-03-11 12:55:40.349543
0.831029870708872,0.5077350294341088,0.953981385729059,0.021287447313855613,0.8641686182669789,0.24219630386926977,0.9068567215532072,-0.0014753419600721518,-0.0015514265780485204,0.00235028090647571,0.007151925518408819,0.0,2026-03-11 12:55:40.369369
0.8310675284154223,0.5077409765282249,0.9539932799172913,0.021304207952274296,0.864200421446968,0.24219781370976107,0.9068796068796069,-0.0014928747177874735,-0.0015698635147332052,0.002369290435401905,0.007151925518408819,0.0,2026-03-11 12:55:40.395325
0.8308823529411765,0.5076913087793242,0.9539932799172913,0.021171975752226155,0.8639981273408239,0.24200209827277985,0.9067682102935757,-0.0014652455833416012,-0.0015407647573646432,0.002369290435401905,0.007358212102045125,0.0,2026-03-11 12:55:41.700322
0.8309200267320116,0.5076972528000067,0.9540051679586563,0.0211887304084827,0.8640299555347531,0.24200360610415178,0.9067911089279136,-0.0014376475627858598,-0.0015117004567837267,0.002337587100032401,0.007358212102045125,0.0,2026-03-11 12:55:41.701694
0.8309576837416481,0.5077031937496375,0.9540170498579178,0.02120547702845255,0.8640617688348151,0.24200511314709663,0.9068139963167586,-0.0014551674002669657,-0.0015301227370481119,0.002356580614191084,0.007358212102045125,0.0,2026-03-11 12:55:41.703084
0.8309953239812959,0.5077091316305958,0.9540289256198347,0.021222215617917824,0.864093567251462,0.24200661940223273,0.9068368724683933,-0.0014726743317904356,-0.0015485314465717437,0.0023755581338115173,0.007358212102045125,0.0,2026-03-11 12:55:41.710563
0.831032947462155,0.507715066445259,0.9540407952491609,0.021238946182650875,0.8641253507951356,0.24200812487017764,0.906859737391091,-0.0014901683716116443,-0.0015669266003448534,0.00239451967908888,0.007358212102045125,0.0,2026-03-11 12:55:41.712078
0.8310705541954151,0.5077209981960012,0.9540526587506454,0.02125566872842307,0.8641571194762684,0.24200962955154848,0.9068825910931175,-0.001462601412418274,-0.00153789509459612,0.0023628586712699517,0.007358212102045125,0.0,2026-03-11 12:55:41.719694
0.8311081441922563,0.5077269268851946,0.9540645161290322,0.02127238326099659,0.8641888733052828,0.2420111334469616,0.9069054335827302,-0.0014350654621779757,-0.0015088979253414792,0.002331239906290028,0.007358212102045125,0.0,2026-03-11 12:55:41.727348
0.8311457174638487,0.5077328525152089,0.9540763673890609,0.021289089786131355,0.8642206122925917,0.24201263655703278,0.906928264868179,-0.0014525466245316476,-0.001527278473339555,0.0023501854973853042,0.007358212102045125,0.0,2026-03-11 12:55:41.738960
0.8311832740213523,0.5077387750884114,0.9540882125354656,0.021305788309578685,0.8642523364485981,0.24201413888237705,0.906951084957705,-0.001470014923631191,-0.0015456454962841093,0.0023691151544259492,0.007358212102045125,0.0,2026-03-11 12:55:41.747163
0.8312208138759173,0.5077446946071664,0.9541000515729757,0.021322478837086975,0.8642840457836954,0.2420156404236089,0.9069738938595415,-0.0014425099300522382,-0.0015166815399307865,0.0023375385477992783,0.007358212102045125,0.0,2026-03-11 12:55:41.755450
0.8312583370386839,0.5077506110738366,0.954111884506316,0.021339161374397876,0.8643157403082672,0.24201714118134204,0.906996691581914,-0.0014599653800903,-0.0015350345219744543,0.0023564522908785523,0.007358212102045125,0.0,2026-03-11 12:55:41.763803
0.8312958435207825,0.5077565244907817,0.9541237113402062,0.021355835927248195,0.8643474200326874,0.24201864115618985,0.9070194781330394,-0.0014324912909984278,-0.0015061042516109069,0.0023249177583446468,0.007358212102045125,0.0,2026-03-11 12:55:41.772282
0.8313333333333334,0.507762434860359,0.954135532079361,0.021372502501367335,0.8643790849673203,0.24202014034876462,0.9070422535211268,-0.001449933906146672,-0.0015244432090615323,0.0023438156075221706,0.007358212102045125,0.0,2026-03-11 12:55:41.774727
0.8313708064874472,0.5077683421849237,0.9541473467284904,0.021389161102481073,0.8644107351225204,0.24202163875967836,0.9070650177543773,-0.001422490669485077,-0.0014955465657338074,0.00231232306504503,0.007358212102045125,0.0,2026-03-11 12:55:41.783300
0.8314082629942248,0.5077742464668284,0.9541591552922998,0.02140581173630966,0.8644423705086327,0.2420231363895423,0.9070877708409841,-0.0014399204638946284,-0.0015138715148739212,0.0023312050403466733,0.007358212102045125,0.0,2026-03-11 12:55:41.791920
0.8314457028647568,0.5077801477084232,0.9541709577754892,0.021422454408567784,0.8644739911359925,0.24202463323896703,0.9071105127891324,-0.0014573374516954063,-0.0015321829996868264,0.0023500711617647774,0.007358212102045125,0.0,2026-03-11 12:55:41.800614
0.8312611012433393,0.5077306401780672,0.9541709577754892,0.02129061181917211,0.8642723880597015,0.24182937331751675,0.9069995105237396,-0.0014747416469970132,-0.0015504810350068787,0.0023500711617647774,0.007168458781362075,0.0,2026-03-11 12:55:41.809392
0.8312985571587126,0.5077365383816997,0.9541827541827542,0.021307248580755545,0.8643040335742598,0.24183086818011768,0.9070222657205775,-0.001492133063887846,-0.0015687656356460078,0.0023689214492580435,0.007168458781362075,0.0,2026-03-11 12:55:41.818253
0.8313359964491789,0.5077424335497153,0.9541945445187854,0.02132387739284936,0.8643356643356643,0.24183236226412738,0.9070450097847358,-0.001509511716435985,-0.0015870368163946047,0.0023877559227518663,0.007168458781362075,0.0,2026-03-11 12:55:41.827184
0.8313734191258043,0.5077483256844569,0.9542063287882686,0.021340498261148838,0.8643672803542298,0.24183385557015405,0.9070677427243825,-0.00152687761868886,-0.0016052945920217443,0.0024065746021377787,0.007168458781362075,0.0,2026-03-11 12:55:41.836191
0.831410825199645,0.507754214788265,0.9542181069958847,0.021357111191345535,0.8643988816402609,0.24183534809880533,0.9070904645476772,-0.0015442307846731396,-0.001623538977274519,0.002425377507274562,0.007168458781362075,0.0,2026-03-11 12:55:41.845244
0.8314482146817476,0.5077601008634777,0.9542298791463101,0.02137371618912477,0.8644304682040531,0.24183683985068813,0.907113175262772,-0.0015615712283949534,-0.0016417699868780389,0.0024441646579871357,0.007168458781362075,0.0,2026-03-11 12:55:41.854429
0.8314855875831486,0.5077659839124306,0.954241645244216,0.021390313260166858,0.8644620400558919,0.24183833082640882,0.9071358748778103,-0.0015341587922234057,-0.001612903225806539,0.0024127140217540255,0.007168458781362075,0.0,2026-03-11 12:55:41.863643
0.8315229439148748,0.507771863937457,0.9542534052942688,0.021406902410146433,0.8644935972060536,0.241839821026573,0.9071585634009285,-0.0015514865276683443,-0.001631120349442572,0.0024314854378345574,0.007168458781362075,0.0,2026-03-11 12:55:41.872901
0.8315602836879432,0.5077777409408879,0.9542651593011305,0.02142348364473184,0.8645251396648045,0.24184131045178578,0.9071812408402541,-0.00156880156880157,-0.0016493241272002024,0.0024502411390419088,0.007168458781362075,0.0,2026-03-11 12:55:41.882284
0.8315976069133614,0.5077836149250516,0.954276907269458,0.02144005696958704,0.8645566674424017,0.2418427991026516,0.9072039072039072,-0.001586103929567928,-0.0016675145737403696,0.002468981145101745,0.007168458781362075,0.0,2026-03-11 12:55:41.891736
0.8316349136021267,0.5077894858922744,0.9542886492039034,0.02145662239037214,0.8645881805490926,0.24184428697977417,0.9072265624999999,-0.001558722242062771,-0.0016386802816026336,0.0024375723315231967,0.007168458781362075,0.0,2026-03-11 12:55:41.907318
0.831672203765227,0.5077953538448797,0.9543003851091143,0.021473179912738376,0.8646196789951152,0.2418457740837568,0.9072492067366367,-0.0015760119363863456,-0.0016568568883117418,0.002456296662128321,0.007168458781362075,0.0,2026-03-11 12:55:41.916917
0.8317094774136404,0.5078012187851891,0.954312114989733,0.02148972954233507,0.8646511627906976,0.2418472604152019,0.907271839921913,-0.0015932889781710147,-0.0016750201934427889,0.0024750053369386738,0.007168458781362075,0.0,2026-03-11 12:55:41.926617
0.8317467345583351,0.5078070807155215,0.9543238388503977,0.02150627128480132,0.8646826319460591,0.24184874597471145,0.9072944620639181,-0.0016105533813004502,-0.0016931702115912106,0.0024936983755812214,0.007168458781362075,0.0,2026-03-11 12:55:42.127744
0.83178397521027,0.5078129396381933,0.9543355566957414,0.021522805145776203,0.8647140864714087,0.24185023076288673,0.9073170731707317,-0.0016278051596378962,-0.001711306957331571,0.0025123757976501793,0.007168458781362075,0.0,2026-03-11 12:55:42.135200
0.8318211993803939,0.5078187955555188,0.9543472685303924,0.021539331130891706,0.8647455263769463,0.24185171478032844,0.9073396732504267,-0.0016450443270261683,-0.001729430445216673,0.0025310376227069,0.007168458781362075,0.0,2026-03-11 12:55:42.136956
0.831858407079646,0.5078246484698098,0.9543589743589743,0.021555849245773393,0.8647769516728625,0.24185319802763658,0.9073622623110679,-0.0016176933364802082,-0.001700627526388221,0.002499670548415489,0.007168458781362075,0.0,2026-03-11 12:55:42.144619
0.831895598318956,0.5078304983833757,0.9543706741861061,0.021572359496041037,0.864808362369338,0.24185468050541062,0.9073848403607117,-0.0016349199067421383,-0.0017187372502227571,0.0025183167959887953,0.007168458781362075,0.0,2026-03-11 12:55:42.146306
0.8319327731092437,0.5078363452985235,0.9543823680164019,0.021588861887311708,0.8648397584765444,0.24185616221424933,0.9074074074074074,-0.001607599561563755,-0.0016899677369794919,0.0024869913778385877,0.007168458781362075,0.0,2026-03-11 12:55:42.157033
0.8319699314614194,0.5078421892175581,0.9543940558544709,0.021605356425193473,0.8648711400046436,0.24185764315475083,0.9074299634591961,-0.0016248135485019688,-0.001708063712647867,0.002505622067424884,0.007168458781362075,0.0,2026-03-11 12:55:42.158834
0.8320070733863837,0.5078480301427816,0.954405737704918,0.02162184311529298,0.8649025069637883,0.24185912332751278,0.907452508524111,-0.0016420149658987748,-0.0017261464747522215,0.0025242372184877127,0.007168458781362075,0.0,2026-03-11 12:55:42.166986
0.8320441988950277,0.5078538680764941,0.9544174135723431,0.021638321963209105,0.8649338593641216,0.2418606027331321,0.9074750426101776,-0.0016592038275164978,-0.0017442160377603155,0.0025428368504583077,0.007168458781362075,0.0,2026-03-11 12:55:42.174956
0.8320813079982324,0.5078597030209934,0.9544290834613415,0.021654792974536045,0.8649651972157772,0.24186208137220502,0.9074975657254137,-0.0016763801470971451,-0.001762272416117927,0.002561420982735707,0.007168458781362075,0.0,2026-03-11 12:55:42.176961
0.8321184007068699,0.5078655349785745,0.9544407473765038,0.021671256154862144,0.8649965205288797,0.24186355924532738,0.9075200778778292,-0.0016935439383631845,-0.001780315624251072,0.0025799896346863083,0.007168458781362075,0.0,2026-03-11 12:55:42.181253
0.8321554770318021,0.5078713639515304,0.9544524053224156,0.02168771150977041,0.8650278293135436,0.24186503635309411,0.9075425790754259,-0.0016662541870763325,-0.0017515773855905081,0.0025487057897519705,0.007168458781362075,0.0,2026-03-11 12:55:42.200358
0.8321925369838816,0.5078771899421517,0.9544640573036582,0.02170415904483982,0.8650591235798748,0.2418665126960998,0.907565069326198,-0.0016389949783202074,-0.0017228729566225454,0.0025174634353282155,0.007168458781362075,0.0,2026-03-11 12:55:42.208942
0.832008830022075,0.507827841856338,0.9544640573036582,0.021572724501593834,0.8648585999072786,0.24167169469211888,0.9074547002310593,-0.0016561462549734562,-0.0017409019750809218,0.0025174634353282155,0.006979815129220968,0.0,2026-03-11 12:55:42.217259
0.8320459059810197,0.507833664866913,0.9544757033248081,0.02158916625877018,0.8648899188876014,0.24167316908241196,0.9074772036474164,-0.0016732850306961922,-0.001758917852855424,0.0025360166262863304,0.006979815129220968,0.0,2026-03-11 12:55:42.225647
0.8320829655781112,0.5078394848997275,0.9544873433904373,0.02160560020788584,0.8649212233549582,0.2416746427097461,0.9074996961225233,-0.0016904113191507086,-0.0017769206043072305,0.0025545543755540745,0.006979815129220968,0.0,2026-03-11 12:55:42.228132
0.8318994043679683,0.5077902954894309,0.9544873433904373,0.021474525134916926,0.8647208709752142,0.2414802923423969,0.9073894020418084,-0.0017075251339792041,-0.0017949102437768705,0.0025545543755540745,0.006792271440066111,0.0,2026-03-11 12:55:42.236682
0.8317159241288046,0.5077412639905637,0.9544873433904373,0.021343804191926437,0.8645206113941639,0.2412864101013093,0.9072791347672865,-0.0016802964165081313,-0.0017662375030667032,0.0025545543755540745,0.006997084548104993,0.0,2026-03-11 12:55:42.245341
0.8317530319735391,0.5077470810479013,0.9544989775051125,0.021360234339226382,0.8645519796249131,0.24128788060022702,0.9073016644393147,-0.0016973977713331534,-0.0017842135303607343,0.002573076702401478,0.006997084548104993,0.0,2026-03-11 12:55:42.254013
0.8317901234567902,0.5077528951320434,0.9545106056733964,0.021376656690894783,0.8645833333333334,0.2412893503385931,0.9073241831653104,-0.0017144866797572655,-0.0018021764746654068,0.002591583626066485,0.006997084548104993,0.0,2026-03-11 12:55:42.260841
0.8318271985893763,0.5077587062452685,0.9545222278998468,0.021393071252474125,0.8646146725295071,0.24129081931699767,0.9073466909532484,-0.0017315631553633803,-0.0018201263502584109,0.002610075165754955,0.006997084548104993,0.0,2026-03-11 12:55:42.271687
0.8318642573821067,0.5077645143898535,0.9545338441890167,0.021409478029509127,0.8646459972235077,0.24129228753603,0.9073691878110963,-0.0017486272117144264,-0.0018380631713965645,0.0026285513406411054,0.006997084548104993,0.0,2026-03-11 12:55:42.280701
0.831901299845781,0.5077703195680724,0.9545454545454546,0.021425877027536597,0.864677307425399,0.24129375499627898,0.907391673746814,-0.0017656788623539033,-0.0018559869523155914,0.002647012169867069,0.006997084548104993,0.0,2026-03-11 12:55:42.289678
0.8317180616740089,0.5077214452214452,0.9545454545454546,0.021295518776354928,0.864477335800185,0.24110033311750245,0.9072815533980583,-0.0017384805850365614,-0.001827345338795805,0.002647012169867069,0.007200439911602685,0.0,2026-03-11 12:55:42.298686
0.8317551200176173,0.5077272474355701,0.9545570589737044,0.021311911967484644,0.8645086705202312,0.2411017986438428,0.9073040524144624,-0.0017113126968558712,-0.0017987373619330338,0.0026158112234676567,0.007200439911602685,0.0,2026-03-11 12:55:42.307798
0.8317921620431528,0.5077330466878706,0.9545686574783052,0.021328297391327668,0.864539990753583,0.24110326341318267,0.9073265405143134,-0.0016841751469086619,-0.0017701629625079818,0.002584651602825061,0.007200439911602685,0.0,2026-03-11 12:55:42.316966
0.8318291877613911,0.5077388429806138,0.9545802500637918,0.02134467505340384,0.8645712965102843,0.24110472742610853,0.9073490177055542,-0.0016570678844056719,-0.0017416220814399086,0.0025535332258894705,0.007200439911602685,0.0,2026-03-11 12:55:42.326269
0.8318661971830986,0.5077446363160648,0.9545918367346938,0.02136104495922628,0.8646025878003697,0.24110619068320624,0.9073714839961202,-0.0016741071428570953,-0.0017595307917888103,0.002571978728565627,0.007200439911602685,0.0,2026-03-11 12:55:42.341354
0.8319031903190319,0.5077504266964864,0.9546034174955369,0.021377407114303297,0.8646338646338646,0.2411076531850611,0.9073939393939395,-0.0016470301171221946,-0.001731022860492537,0.002540901513504279,0.007200439911602685,0.0,2026-03-11 12:55:42.358520
0.8319401671799385,0.5077562141241386,0.9546149923508415,0.021393761524140298,0.8646651270207852,0.24110911493225767,0.9074163839069317,-0.001619983277591941,-0.0017025483304042854,0.002509865378700793,0.007200439911602685,0.0,2026-03-11 12:55:42.375780
0.831977127776556,0.5077619986012797,0.9546265613051236,0.02141010819423086,0.8646963749711383,0.24111057592537996,0.9074388175430093,-0.0016370101573595086,-0.0017204430124797554,0.002528295573905881,0.007200439911602685,0.0,2026-03-11 12:55:42.396149
0.832014072119613,0.5077677801301654,0.954638124362895,0.0214264471300726,0.8647276084949215,0.24111203616501156,0.9074612403100774,-0.0016099934535837024,-0.0016920013168517656,0.002497300437959482,0.007200439911602685,0.0,2026-03-11 12:55:42.404544
0.8318311716860849,0.5077190621814475,0.954638124362895,0.02129645592482424,0.8645280406185091,0.24091906931844145,0.9073513382584473,-0.001627007968151628,-0.0017098824958032832,0.002497300437959482,0.0070139865927335565,0.0,2026-03-11 12:55:42.431310
0.8318681318681319,0.5077248407643312,0.9546496815286625,0.021312789079304846,0.8645592985694509,0.24092052763710828,0.9073737740646568,-0.0016440101309849187,-0.001727750693862884,0.002515715344740377,0.0070139865927335565,0.0,2026-03-11 12:55:42.449796
0.8319050758075148,0.5077306164034641,0.9546612328069282,0.021329114511168763,0.8645905420991926,0.24092198520405153,0.9073961990073841,-0.001660999955528708,-0.0017456059251603762,0.002534114982112756,0.0070139865927335565,0.0,2026-03-11 12:55:42.467720
0.8319420035149385,0.508480776147873,0.9546612328069282,0.023381978948029805,0.8645905420991926,0.243876402727817,0.9073961990073841,-0.0013152643612662773,-0.0013822596770918238,0.002534114982112756,0.009727164887307183,0.0,2026-03-11 12:55:42.490960
0.8319789150010982,0.5084865488455039,0.95467277820219,0.023398322442622247,0.8646217712177122,0.24387787740849687,0.9074186130945178,-0.0013323610625760596,-0.0014002272291124829,0.0025524993690605458,0.009727164887307183,0.0,2026-03-11 12:55:42.515247
0.8320158102766798,0.5084923186038794,0.9546843177189409,0.023414658212931223,0.8646529859349781,0.24387935132941072,0.9074410163339383,-0.001349445370481539,-0.0014181817564486998,0.0025708685245360297,0.009727164887307183,0.0,2026-03-11 12:55:42.543293
0.8318331503841931,0.50844263732837,0.9546843177189409,0.023282466040104702,0.8644536652835408,0.2436847925817857,0.9073312363900315,-0.0013665172984538287,-0.0014361232732580387,0.0025708685245360297,0.009534486659946939,0.0,2026-03-11 12:55:42.558943
0.8318700614574188,0.5084484041497344,0.9546958513616697,0.02329879607494436,0.8644849043558424,0.24368626456828174,0.9073536526366716,-0.0013395306800942919,-0.0014077221190458289,0.002539914306260771,0.009534486659946939,0.0,2026-03-11 12:55:42.577069
0.8319069563309195,0.5084541680363296,0.95470737913486,0.023315118397085305,0.864516129032258,0.2436877357967906,0.9073760580411123,-0.0013125740969248678,-0.001379354182557968,0.0025090009246852008,0.009534486659946939,0.0,2026-03-11 12:55:42.600774
0.8317244405440983,0.5084046449814428,0.95470737913486,0.023183284073186726,0.8643169776549182,0.24349363960048523,0.9072663523153185,-0.0012856474988311994,-0.0013510194055514901,0.0025090009246852008,0.009736399786824168,0.0,2026-03-11 12:55:42.619707
0.8317613511735029,0.5084104059355086,0.9547189010429916,0.023199600648415603,0.8643482266236757,0.2434951089003686,0.907288770699867,-0.0013027070603217616,-0.0013689464023720621,0.002527354867609577,0.009736399786824168,0.0,2026-03-11 12:55:42.655077
0.831798245614035,0.5084161639592824,0.9547304170905392,0.0232159095225216,0.8643794612019341,0.24349657744403772,0.9073111782477341,-0.0012758103973011803,-0.0013406442200611934,0.0024964822419754062,0.009736399786824168,0.0,2026-03-11 12:55:42.674226
0.8316158737119053,0.5082947896372519,0.9544876684464785,0.02286042337671404,0.8643794612019341,0.24346561989799126,0.9072015466408894,-0.0009308011249310466,-0.0009781023503219188,0.0021009137064702532,0.009736399786824168,0.0,2026-03-11 12:55:42.699084
0.8316527838667251,0.5083005741227061,0.9544992374173868,0.02287678308276002,0.8644106813996317,0.2434670953691954,0.9072239671418216,-0.00094796703118738,-0.0009961405894312048,0.0021194085292898235,0.009736399786824168,0.0,2026-03-11 12:55:42.718454
0.831689677843524,0.5083063556681423,0.9545108005082592,0.022893135070779735,0.8644418872266973,0.24346857008154285,0.9072463768115943,-0.0009211002533477952,-0.0009678811768978335,0.002088576579051704,0.009736399786824168,0.0,2026-03-11 12:55:42.743833
0.8315074496056091,0.5082569900792488,0.9545108005082592,0.02276174841234685,0.8642429820524621,0.24327495687391773,0.9071368192247314,-0.0009382537385431711,-0.0009859058548615796,0.002088576579051704,0.009544832096797351,0.0,2026-03-11 12:55:42.780694
0.8315443592552026,0.5082627686869078,0.9545223577235772,0.0227780946582858,0.8642742121002991,0.2432764296558632,0.9071592418205964,-0.0009114167961037367,-0.0009576789088581172,0.0020577852238764516,0.009544832096797351,0.0,2026-03-11 12:55:42.806581
0.831581252737626,0.5082685443590282,0.9545339090678181,0.022794433197760214,0.8643054277828887,0.24327790168072463,0.9071816535908267,-0.0009285578737149303,-0.0009756900411672653,0.0020762647490758512,0.009544832096797351,0.0,2026-03-11 12:55:42.826452
0.8313991679439457,0.5081473490937836,0.9542915185373286,0.02244007612346395,0.8643054277828887,0.24324701120994036,0.9070721699251751,-0.0005841536577051443,-0.0006138043976235963,0.0016813350311787323,0.009544832096797351,0.0,2026-03-11 12:55:42.852495
0.8314360770577933,0.5081531511350964,0.9543031226199543,0.02245646527310318,0.8643366291101403,0.2432484901342423,0.9070945945945946,-0.0005573465009954814,-0.0005856200552734059,0.0016505841909444374,0.009544832096797351,0.0,2026-03-11 12:55:42.878261
0.8312541037426132,0.5081039422623581,0.9543031226199543,0.022325520982941854,0.8641379310344828,0.24305535910725992,0.9069851610568223,-0.0005745934625904781,-0.0006037419356197393,0.0016505841909444374,0.009354365370506268,0.0,2026-03-11 12:55:42.919141
0.8312910284463895,0.5081097413584723,0.9543147208121827,0.02234190438930146,0.8641691565157436,0.24305683609824166,0.9070075986008925,-0.0005918279625078959,-0.0006218507221220637,0.0016692040017398657,0.009354365370506268,0.0,2026-03-11 12:55:42.939433
0.831109166484358,0.5080606884568045,0.9543147208121827,0.02221131114345127,0.8639705882352942,0.2428641631895641,0.9068982151471299,-0.0006090500142492683,-0.0006399464289663648,0.0016692040017398657,0.009164990144079344,0.0,2026-03-11 12:55:42.965911
0.8311461067366579,0.5080664846099621,0.9543263131184978,0.022227688789086618,0.8640018378130025,0.24286563825180596,0.9069206655413552,-0.0006262596312961444,-0.0006580290703182001,0.0016878084306179986,0.009164990144079344,0.0,2026-03-11 12:55:42.992432
0.8311830308331511,0.5080722778224026,0.954337899543379,0.022244058723695375,0.8640330730362885,0.24286711255671306,0.9069431051108969,-0.0006434568271109775,-0.0006760986603229213,0.0017063974966317064,0.009164990144079344,0.0,2026-03-11 12:55:43.018969
0.8310013117621338,0.5079512610966173,0.9540958660918083,0.02189090840685972,0.8640330730362885,0.24283631335393163,0.9068337953477161,-0.0002998912543862309,-0.0003151043967370981,0.001312259704150942,0.009164990144079344,0.0,2026-03-11 12:55:43.065559
0.8310382513661202,0.5079570805862101,0.954107505070994,0.021907328763429393,0.8640642939150401,0.24283779452489015,0.9068562477406915,-0.00027311383384587273,-0.00028696051423326985,0.0012815492989466382,0.009164990144079344,0.0,2026-03-11 12:55:43.093598
0.8310751748251748,0.5079628971254914,0.9541191381495564,0.021923741392315566,0.8640955004591369,0.24283927493591081,0.9068786893145404,-0.0002904163213972577,-0.00030514022580385713,0.0013002779567897749,0.009164990144079344,0.0,2026-03-11 12:55:43.120698
0.8311120821498799,0.507968710716704,0.9541307653319817,0.02194014629897216,0.8641266926784484,0.24284075458757837,0.9069011200770806,-0.00030770633419185955,-0.0003233068301560227,0.0013189911683171296,0.009164990144079344,0.0,2026-03-11 12:55:43.148078
0.8311489733508082,0.5079745213620889,0.9541423866227514,0.021956543488847475,0.8641578705828362,0.24284223348047707,0.9069235400361227,-0.0002809586003705844,-0.0002951947088343232,0.001288321118441571,0.009164990144079344,0.0,2026-03-11 12:55:43.175419
0.8309674601441362,0.5078536826606422,0.9539007092198581,0.02160442534602712,0.8641578705828362,0.2428114764372937,0.9068143510715145,-0.000808257124426115,-0.0008496820673205008,0.0019142901625252007,0.009164990144079344,0.0,2026-03-11 12:55:43.224637
0.8310043668122271,0.5078595194915843,0.9539123828817422,0.021620872706277144,0.8641890341821519,0.24281296217390028,0.9068367838228213,-0.0008255346759502569,-0.0008678451310950575,0.0019329879468377165,0.009164990144079344,0.0,2026-03-11 12:55:43.251476
0.8308229644182493,0.5077387710886878,0.9536708860759494,0.021269609963420213,0.8641890341821519,0.2427822244103524,0.90672764472259,-0.0004825692321202002,-0.0005073019592178873,0.0015396390086250822,0.009164990144079344,0.0,2026-03-11 12:55:43.280255
0.83085988651244,0.5077446340491946,0.9536826119969628,0.021286107309190002,0.8642201834862385,0.24278371697790246,0.9067500902418483,-0.000499951620802852,-0.0005255752332842256,0.0015584756955674406,0.009164990144079344,0.0,2026-03-11 12:55:43.308033
0.8306785948068951,0.5076239758239924,0.9534412955465587,0.02093569750053443,0.8642201834862385,0.24275299847117132,0.9066410009624639,-0.0010266662040786523,-0.0010798830311975482,0.0021836232579658388,0.009164990144079344,0.0,2026-03-11 12:55:43.341969
0.8307155322862129,0.5076298648582012,0.953453073614976,0.020952244647443097,0.8642513185049301,0.24275449785692688,0.906663459225403,-0.0010440360784426117,-0.0010981532659681825,0.0022024444350796646,0.009164990144079344,0.0,2026-03-11 12:55:43.395303
0.8305343511450382,0.5075809671872349,0.953453073614976,0.020822344922893667,0.864053186611646,0.24256236921752275,0.9065544197233915,-0.0010613934519974055,-0.0011164103519554214,0.0022024444350796646,0.008976697061803485,0.0,2026-03-11 12:55:43.423719
0.8305713039686001,0.5075868532426705,0.9534648457258472,0.020838886357778173,0.8640843456337383,0.24256386664952476,0.9065768907057833,-0.001034121632856766,-0.0010876937081327753,0.0021710344269044723,0.008976697061803485,0.0,2026-03-11 12:55:43.452038
0.8306082406801831,0.5075927363215926,0.9534766118836915,0.020855420021852436,0.864115490375802,0.24256536331505474,0.9065993508835196,-0.0010068799816576046,-0.0010590104751815321,0.0021396655851881885,0.008976697061803485,0.0,2026-03-11 12:55:43.486705
0.8306451612903226,0.5075986164262585,0.9534883720930233,0.02087194592058823,0.8641466208476518,0.2425668592147012,0.9066218002643913,-0.0010242248678933308,-0.001077253380541654,0.002158471271621054,0.008976697061803485,0.0,2026-03-11 12:55:43.521284
0.8306820658095445,0.507604493558923,0.9535001263583522,0.0208884640594568,0.864177737059093,0.24256835434905186,0.9066442388561816,-0.0010415572802805473,-0.0010954831662286502,0.002177261486489779,0.008976697061803485,0.0,2026-03-11 12:55:43.572684
0.8307189542483661,0.5076103677218389,0.953511874684184,0.02090497444392392,0.8642088390199222,0.242569848718694,0.9066666666666668,-0.0010588772322706053,-0.0011136998463905368,0.0021960362488790963,0.008976697061803485,0.0,2026-03-11 12:55:43.607188
0.8307558266172947,0.5076162389172564,0.953523617075019,0.020921477079447234,0.8642399267399268,0.24257134232421418,0.9066890837036148,-0.001076184737295649,-0.0011319034351544577,0.0022147955778426542,0.008976697061803485,0.0,2026-03-11 12:55:43.642167
0.830574912891986,0.507567495741301,0.953523617075019,0.02079193429290508,0.8640421149004349,0.2423796620553831,0.9065802113352546,-0.0010934798087681719,-0.0011500939466275728,0.0022147955778426542,0.008789476874583313,0.0,2026-03-11 12:55:43.671260
0.8306118005660789,0.5075733639714682,0.9535353535353536,0.020808431229089153,0.8640732265446224,0.24238115371772126,0.9066026410564225,-0.0011107624600816823,-0.001168271394896836,0.002233539492402792,0.008789476874583313,0.0,2026-03-11 12:55:43.706332
0.8306486721811058,0.5075792292386312,0.9535470840696794,0.020824920427839833,0.8641043239533288,0.24238264461771178,0.9066250600096016,-0.0010835509267943522,-0.0011396183875411747,0.0022022117362683336,0.008789476874583313,0.0,2026-03-11 12:55:43.769265
0.8306855277475517,0.5075850915450333,0.9535588086824835,0.02084140189460286,0.8641354071363221,0.24238413475593906,0.9066474682025437,-0.0010563694614995622,-0.0011109986782766867,0.0021709249850503376,0.008789476874583313,0.0,2026-03-11 12:55:43.804018
0.8305047867711053,0.5075365021330399,0.9535588086824835,0.020712208507201978,0.8639378001372056,0.24219290463957713,0.9065386922615477,-0.0010292180143884888,-0.0010824122090926647,0.0021709249850503376,0.008989963053567362,0.0,2026-03-11 12:55:43.839919
0.8305416576027844,0.5075423614809225,0.9535705273782488,0.020728684269175447,0.8639689071787837,0.24219439284157382,0.9065611131102314,-0.0010464882589170665,-0.0011005750504637923,0.002189653504198197,0.008989963053567362,0.0,2026-03-11 12:55:45.824275
0.8305785123966942,0.5075482178725247,0.9535822401614531,0.020745152310646223,0.864,0.24219588028357428,0.9065835232042211,-0.0010637461100158063,-0.00111872485786213,0.0022083666468935004,0.008989963053567362,0.0,2026-03-11 12:55:45.850163
0.8303979125896934,0.5074997814980494,0.9535822401614531,0.020616304987643202,0.8638025594149908,0.24200509972597803,0.9064748201438849,-0.0010366246313893157,-0.0010901705351580304,0.0022083666468935004,0.009189037358051433,0.0,2026-03-11 12:55:45.860913
0.8304347826086956,0.5075056349356079,0.95359394703657,0.020632767312936326,0.8638336760338131,0.2420065852374869,0.9064972428674178,-0.0010095330716581863,-0.0010616493381185865,0.002177120820137435,0.009189037358051433,0.0,2026-03-11 12:55:45.870879
0.830471636600739,0.5075114854213572,0.9536056480080686,0.020649221929196687,0.8638647784376428,0.24200806999076085,0.9065196548418025,-0.001026778542662865,-0.0010797850915589269,0.00219581860530893,0.009189037358051433,0.0,2026-03-11 12:55:45.885407
0.8305084745762712,0.5075173329575295,0.9536173430804135,0.020665668841837286,0.8638958666362183,0.24200955398638044,0.9065420560747663,-0.001044011646890275,-0.001097907839798129,0.0022145010518543895,0.009189037358051433,0.0,2026-03-11 12:55:45.896558
0.8305452965457311,0.5075231775463551,0.9536290322580645,0.020682108056267988,0.8639269406392694,0.2420110372249255,0.9065644465740298,-0.0010612323976378901,-0.001116017596819896,0.002233168178640499,0.009189037358051433,0.0,2026-03-11 12:55:45.912699
0.8305821025195482,0.5075290191900615,0.9536407155454775,0.020698539577891754,0.8639580004565168,0.24201251970697524,0.9065868263473055,-0.001078440808184311,-0.001134114376588169,0.00225182000450308,0.009189037358051433,0.0,2026-03-11 12:55:45.931203
0.8304017372421281,0.5074807351312293,0.9536407155454775,0.02057004296522956,0.8637608397991785,0.24182218344496564,0.9064782660759191,-0.0010513791178685672,-0.0011056241853992788,0.00225182000450308,0.009386714649872618,0.0,2026-03-11 12:55:45.941845
0.8302214502822406,0.5074326026706979,0.9536407155454775,0.020441885877242365,0.863563769107917,0.24163229556060253,0.9063697318007663,-0.0010685752014734096,-0.001123707487230563,0.00225182000450308,0.009200558213716126,0.0,2026-03-11 12:55:45.958580
0.8302583025830258,0.5074384413715108,0.9536523929471032,0.020458313643751534,0.863594890510949,0.2416337749588063,0.9063921474742638,-0.001085758971377082,-0.0011417778400453216,0.0022704565482468686,0.009200558213716126,0.0,2026-03-11 12:55:45.975275
0.8302951388888888,0.5074442771316535,0.9536640644673886,0.020474733729514805,0.8636259977194983,0.24163525360285834,0.9064145524174246,-0.001058727101105772,-0.001113319634129084,0.002239251565708922,0.009200558213716126,0.0,2026-03-11 12:55:45.986055
0.8301149924061618,0.5073242287851697,0.953423967774421,0.020126674835791447,0.8636259977194983,0.2416048343601366,0.9063060907024052,-0.001582385794568264,-0.0016648972207045087,0.0028612552114954948,0.009200558213716126,0.0,2026-03-11 12:55:46.011826
0.8301518438177874,0.5073300903547928,0.9534356909136672,0.020143144343637443,0.863657090743274,0.24160631972158383,0.9063285081947601,-0.0015551103562823076,-0.0016361525867776283,0.0028297053277184236,0.009200558213716126,0.0,2026-03-11 12:55:46.022833
0.8301886792452831,0.5073359489744564,0.9534474081529944,0.020159606154648204,0.8636881695919763,0.24160780432636655,0.906350914962325,-0.0015722818257064564,-0.0016542189214294734,0.002848326608117735,0.009200558213716126,0.0,2026-03-11 12:55:46.039971
0.8302254986990459,0.5073418046463869,0.9534591194968554,0.02017606027421576,0.8637192342752963,0.24160928817506278,0.9063733110127944,-0.0015450363934031985,-0.0016255070388928594,0.0028168178853110737,0.009200558213716126,0.0,2026-03-11 12:55:46.057187
0.8302623021894645,0.5073476573728083,0.9534708249496981,0.020192506707731546,0.8637502848029164,0.24161077126825012,0.9063956963538553,-0.0015621955755504846,-0.001643559928443672,0.002835423921109026,0.009200558213716126,0.0,2026-03-11 12:55:46.074378
0.8302990897269181,0.5073535071559426,0.9534825245159668,0.020208945460581305,0.8637813211845102,0.24161225360650543,0.9064180709931875,-0.001534980099742289,-0.0016148807411400234,0.002803956278775388,0.009200558213716126,0.0,2026-03-11 12:55:46.100702
0.8303358613217768,0.5073593539980095,0.9534942182001006,0.02022537653814128,0.8638123434297427,0.24161373519040513,0.9064404349384633,-0.0015077945310504326,-0.0015862347089663498,0.002772529636627108,0.009200558213716126,0.0,2026-03-11 12:55:46.118464
0.8303726169844021,0.5073651979012264,0.9535059060065343,0.020241799945785195,0.8638433515482696,0.241615216020525,0.906462788197348,-0.0015249414391045324,-0.0016042736526995505,0.0027911204465366213,0.009200558213716126,0.0,2026-03-11 12:55:46.137065
0.8304093567251462,0.5073710388678084,0.9535175879396985,0.02025821568888289,0.8638743455497382,0.2416166960974402,0.9064851307774991,-0.0015420760862305816,-0.0016222996976529291,0.0028096960492396406,0.009200558213716126,0.0,2026-03-11 12:55:46.155037
0.830229536595929,0.5073230572927333,0.9535175879396985,0.020130493665308547,0.8636777423759673,0.24142726706314743,0.9063768808215906,-0.001559198485574509,-0.001640312857656312,0.0028096960492396406,0.009015456488246198,0.0,2026-03-11 12:55:46.173359
0.830266291405066,0.5073288953248936,0.953529264004019,0.020146903717075802,0.8637087599544937,0.24142874522763286,0.9063992359121299,-0.0015320427747285148,-0.0016116983782672456,0.002778310327198441,0.009015456488246198,0.0,2026-03-11 12:55:46.201386
0.8303030303030303,0.5073347304248428,0.9535409342039176,0.020163306115647702,0.8637397634212921,0.24143022264065184,0.9064215803294341,-0.0015491529394177084,-0.0016296981529055898,0.002796870741346491,0.009015456488246198,0.0,2026-03-11 12:55:46.219733
0.8303397533001515,0.5073405625947897,0.9535525985438112,0.02017970086637514,0.8637707527859905,0.24143169930277733,0.9064439140811456,-0.0015220270372553468,-0.0016011162020088676,0.0027655258595420396,0.009015456488246198,0.0,2026-03-11 12:55:46.244213
0.8303764604067503,0.5073463918369402,0.9535642570281124,0.020196087974605117,0.8638017280582083,0.24143317521458182,0.9064662371748986,-0.0014949308947224127,-0.001572567236629574,0.0027342217383121703,0.009015456488246198,0.0,2026-03-11 12:55:46.262702
0.8304131516331387,0.5073522181534988,0.9535759096612296,0.02021246744568078,0.8638326892475563,0.24143465037663703,0.9064885496183206,-0.0014678644628720594,-0.0015440511996993589,0.002702958298201552,0.009015456488246198,0.0,2026-03-11 12:55:46.281407
0.8304498269896193,0.5073580415466672,0.9535875564475664,0.02022883928494192,0.8638636363636364,0.2414361247895142,0.9065108514190318,-0.0014849624060150335,-0.0015620365793376223,0.0027215035424156264,0.009015456488246198,0.0,2026-03-11 12:55:46.310131
0.8304864864864865,0.5073638620186453,0.9535991973915224,0.02024520349771944,0.8638945694160418,0.24143759845378407,0.9065331425846447,-0.0015020481407015396,-0.001580009116862513,0.0027400336352865207,0.009015456488246198,0.0,2026-03-11 12:55:46.335085
0.8305231301340251,0.5073696795716303,0.9536108324974925,0.020261560089340883,0.8639254884143571,0.24143907137001663,0.9065554231227653,-0.0014750113706943901,-0.001551524928828485,0.0027088107970461017,0.009015456488246198,0.0,2026-03-11 12:55:46.354224
0.8305597579425114,0.5073754942078176,0.9536224617698671,0.020277909065129843,0.8639563933681581,0.24144054353878144,0.9065776930409915,-0.00144800421379776,-0.001523073556678911,0.0026776284816327767,0.009015456488246198,0.0,2026-03-11 12:55:46.379453
0.8303802938634399,0.5073276628098162,0.9536224617698671,0.02015054109133131,0.8637602179836512,0.24125154895518966,0.906469677111879,-0.0014210266213861011,-0.0014946549437377943,0.0026776284816327767,0.009211751421383196,0.0,2026-03-11 12:55:46.398811
0.8304169367033917,0.507333474531399,0.9536340852130326,0.020166884406460292,0.8637911464245176,0.2412530192252575,0.9064919594997023,-0.001438100160687572,-0.0015126131223812678,0.002696143441720422,0.009211751421383196,0.0,2026-03-11 12:55:46.434706
0.8302375809935205,0.5072857926065163,0.9536340852130326,0.02003985351141696,0.8635950975941897,0.24106446662183367,0.9063839923773225,-0.0014111520842412517,-0.0014842267031029976,0.002696143441720422,0.00940667844557852,0.0,2026-03-11 12:55:46.460707
0.8302742388253077,0.5072916014156853,0.9536457028313706,0.020056191148978695,0.8636260494667575,0.2410659349976405,0.9064062872112408,-0.0014282134412099134,-0.001502171559569554,0.0027146432875551074,0.00940667844557852,0.0,2026-03-11 12:55:46.480657
0.8303108808290155,0.5072974073146292,0.9536573146292585,0.020072521187900583,0.8636569872958257,0.24106740262885074,0.9064285714285715,-0.0014012948323157692,-0.0014738172790715875,0.002683501416130718,0.00940667844557852,0.0,2026-03-11 12:55:46.506566
0.8303475070148931,0.5073032103055347,0.9536689206110693,0.02008884363348283,0.8636879110909503,0.2410688695160307,0.9064508450368959,-0.001374405642666332,-0.0014454955897007515,0.002652399910061276,0.00940667844557852,0.0,2026-03-11 12:55:46.532445
0.8303841173931809,0.5073090103905858,0.9536805207811717,0.020105158491020982,0.863718820861678,0.2410703356597461,0.9064731080437887,-0.0013475458240596039,-0.0014172064352975244,0.0026213386909167413,0.00940667844557852,0.0,2026-03-11 12:55:46.566929
0.83042071197411,0.507314807571965,0.9536921151439299,0.020121465765804678,0.8637497166175471,0.24107180106056209,0.9064953604568164,-0.001320715328398947,-0.0013889497598318368,0.0025903176804702444,0.00940667844557852,0.0,2026-03-11 12:55:46.593644
0.8302415875754962,0.5072672744206389,0.9536921151439299,0.019994778365242282,0.8635539437896645,0.24088368413682157,0.9063875341976925,-0.0013377645160687068,-0.0014068797895738783,0.0025903176804702444,0.009222622492568777,0.0,2026-03-11 12:55:46.620183
0.8302781971102006,0.5079987055470429,0.9536921151439299,0.02199186949382539,0.8635539437896645,0.24376232169753506,0.9063875341976925,-0.0009982953085958535,-0.0010498719892926278,0.0025903176804702444,0.011856504882956309,0.0,2026-03-11 12:55:46.646693
0.8303147908581285,0.5080044998269297,0.9537037037037037,0.022008195601254776,0.8635848629050532,0.24376380270257295,0.9064097990248544,-0.0009714940878896572,-0.0010216572938048785,0.0025593368006969763,0.011856504882956309,0.0,2026-03-11 12:55:46.673215
0.8303513688294891,0.5080102912075022,0.9537152864648486,0.022024514125342787,0.8636157680108745,0.2437652829575614,0.9064320532635833,-0.0009886460273927922,-0.001039694875623054,0.0025778215507781255,0.011856504882956309,0.0,2026-03-11 12:55:46.711857
0.8303879310344827,0.5080160796909358,0.9537268634317159,0.022040825071371173,0.8636466591166478,0.24376676246307008,0.9064542969214312,-0.0009618740337538068,-0.001011512028614936,0.002546880723855338,0.011856504882956309,0.0,2026-03-11 12:55:46.738847
0.8304244774833011,0.508021865279404,0.9537384346086522,0.02205712844461947,0.863677536231884,0.2437682412196682,0.9064765300059417,-0.0009790137524238185,-0.0010295362511154593,0.0025653503966526214,0.011856504882956309,0.0,2026-03-11 12:55:46.765840
0.8302455838000862,0.5079734163712001,0.9537384346086522,0.021928358627194937,0.863482001358388,0.2435786120651661,0.9063688212927757,-0.0009522709380693772,-0.0010013851984855826,0.0025653503966526214,0.012050078247261342,0.0,2026-03-11 12:55:46.817555
0.8302821451647642,0.507979199066874,0.95375,0.021944656373252745,0.8635129017655048,0.24358008892366845,0.906391066761701,-0.0009255572553211744,-0.000973266392193306,0.002534449544958295,0.012050078247261342,0.0,2026-03-11 12:55:46.844800
0.830318690783807,0.5079849788719227,0.9537615596100975,0.021960946557687572,0.8635437881873728,0.24358156503497844,0.906413301662708,-0.0009426847662141746,-0.0009912767644726372,0.0025529041589110735,0.012050078247261342,0.0,2026-03-11 12:55:46.890694
0.8303552206673843,0.5079907557885132,0.9537731134432783,0.021977229185760755,0.8635746606334842,0.2435830403996631,0.9064355260033247,-0.0009160001674971552,-0.0009631896437849452,0.002522043205024027,0.012050078247261342,0.0,2026-03-11 12:55:50.841578
0.8303917348256564,0.5087188548582852,0.9537731134432783,0.0239631110348044,0.8635746606334842,0.24641749167558494,0.9064355260033247,-0.000577116907645614,-0.000606848173637653,0.002522043205024027,0.01466916354556802,0.0,2026-03-11 12:55:50.889042
0.8304282332687756,0.5094446962565229,0.9537731134432783,0.025940095026965013,0.8635746606334842,0.24921106761982595,0.9064355260033247,-0.00023847484584371692,-0.00025076032731252695,0.002522043205024027,0.017273576097105448,0.0,2026-03-11 12:55:50.906191
0.830249569707401,0.5093255639665599,0.9535348488633525,0.025590500969289016,0.8635746606334842,0.24917993763811444,0.9063279116704264,-0.0007558889246007672,-0.0007952626464888812,0.0031363833620451365,0.017273576097105448,0.0,2026-03-11 12:55:50.923256
0.8302860830286083,0.5093313663081105,0.9535464535464535,0.025606880354855435,0.8636055191133227,0.2491814539148488,0.9063501483679525,-0.0007289665008253232,-0.0007669161298728966,0.003105186007580807,0.017273576097105448,0.0,2026-03-11 12:55:50.943861
0.8301075268817204,0.5092809667113073,0.9535464535464535,0.025473773346448434,0.8634102216191768,0.24898851431649238,0.9062425824827913,-0.0007463106660330343,-0.0007851632235895689,0.003105186007580807,0.017070142768466745,0.0,2026-03-11 12:55:50.961332
0.8299290475166631,0.5092307229092391,0.9535464535464535,0.02534101027580943,0.8632150124349989,0.2487960222008877,0.9061350421264982,-0.0007636424954189369,-0.0008033973392880256,0.003105186007580807,0.016867842773135244,0.0,2026-03-11 12:55:50.977881
0.8299656061908857,0.5092365223532408,0.9535580524344569,0.02535738615716006,0.8632459312839059,0.24879753536703236,0.9061573140348795,-0.0007809620021391739,-0.000821618490808973,0.003123625581098355,0.016867842773135244,0.0,2026-03-11 12:55:50.995485
0.8300021491510853,0.5092423189018636,0.9535696455317024,0.025373754449741364,0.8632768361581921,0.24879904776853107,0.9061795753765863,-0.0007540688418676833,-0.0007933028410729293,0.0030924684294104665,0.016867842773135244,0.0,2026-03-11 12:55:51.013875
0.8300386764073915,0.5092481125572752,0.9535812328425256,0.02539011515882868,0.8633077270673294,0.24880055940596346,0.9062018261591367,-0.0007272048974140688,-0.0007650195520796377,0.0030613514028372535,0.016867842773135244,0.0,2026-03-11 12:55:51.041715
0.8300751879699249,0.5092539033216411,0.9535928143712575,0.025406468289690003,0.8633386040207816,0.24880207027990842,0.9062240663900415,-0.0007003701211955038,-0.0007367685683850045,0.003030274423917456,0.016867842773135244,0.0,2026-03-11 12:55:51.059847
0.8298969072164949,0.509134971815733,0.9533549513594413,0.025058099108221432,0.8633386040207816,0.248771037904324,0.9061166429587482,-0.0003623112913793136,-0.0003811407188580862,0.0026413669998192058,0.016867842773135244,0.0,2026-03-11 12:55:51.083912
0.8299334335409062,0.5091407879065859,0.9533665835411471,0.02507450030476826,0.8633694670280037,0.2487725555662846,0.9061388954728609,-0.0003797324323125961,-0.0003994672417588774,0.0026599423993560745,0.016867842773135244,0.0,2026-03-11 12:55:51.102281
0.8299699441820524,0.5091466010973686,0.9533782099227125,0.025090893907689777,0.863400316098442,0.2487740724622436,0.9061611374407583,-0.00039714120027645183,-0.0004177807486631657,0.00267850267850267,0.016867842773135244,0.0,2026-03-11 12:55:51.120620
0.8297918008156256,0.5090277852686146,0.9531405782652044,0.024743402291725832,0.863400316098442,0.24874306678225008,0.9060537850965524,-0.0009129291422088626,-0.0009608957219251479,0.003290552486693965,0.016867842773135244,0.0,2026-03-11 12:55:51.155486
0.8298283261802575,0.50903362372136,0.9531522551706952,0.02475984376649418,0.863431151241535,0.2487445904506641,0.9060760393225158,-0.000885858311970078,-0.0009323759858863578,0.003259142076622812,0.016867842773135244,0.0,2026-03-11 12:55:51.173976
0.8296502896374168,0.5089148952391513,0.952914798206278,0.02441317177741397,0.863431151241535,0.24871360389302902,0.9059687351965893,-0.0014008222468588905,-0.001475180962017486,0.003870032771766896,0.016867842773135244,0.0,2026-03-11 12:55:51.192816
0.8296868296868297,0.508920758900645,0.9529265255292653,0.024429660951284293,0.8634619724667119,0.24871513432145542,0.9059910016575894,-0.0014182186550300013,-0.0014935008096634839,0.0038885779489776784,0.016867842773135244,0.0,2026-03-11 12:55:51.211675
0.8297233540639074,0.5096422751103117,0.9529265255292653,0.026387620806739086,0.8634619724667119,0.25146435514824167,0.9059910016575894,-0.001080741112592154,-0.0011381092195961173,0.0038885779489776784,0.019444444444444375,0.0,2026-03-11 12:55:51.236724
0.8295454545454546,0.5095911518247251,0.9529265255292653,0.026253148760140434,0.8632671480144405,0.2512705482946732,0.9058837457085356,-0.0010534353140737585,-0.00110932207061043,0.0038885779489776784,0.019636678200692037,0.0,2026-03-11 12:55:51.273220
0.8295819935691319,0.5095970125660685,0.9529382470119522,0.02626965583531967,0.8632979923302504,0.25127209366792375,0.9059060243815837,-0.0010709329242022392,-0.0011277479623943432,0.003907108042677132,0.019636678200692037,0.0,2026-03-11 12:55:51.292620
0.8294042006000857,0.5094783993911853,0.9527010206621858,0.025922520402687346,0.8632979923302504,0.25124081563286543,0.9057988165680474,-0.0007338081956003162,-0.0007727381226914076,0.0035191190062190403,0.019636678200692037,0.0,2026-03-11 12:55:51.318013
0.8294407542318406,0.5101966641772467,0.9527010206621858,0.027868116316728295,0.8632979923302504,0.2539498584946254,0.9057988165680474,-0.0012479504813249775,-0.0013148685333754795,0.0035191190062190403,0.016379310344827536,0.0,2026-03-11 12:55:51.337789
0.829477292202228,0.5102025500631773,0.9527127924340468,0.02788469387114399,0.8633288227334236,0.2539514274184006,0.9058211074301941,-0.0012655489889714655,-0.0013334107145637208,0.0035377841664585574,0.016379310344827536,0.0,2026-03-11 12:55:51.363444
0.8295138145213108,0.5102084330200777,0.9527245583478477,0.027901263759430833,0.8633596392333709,0.2539529955517368,0.905843387745446,-0.0012831350242525907,-0.0013519397545889156,0.0035564341640984543,0.016379310344827536,0.0,2026-03-11 12:55:51.401047
0.8295503211991435,0.510214313050134,0.9527363184079602,0.027917825986904402,0.8633904418394951,0.2539545628952315,0.9058656575212867,-0.0013007086004226398,-0.001370455667416115,0.0035750690176070687,0.016379310344827536,0.0,2026-03-11 12:55:51.427047
0.8295868122457718,0.5102201901555297,0.9527480726187516,0.027934380558876027,0.86342123056119,0.25395612944948115,0.9058879167651929,-0.0013182697307171365,-0.0013889584669906085,0.003593688745422874,0.016379310344827536,0.0,2026-03-11 12:55:51.453263
0.8294092465753424,0.5101017480778793,0.9525111884634511,0.027586819247783705,0.86342123056119,0.25392455661048935,0.9057808251566379,-0.0009818361274681608,-0.0010344844993916968,0.0032066138527698795,0.016379310344827536,0.0,2026-03-11 12:55:51.479530
0.8294457521934517,0.5101076502418784,0.9525229927914491,0.02760342079394746,0.8634520054078414,0.25392613003004744,0.9058030965606902,-0.0009994976647734743,-0.001053093090038093,0.003225367893525344,0.016379310344827536,0.0,2026-03-11 12:55:52.666135
0.829482242190843,0.5101135494723964,0.9525347912524851,0.02762001466983742,0.8634827663888263,0.2539277026578457,0.9058253574382606,-0.0010171467071814488,-0.0010716885157810996,0.0032441067303564664,0.016379310344827536,0.0,2026-03-11 12:55:52.667622
0.8293048128342246,0.5100615584526634,0.9525347912524851,0.027483785531062867,0.8632882882882883,0.2537325987468592,0.905718336483932,-0.0009896070207353613,-0.0010426418325648612,0.0032441067303564664,0.016580756013745646,0.0,2026-03-11 12:55:52.672314
0.8293413173652695,0.5100674547518868,0.9525465838509317,0.027500373993409915,0.8633190722810178,0.25373416937578347,0.9057406094968108,-0.0010072435815009495,-0.0010612235681948246,0.0032628303817444637,0.016580756013745646,0.0,2026-03-11 12:55:52.673742
0.8293778062860808,0.5100733481219997,0.9525583705911574,0.027516954796589124,0.8633498424133274,0.25373573921474973,0.9057628719886632,-0.0010248676738602303,-0.0010797921672140998,0.0032815388661405764,0.016580756013745646,0.0,2026-03-11 12:55:52.678313
0.8294142796066695,0.5100792385651842,0.9525701514775267,0.027533527945902518,0.8633805986945757,0.2537373082643542,0.9057851239669421,-0.0009973577761502872,-0.001050777508889933,0.003249796838954544,0.016580756013745646,0.0,2026-03-11 12:55:52.679870
0.8294507373370378,0.5100851260836206,0.9525819265143992,0.027550093446649142,0.8634113411341134,0.253738876525192,0.9058073654390936,-0.0010149694133205767,-0.0010693324474244648,0.0032684901747803696,0.016580756013745646,0.0,2026-03-11 12:55:52.749940
0.8292735042735043,0.5100332945455431,0.9525819265143992,0.0274142200212242,0.8632170978627671,0.25354421682908646,0.9057004602856131,-0.0010325686085006502,-0.0010878742775599637,0.0032684901747803696,0.01637299978105866,0.0,2026-03-11 12:55:52.757195
0.8293099765007477,0.5100391791414088,0.9525936957061305,0.02743078010831561,0.8632478632478633,0.2535457830992415,0.9057227138643068,-0.0010050884512206038,-0.001058891591547928,0.0032367888686042345,0.01637299978105866,0.0,2026-03-11 12:55:52.758364
0.8293464331482272,0.5100450608168795,0.952605459057072,0.027447332557908974,0.863278614796492,0.2535473485824229,0.9057449569423145,-0.001022675217590474,-0.0010774197907417182,0.0032554670742511727,0.01637299978105866,0.0,2026-03-11 12:55:52.759575
0.8293828742259236,0.5100509395741287,0.9526172165715703,0.027463877375284166,0.8633093525179856,0.2535489132792237,0.9057671895270669,-0.001040249568311724,-0.0010959349096677506,0.003274130168081424,0.01637299978105866,0.0,2026-03-11 12:55:52.766850
0.8294192997438087,0.5100568154153277,0.9526289682539683,0.027480414565721645,0.8633400764216678,0.2535504771902365,0.9057894116259875,-0.001057811516527174,-0.0011144369621727268,0.0032927781684268798,0.01637299978105866,0.0,2026-03-11 12:55:52.768221
0.8294557097118463,0.5100626883426456,0.9526407141086041,0.02749694413449217,0.863370786516854,0.25355204031605305,0.9058116232464931,-0.0010753610753611031,-0.0011329259620831422,0.003311411093590233,0.01637299978105866,0.0,2026-03-11 12:55:52.772619
0.8294921041399914,0.5100685583582494,0.9526524541398116,0.02751346608686334,0.863401482812851,0.2535536026572648,0.9058338243959928,-0.0010928982579194724,-0.0011514019232068406,0.0033300289618443113,0.01637299978105866,0.0,2026-03-11 12:55:52.774038
0.8295284830381907,0.5100744254643039,0.9526641883519207,0.027529980428099145,0.8634321653189577,0.25355516421446217,0.9058560150818901,-0.0010654477928676576,-0.0011224495529869039,0.0032983682983683815,0.01637299978105866,0.0,2026-03-11 12:55:52.777747
0.8293515358361775,0.5100227526751946,0.9526641883519207,0.027394467994836375,0.8632382663373007,0.2533609434550431,0.9057492931196984,-0.0010380269719466595,-0.0010935301206171921,0.0032983682983683815,0.01657306568512118,0.0,2026-03-11 12:55:52.779347
0.8293879291959906,0.5100286168738626,0.9526759167492567,0.02741097693964256,0.8632689717108217,0.25336250303327906,0.9057714958775029,-0.0010555517913166668,-0.0011119919894870822,0.0033169711279565917,0.01657306568512118,0.0,2026-03-11 12:55:52.784906
0.8292110874200427,0.5099771021055152,0.9526759167492567,0.027275810907735478,0.8630751964085297,0.2531687267119801,0.9056648215757861,-0.0010281605665326543,-0.001083104906074439,0.0033169711279565917,0.016771765951613338,0.0,2026-03-11 12:55:52.796454
0.82903432104029,0.5099257446341703,0.9526759167492567,0.027140987913548815,0.8628815080789947,0.25297539432279675,0.9055581723975507,-0.0010007988899953801,-0.0010542506488928627,0.0033169711279565917,0.016969114515612338,0.0,2026-03-11 12:55:52.798514
0.8288576300085252,0.509874543740482,0.9526759167492567,0.027006506807925178,0.8626879066636751,0.25278250417326886,0.9054515483339222,-0.0010183113592461268,-0.0010726984432058995,0.0033169711279565917,0.016762506107415365,0.0,2026-03-11 12:55:52.803681
0.8288940975921585,0.509880405033924,0.9526876393361406,0.027023014642113714,0.8627187079407806,0.25278405940086524,0.905473808122425,-0.0010358114914279515,-0.0010911332415382002,0.0033355589370931416,0.016762506107415365,0.0,2026-03-11 12:55:52.808895
0.8289305496378355,0.5098862634242984,0.9526993561168895,0.027039514882935902,0.8627494954025566,0.2527856138486045,0.9054960574320349,-0.001053299299573096,-0.0011095550576185609,0.003354131743962263,0.016762506107415365,0.0,2026-03-11 12:55:52.816233
0.8289669861554846,0.5098921189137615,0.9527110670958158,0.027056007535629926,0.862780269058296,0.252787167517073,0.9055182962701495,-0.0010707747966951509,-0.001127963905154905,0.0033726895667194334,0.016762506107415365,0.0,2026-03-11 12:55:52.822836
0.8287904599659285,0.5098410738827632,0.9527110670958158,0.026921873526111705,0.8625868639318538,0.2525947143734408,0.9054117647058822,-0.0010882379957898314,-0.001146359797837615,0.0033726895667194334,0.01655703603755554,0.0,2026-03-11 12:55:52.832569
0.8286140089418778,0.5097231640972316,0.9524752475247524,0.026576615657269625,0.8625868639318538,0.2525634507166129,0.905305258204917,-0.000753947791297227,-0.0007942154574234195,0.0029880066170389075,0.01655703603755554,0.0,2026-03-11 12:55:52.839337
0.8284376330353341,0.5096053126684361,0.9522395446671615,0.026232103428642194,0.8625868639318538,0.2525321986654239,0.9051987767584098,-0.00041989267133668573,-0.00044231875719225044,0.0026036337705019896,0.01655703603755554,0.0,2026-03-11 12:55:52.846217
0.8284741434347733,0.5096112206911148,0.9522513607125186,0.02624869905756234,0.8626176602420439,0.25253376545745315,0.9052210724365005,-0.0003925604952592643,-0.0004135148885326956,0.0025720136716173014,0.01655703603755554,0.0,2026-03-11 12:55:52.856701
0.8285106382978723,0.5096171257911997,0.9522631709126886,0.026265287059214718,0.8626484427515124,0.2525353314647047,0.9052433576299083,-0.0003652577719578387,-0.00038474371438912414,0.0025404340594149533,0.01655703603755554,0.0,2026-03-11 12:55:52.868869
0.8285471176345458,0.5096230279708593,0.9522749752720079,0.026281867438854745,0.8626792114695341,0.25253689668776813,0.9052656323460273,-0.0003829313374946741,-0.00040336013756525624,0.0025592718275812,0.01655703603755554,0.0,2026-03-11 12:55:52.876190
0.8285835814547001,0.5096289272322596,0.9522867737948084,0.026298440201738493,0.8627099664053751,0.25253846112723255,0.9052878965922444,-0.00040059248309787243,-0.0004219634782234305,0.002578094422353794,0.01655703603755554,0.0,2026-03-11 12:55:52.883551
0.8284073995322134,0.5095112447342622,0.9520514087988137,0.02595488768887992,0.8627099664053751,0.2525072507877292,0.9051815297849841,-6.699429526535461e-05,-7.0568338259136e-05,0.0021943253725250633,0.01655703603755554,0.0,2026-03-11 12:55:52.891001
0.8282312925170068,0.5093936203941586,0.9518161601186064,0.02561207648398812,0.8627099664053751,0.2524760520168944,0.9050751879699248,-0.0005782239389249266,-0.0006093994634412958,0.0028025814348104916,0.01655703603755554,0.0,2026-03-11 12:55:52.907528
0.8280552603613177,0.5092760541688475,0.9515810276679841,0.02527000467346563,0.8627099664053751,0.252444864807583,0.9049688711382591,-0.0010889032815687427,-0.0011482305886234556,0.0034100596760443525,0.01655703603755554,0.0,2026-03-11 12:55:52.918321
0.8278793030174245,0.5092251642899192,0.9515810276679841,0.025136644444148294,0.8625167935512763,0.2522529644645267,0.9048625792811839,-0.001061109596409815,-0.0011188898126635038,0.0034100596760443525,0.016753046645188396,0.0,2026-03-11 12:55:52.926245
0.8279158699808795,0.509231143417152,0.95159298592245,0.025153373291952937,0.8625475710767854,0.25225454945601683,0.9048849224988259,-0.0010788692724733595,-0.001137616549930831,0.003429013981587792,0.016753046645188396,0.0,2026-03-11 12:55:52.937233
0.8279524214103653,0.5092371195917296,0.951604938271605,0.025170094459429627,0.8625783348254252,0.2522561336548435,0.904907255224231,-0.0010966164812318269,-0.0011563301410153493,0.003447953038293261,0.016753046645188396,0.0,2026-03-11 12:55:52.948266
0.8277765980038224,0.509119666501348,0.9513700320908418,0.024828949233128526,0.8625783348254252,0.25222499668827986,0.9048010329850921,-0.0016064870903580442,-0.0016948757731514164,0.004054654949506409,0.016753046645188396,0.0,2026-03-11 12:55:52.968796
0.8278131634819533,0.5091256672377632,0.9513820335636722,0.02484571628134199,0.8626090848064444,0.25222658758445915,0.9048233775378477,-0.0016242218449349366,-0.0017135862913097988,0.004073578775768194,0.016753046645188396,0.0,2026-03-11 12:55:52.988230
0.8276374442793462,0.5090749318045978,0.9513820335636722,0.024712780533273544,0.8624161073825504,0.25203514422664114,0.9047172025346163,-0.0015961989875279414,-0.0016839718343477639,0.004073578775768194,0.016947732856823716,0.0,2026-03-11 12:55:53.005636
0.8276740237691002,0.5090809295798799,0.9513940291142363,0.024729542139732958,0.8624468798926415,0.25203673312083935,0.9047395588925388,-0.001568206229860425,-0.0016543909348443187,0.004040936240096049,0.016947732856823716,0.0,2026-03-11 12:55:53.400170
0.8277105877360492,0.50908692439622,0.9514060187469167,0.024746296057503087,0.8624776386404294,0.2520383212211633,0.9047619047619049,-0.001585928543360704,-0.0016730872225141358,0.0040598448542789045,0.016947732856823716,0.0,2026-03-11 12:55:53.401467
0.8277471361900721,0.5090929162558073,0.9514180024660912,0.024763042291874017,0.8625083836351441,0.25203990852820796,0.9047842401500938,-0.0016036384288712346,-0.0016917703991832234,0.00407873827471783,0.016947732856823716,0.0,2026-03-11 12:55:53.409189
0.8277836691410393,0.5090989051608288,0.9514299802761341,0.024779780848129863,0.8625391148860081,0.2520414950425678,0.9048065650644783,-0.00162133589946023,-0.0017104404786374428,0.004097616519718739,0.016947732856823716,0.0,2026-03-11 12:55:53.410653
0.8278201865988125,0.5091048911134691,0.9514419521814148,0.024796511731548072,0.8625698324022346,0.25204308076483634,0.9048288795124237,-0.0016390209681778067,-0.0017290974746442256,0.004116479607557899,0.016947732856823716,0.0,2026-03-11 12:55:53.418251
0.8278566885732457,0.509110874115911,0.9514539181862987,0.02481323494740629,0.8626005361930295,0.2520446656956069,0.9048511835012889,-0.0016566936480556516,-0.0017477414009516856,0.00413532755648216,0.016947732856823716,0.0,2026-03-11 12:55:53.419840
0.827893175074184,0.509116854170335,0.9514658782951466,0.024829950500973016,0.8626312262675899,0.2520462498354719,0.9048734770384255,-0.001628730941657719,-0.0017181912481927242,0.004102726683267721,0.016947732856823716,0.0,2026-03-11 12:55:53.427562
0.8279296461114642,0.5091228312789194,0.9514778325123153,0.024846658397510074,0.862661902635105,0.2520478331850234,0.9048957601311785,-0.0016007982381636143,-0.0016886745421262894,0.004070167392799751,0.016947732856823716,0.0,2026-03-11 12:55:53.435892
0.8279661016949152,0.5091288054438403,0.9514897808421571,0.024863358642282507,0.8626925653047556,0.2520494157448526,0.9049180327868852,-0.0016184585422150954,-0.0017073043139157473,0.004089000221026984,0.016947732856823716,0.0,2026-03-11 12:55:53.437841
0.8280025418343572,0.5091347766672718,0.9515017232890202,0.02488005124054371,0.8627232142857143,0.2520509975155505,0.9049402950128774,-0.0016361064834357064,-0.0017259210442128747,0.00410781794674564,0.016947732856823716,0.0,2026-03-11 12:55:53.445868
0.8280389665396019,0.509140744951386,0.9515136598572483,0.024896736197542835,0.8627538495871457,0.2520525784977072,0.9049625468164795,-0.0016537420748024,-0.0017445247467071656,0.004126620588114971,0.016947732856823716,0.0,2026-03-11 12:55:53.453965
0.8280753758204531,0.5091467102983523,0.9515255905511811,0.02491341351852544,0.8627844712182061,0.2520541586919122,0.9049847882050082,-0.0016258393259501736,-0.001715039786706507,0.004094102800885402,0.016947732856823716,0.0,2026-03-11 12:55:53.519934
0.8281117696867062,0.5091526727103386,0.9515375153751537,0.024930083208735226,0.8628150791880437,0.2520557380987546,0.9050070191857744,-0.0015979664835811258,-0.0016855881618780266,0.004061626437588561,0.016947732856823716,0.0,2026-03-11 12:55:53.521138
0.8281481481481482,0.5091586321895104,0.9515494343334973,0.024946745273405495,0.8628456735057984,0.25205731671882287,0.9050292397660818,-0.0015701234996399194,-0.0016561698157218085,0.004029191419120837,0.016947732856823716,0.0,2026-03-11 12:55:53.525347
0.8281845112145577,0.5091645887380309,0.9515613474305384,0.024963399717767072,0.862876254180602,0.2520588945527048,0.9050514499532274,-0.0015423103261740234,-0.0016267846918651685,0.00399679766658001,0.016947732856823716,0.0,2026-03-11 12:55:53.526534
0.8282208588957055,0.5091705423580617,0.9515732546705998,0.024980046547048978,0.8629068212215782,0.2520604716009876,0.9050736497545009,-0.001559933580645767,-0.0016453731951702188,0.004015585241730291,0.016947732856823716,0.0,2026-03-11 12:55:53.527778
0.8282571912013537,0.5091764930517615,0.9515851560579995,0.024996685766472185,0.8629373746378427,0.252062047864258,0.9050958391771857,-0.0015775445111633202,-0.0016639486995218,0.004034357768762709,0.016947732856823716,0.0,2026-03-11 12:55:53.535136
0.8282935081412561,0.5091824408212875,0.9515970515970515,0.025013317381252113,0.8629679144385026,0.25206362334310206,0.9051180182285581,-0.0015951431306493458,-0.0016825112185505642,0.004053115265749474,0.016947732856823716,0.0,2026-03-11 12:55:53.536501
0.8283298097251586,0.5091883856687947,0.9516089412920659,0.025029941396601675,0.8629984406326576,0.25206519803810523,0.9051401869158878,-0.001567359719808925,-0.0016531576277216686,0.004020762700433722,0.016947732856823716,0.0,2026-03-11 12:55:53.543931
0.8283660959627985,0.5091943275964356,0.9516208251473477,0.025046557817728205,0.8630289532293987,0.25206677194985255,0.9051623452464377,-0.001539606023846396,-0.0016238371486705372,0.0039884512438412845,0.016947732856823716,0.0,2026-03-11 12:55:53.545399
0.8284023668639053,0.5092002666063611,0.9516327031671986,0.025063166649835288,0.863059452237809,0.2520683450789282,0.9051844932274639,-0.0015571923452056824,-0.0016423856094385236,0.004007193728825742,0.016947732856823716,0.0,2026-03-11 12:55:53.552917
0.8284386224381999,0.5092062027007195,0.9516445753559155,0.02507976789812024,0.8630899376669635,0.2520699174259161,0.9052066308662153,-0.0015294683164756018,-0.0016130976438137878,0.003974923302654476,0.016947732856823716,0.0,2026-03-11 12:55:53.554486
0.828474862695395,0.5092121358816575,0.9516564417177914,0.025096361567776018,0.8631204095259293,0.2520714889913993,0.9052287581699346,-0.001501773907434334,-0.0015838426787138093,0.003942693828800636,0.016947732856823716,0.0,2026-03-11 12:55:53.568483
0.8282998944033791,0.5091615541922291,0.9516564417177914,0.02496381184438693,0.8629283489096573,0.25188045335274845,0.9051231182168281,-0.0015193479435533508,-0.001602377098778529,0.003942693828800636,0.016743391743391678,0.0,2026-03-11 12:55:53.573626
0.8283361486486487,0.5091674844618908,0.9516683022571149,0.024980400180703393,0.8629588431590657,0.2518820229468702,0.9051452572628632,-0.0015369097073008042,-0.0016208985758123795,0.003961421319797043,0.016743391743391678,0.0,2026-03-11 12:55:53.578823
0.8283723875870804,0.5091734118224185,0.9516801569781702,0.024996980949219604,0.8629893238434164,0.2518835917612433,0.9051673859792371,-0.0015544592115273037,-0.0016394071233685192,0.003980133834791011,0.016743391743391678,0.0,2026-03-11 12:55:53.581087
0.8284086112283664,0.5091793362759522,0.9516920058852378,0.02501355415511374,0.863019790971759,0.25188515979644877,0.9051895043731779,-0.001571996469065584,-0.001657902754980789,0.003998831391739399,0.016743391743391678,0.0,2026-03-11 12:55:53.586470
0.8282338046001266,0.5091289076324828,0.9516920058852378,0.024881344072866338,0.8628279235215651,0.25169455427554926,0.9050839552238806,-0.0015895214927305057,-0.0016763854841641557,0.003998831391739399,0.0165401703072936,0.0,2026-03-11 12:55:53.595962
0.8282700421940928,0.5091348291811607,0.9517038489825937,0.024897911939665514,0.8628584129806623,0.2516961203461993,0.9051060853345768,-0.0015618566559358893,-0.0016471607638333108,0.003966642792297526,0.0165401703072936,0.0,2026-03-11 12:55:53.602309
0.8280953385361738,0.5090845528900885,0.9517038489825937,0.0247660358719338,0.8626666666666667,0.25150594569090473,0.9050005828185104,-0.0015342213440471264,-0.0016179689357029847,0.003966642792297526,0.016733545500668856,0.0,2026-03-11 12:55:53.608768
0.8281315900463939,0.5090904715360465,0.9517156862745098,0.024782598382717146,0.862697178404799,0.25150750980144376,0.9050227246241697,-0.0015517341466354528,-0.001636437698815385,0.003985325409128548,0.016733545500668856,0.0,2026-03-11 12:55:53.615263
0.8281678262702931,0.5090963872814184,0.9517275177652537,0.02479915334731784,0.8627276765881831,0.25150907313572984,0.905044856110917,-0.0015692347409265173,-0.0016548935872235937,0.004003993103741665,0.016733545500668856,0.0,2026-03-11 12:55:53.621802
0.8282040472175379,0.5091023001283359,0.9517393434590887,0.02481570077089341,0.8627581612258495,0.2515106356943409,0.905066977285964,-0.0015867231396814452,-0.0016733366143855122,0.004022645894007804,0.016733545500668856,0.0,2026-03-11 12:55:53.628525
0.8282402528977871,0.5091082100789287,0.9517511633602743,0.024832240658595708,0.8627886323268206,0.25151219747785414,0.9050890881565157,-0.0016041993556437095,-0.0016917667937401681,0.004041283797769357,0.016733545500668856,0.0,2026-03-11 12:55:53.634382
0.8282764433206911,0.5091141171353244,0.9517629774730656,0.024848773015569616,0.862819089900111,0.2515137584868462,0.9051111887297707,-0.0015765935214210325,-0.0016626056539170708,0.004009135995031499,0.016733545500668856,0.0,2026-03-11 12:55:53.640294
0.8283126184958921,0.5091200212996483,0.9517747858017136,0.024865297846957395,0.8628495339547271,0.2515153187218932,0.9051332790129205,-0.0015940575673165647,-0.0016810224627212822,0.004027759030102329,0.016733545500668856,0.0,2026-03-11 12:55:53.646268
0.8283487784330245,0.5091259225740241,0.951786588350465,0.024881815157898626,0.8628799644996672,0.25151687818357077,0.9051553590131503,-0.0016115094558533105,-0.0016994264509140322,0.004046367214267987,0.016733545500668856,0.0,2026-03-11 12:55:53.655310
0.8283849231417141,0.5091318209605729,0.9517983851235625,0.024898324953523433,0.862910381543922,0.25151843687245373,0.9051774287376381,-0.0016289491997215633,-0.001717817631877283,0.0040649605652856025,0.016733545500668856,0.0,2026-03-11 12:55:53.661447
0.828421052631579,0.5091377164614139,0.9518101761252447,0.024914827238962343,0.8629407850964738,0.2515199947891165,0.905199488193556,-0.0016013727960257906,-0.0016886876702328912,0.004032853481740539,0.016733545500668856,0.0,2026-03-11 12:55:53.670641
0.828457166912229,0.5091436090786643,0.9518219613597456,0.024931322019335813,0.8629711751662971,0.2515215519341329,0.9052215373880682,-0.0015738257758182161,-0.00165959043888253,0.00400078704007345,0.016733545500668856,0.0,2026-03-11 12:55:53.679948
0.828493265993266,0.5091494988144394,0.9518337408312958,0.024947809299762782,0.8630015517623587,0.25152310830807617,0.9052435763283339,-0.0015463080921603867,-0.0016305258826936342,0.003968761163164913,0.016733545500668856,0.0,2026-03-11 12:55:53.695346
0.8285293498842836,0.5091553856708522,0.9518455145441213,0.024964289085360105,0.863031914893617,0.25152466391151906,0.9052656050215041,-0.001563735704033009,-0.0016489026682615648,0.003987339698763526,0.016733545500668856,0.0,2026-03-11 12:55:53.704747
0.8285654185948674,0.5091612696500134,0.9518572825024438,0.02498076138123511,0.8630622645690228,0.25152621874503367,0.905287623474724,-0.0015811511965648783,-0.0016672666744237397,0.004005903436643532,0.016733545500668856,0.0,2026-03-11 12:55:53.715801
0.8286014721345951,0.5091671507540322,0.9518690447104813,0.024997226192491163,0.8630926007975188,0.2515277728091915,0.9053096316951318,-0.0015536628026181498,-0.001638233673467715,0.0039739180475691915,0.016733545500668856,0.0,2026-03-11 12:55:53.725454
0.8286375105130361,0.5091730289850153,0.9518808011724474,0.025013683524231917,0.8631229235880399,0.2515293261045635,0.9053316296898594,-0.0015710661884468236,-0.0016565843816451764,0.003992467005403122,0.016733545500668856,0.0,2026-03-11 12:55:53.874507
0.8286735337397519,0.5091789043450674,0.9518925518925518,0.025030133381549642,0.8631532329495128,0.2515308786317202,0.9053536174660318,-0.001588457480192318,-0.0016749223374195044,0.004011001200835307,0.016733545500668856,0.0,2026-03-11 12:55:53.877698
0.8287095418242959,0.5091847768362916,0.951904296875,0.025046575769536887,0.8631835288908568,0.2515324303912314,0.9053755950307675,-0.0015609983292179663,-0.0016459208406784942,0.003979056222865429,0.016733545500668856,0.0,2026-03-11 12:55:53.878888
0.8287455347762135,0.509190646460788,0.9519160361239931,0.02506301069327972,0.8632138114209827,0.25153398138366634,0.9053975623911782,-0.0015335683745764106,-0.0016169518568263097,0.00394715157946357,0.016733545500668856,0.0,2026-03-11 12:55:53.880163
0.8287815126050421,0.5091965132206558,0.9519277696437286,0.02507943815785953,0.863244080548794,0.2515355316095938,0.9054195195543694,-0.0015061675697272126,-0.001588015331219328,0.003915287194286909,0.016733545500668856,0.0,2026-03-11 12:55:53.885413
0.8288174753203108,0.5092023771179913,0.9519394974383996,0.025095858168351158,0.8632743362831858,0.25153708106958195,0.9054414665274393,-0.001478795868228855,-0.0015591112093364945,0.003883462991184805,0.016733545500668856,0.0,2026-03-11 12:55:53.886704
0.8288534229315414,0.509208238154889,0.9519512195121951,0.025112270729831614,0.8633045786330458,0.25153862976419833,0.9054634033174807,-0.0014961750784934225,-0.001577434307280523,0.0039019824418313753,0.016733545500668856,0.0,2026-03-11 12:55:53.888089
0.8288893554482469,0.5092140963334416,0.9519629358693001,0.025128675847364487,0.8633348076072535,0.25154017769401005,0.9054853299315784,-0.0015135422198618853,-0.0015957446808509967,0.003920487165280706,0.016733545500668856,0.0,2026-03-11 12:55:53.892543
0.8289252728799328,0.5092199516557394,0.9519746465138956,0.025145073526014857,0.8633650232146806,0.25154172485958365,0.9055072463768116,-0.001530897304901857,-0.0016140423432979834,0.003938977179092862,0.016733545500668856,0.0,2026-03-11 12:55:53.893995
0.8289611752360966,0.5092258041238708,0.9519863514501584,0.025161463770841254,0.863395225464191,0.2515432712614849,0.9055291526602527,-0.0015035546604115213,-0.0015851689872496966,0.003907193082106852,0.016733545500668856,0.0,2026-03-11 12:55:53.898560
0.8289970625262274,0.5092316537399222,0.9519980506822612,0.025177846586896157,0.8634254143646409,0.25154481690027924,0.9055510487889675,-0.001520897701672741,-0.0016034534247069132,0.003925668403814364,0.016733545500668856,0.0,2026-03-11 12:55:53.903171
0.829032934759807,0.5092375005059779,0.9520097442143727,0.025194221979231084,0.8634555899248785,0.25154636177653156,0.9055729347700151,-0.0015382287116879612,-0.0016217251778511965,0.003944129050921563,0.016733545500668856,0.0,2026-03-11 12:55:53.911769
0.8290687919463087,0.5092433444241203,0.9520214320506576,0.02521058995289025,0.8634857521537442,0.25154790589080595,0.9055948106104483,-0.0015109150779609726,-0.0015928830659710513,0.003912384984284478,0.016733545500668856,0.0,2026-03-11 12:55:53.916904
0.8291046340951982,0.5092491854964297,0.9520331141952764,0.025226950512913765,0.8635159010600707,0.25154944924366623,0.9056166763173132,-0.0015282340692451823,-0.0016111416222188701,0.003930830974268162,0.016733545500668856,0.0,2026-03-11 12:55:53.922144
0.8291404612159329,0.5092550237249843,0.9520447906523856,0.02524330366433564,0.8635460366526827,0.2515509918356754,0.9056385318976496,-0.0015455410542962733,-0.0016293875208883701,0.003949262324577263,0.016733545500668856,0.0,2026-03-11 12:55:53.927407
0.8291762733179627,0.5092608591118604,0.9520564614261378,0.025259649412189496,0.8635761589403973,0.2515525336673962,0.9056603773584906,-0.0015628360455947066,-0.0016476207751376926,0.003967679052632955,0.016733545500668856,0.0,2026-03-11 12:55:53.929725
0.829002514668902,0.5092107344838079,0.9520564614261378,0.025128169436515985,0.8633855661001987,0.2513627542864269,0.9055555555555556,-0.001535551376484534,-0.0016188093326159336,0.003967679052632955,0.01692562287395427,0.0,2026-03-11 12:55:53.935162
0.8290383406662476,0.5092165670310798,0.9520681265206813,0.02514450997265127,0.8634157105030892,0.2513642941957866,0.9055774126359639,-0.0015528343864935623,-0.0016370294314851375,0.003986081175829104,0.01692562287395427,0.0,2026-03-11 12:55:53.940676
0.8290741516547968,0.5092223967408194,0.9520797859401605,0.02516084311571461,0.8634458416060005,0.25136583334655416,0.9055992596020362,-0.0015701054276591186,-0.0016552369125573119,0.004004468711531484,0.01692562287395427,0.0,2026-03-11 12:55:53.946291
0.8289005235602094,0.5091724230905622,0.9520797859401605,0.025029696398219527,0.8632554036171152,0.2511764805262004,0.9054945054945054,-0.0015873645124098168,-0.001673431788935087,0.004004468711531484,0.016723511937506874,0.0,2026-03-11 12:55:53.952062
0.8289363484087102,0.5091782499648398,0.9520914396887159,0.02504602431843046,0.8632855567805954,0.2511780177600715,0.9055163640568984,-0.001560108761867962,-0.0016446509685166255,0.003972764599666667,0.016723511937506874,0.0,2026-03-11 12:55:53.957793
0.8289721582583212,0.5091840740057239,0.9521030877704838,0.025062344856046852,0.86331569664903,0.25117955423704136,0.9055382125101167,-0.0015773559026154294,-0.0016628327308576552,0.003991137565214076,0.016723511937506874,0.0,2026-03-11 12:55:53.963667
0.8290079531184597,0.5091898952152801,0.9521147301895965,0.02507865801607554,0.86334582323121,0.25118108995766913,0.9055600508611721,-0.0015501290246906496,-0.0016340835279819999,0.003959473332735275,0.016723511937506874,0.0,2026-03-11 12:55:53.972593
0.8290437329985353,0.509195713595573,0.9521263669501823,0.025094963803516026,0.8633759365359189,0.2511826249225131,0.9055818791170693,-0.0015673642338290827,-0.0016522521906585652,0.0039778317454386425,0.016723511937506874,0.0,2026-03-11 12:55:53.980587
0.8290794979079498,0.5092015291486647,0.9521379980563655,0.025111262223367264,0.8634060365719322,0.25118415913213116,0.9056036972848065,-0.0015401661826676127,-0.001623534553046424,0.003946207317149009,0.016723511937506874,0.0,2026-03-11 12:55:53.989612
0.828906086592763,0.5091517057951,0.9521379980563655,0.024980454025074462,0.863215859030837,0.2509952278085717,0.9054990757855822,-0.0015129969125126097,-0.001594848948493599,0.003946207317149009,0.016914304512308798,0.0,2026-03-11 12:55:54.175235
0.8289418653283145,0.5091575185230504,0.9521496235122662,0.024996747227415805,0.8632459810614402,0.25099676011011374,0.9055209055209056,-0.0014858563777041534,-0.0015661953234329395,0.003914622618040653,0.016914304512308798,0.0,2026-03-11 12:55:54.179056
0.8289776291030734,0.5091633284279178,0.9521612433220009,0.025013033072605526,0.8632760898282695,0.2509982916581112,0.9055427251732102,-0.0015030796676108737,-0.001584349861456058,0.0039329664951837096,0.016914304512308798,0.0,2026-03-11 12:55:54.180588
0.8290133779264214,0.5091691355117582,0.952172857489682,0.02502931156562395,0.8633061853400836,0.2509998224531199,0.9055645347494804,-0.0015202910506459943,-0.0016024918488135587,0.003951295854022763,0.016914304512308798,0.0,2026-03-11 12:55:54.185181
0.8290491118077326,0.5091749397766261,0.9521844660194175,0.02504558271144899,0.8633362676056338,0.25100135249569516,0.9055863342566944,-0.0014931792056206428,-0.0015738691125539717,0.00391975080927609,0.016914304512308798,0.0,2026-03-11 12:55:54.193774
0.8290848307563727,0.5091807412245732,0.9521960689153118,0.025061846515054203,0.8633663366336634,0.2510028817863915,0.9056081237018233,-0.001510378694126957,-0.0015919980441716497,0.003938065667040136,0.016914304512308798,0.0,2026-03-11 12:55:54.198891
0.8289116356799666,0.5091310674906889,0.9521960689153118,0.024931375545694356,0.8631764188297404,0.2508143703953332,0.905503634475597,-0.001527566300430494,-0.0016101144514844012,0.003938065667040136,0.016713294997858452,0.0,2026-03-11 12:55:54.204223
0.8289473684210527,0.5091368661237657,0.9522076661814654,0.024947634137171295,0.8632065097866726,0.2508158977867218,0.905525435459684,-0.0015447420368401854,-0.0016282183474660705,0.003956366040930859,0.016713294997858452,0.0,2026-03-11 12:55:54.209506
0.8289830862392984,0.5091426619440201,0.9522192578219743,0.02496388539682279,0.8632365875109939,0.2508174244279033,0.9055472263868065,-0.0015619059156479764,-0.0016463097450729602,0.003974651948122854,0.016713294997858452,0.0,2026-03-11 12:55:54.216718
0.8290187891440501,0.5091484549534986,0.9522308438409312,0.024980129329606842,0.863266652011431,0.25081895031943024,0.9055690072639225,-0.001534822714938544,-0.0016177168147988308,0.003943146483106119,0.016713294997858452,0.0,2026-03-11 12:55:54.229403
0.8290544771446462,0.5091542451542451,0.9522424242424242,0.024996365940475843,0.8632967032967033,0.2508204754618548,0.9055907780979827,-0.0015077681131739906,-0.0015891557074856344,0.003911680523374761,0.016713294997858452,0.0,2026-03-11 12:55:54.242181
0.828881469115192,0.5090388498047248,0.9520116335433835,0.02466049376587369,0.8632967032967033,0.2507900785065882,0.9054863992623329,-0.002008446550566867,-0.0021179778593902743,0.004506820410710599,0.016713294997858452,0.0,2026-03-11 12:55:54.251969
0.8289171708741915,0.5090446637575302,0.9520232614489944,0.024676774946024875,0.8633267413755219,0.25079161008159934,0.9055081816086656,-0.001981170685810607,-0.0020891544050594124,0.0044750408993147195,0.016713294997858452,0.0,2026-03-11 12:55:54.262004
0.8289528577388402,0.5090504748934982,0.9520348837209303,0.02469304879065345,0.8633567662565905,0.2507931409052219,0.9055299539170507,-0.0019983227192913455,-0.0021072413102205534,0.004493312356955381,0.016713294997858452,0.0,2026-03-11 12:55:54.279999
0.8289885297184567,0.5090562832146751,0.9520465003632841,0.024709315304714274,0.8633867779486053,0.2507946709780089,0.9055517161944252,-0.002015462919703115,-0.0021253157373510856,0.004511569382165015,0.016713294997858452,0.0,2026-03-11 12:55:54.293255
0.8290241868223519,0.5090620887231057,0.9520581113801453,0.024725574493158476,0.8634167764602547,0.2507962003005125,0.90557346844772,-0.0019882158117889848,-0.00209652328791754,0.004479829644876032,0.016713294997858452,0.0,2026-03-11 12:55:54.300543
0.8290598290598291,0.5090678914208326,0.9520697167755992,0.024741826360934718,0.8634467618002195,0.25079772887328455,0.9055952106838591,-0.002005344191372882,-0.0021145847309806953,0.004498072254747965,0.016713294997858452,0.0,2026-03-11 12:55:54.307933
0.8290954564401835,0.5090736913098965,0.952081316553727,0.02475807091298537,0.863476733977173,0.2507992566968764,0.9056169429097606,-0.00202246076235324,-0.0021326337221700964,0.004516300466348544,0.016713294997858452,0.0,2026-03-11 12:55:54.318461
0.8291310689727026,0.5090794883923362,0.9520929107186064,0.02477430815424908,0.8635066929997806,0.25080078377183873,0.905638665132336,-0.0019952423658279317,-0.002103872227967374,0.004484600428543262,0.016713294997858452,0.0,2026-03-11 12:55:54.331430
0.8291666666666667,0.5090852826701884,0.9521044992743106,0.024790538089660745,0.8635366388767003,0.25080231009872167,0.9056603773584906,-0.001968052635333617,-0.0020751426732363853,0.004452940015785334,0.016713294997858452,0.0,2026-03-11 12:55:54.342310
0.8292022495313477,0.5090910741454877,0.9521160822249093,0.0248067607241483,0.8635665716165826,0.250803835678075,0.905682079595123,-0.0019408915256082793,-0.0020464450048034433,0.004421319153824044,0.016713294997858452,0.0,2026-03-11 12:55:54.353306
0.8290295710120783,0.5090415493583317,0.9521160822249093,0.02467672227183821,0.8633771929824562,0.25061575628478533,0.9055779183438758,-0.0019137589914849373,-0.0020177791696134317,0.004421319153824044,0.01690281562216167,0.0,2026-03-11 12:55:54.361435
0.8290651676035811,0.5090473380331111,0.9521276595744681,0.024692939747455525,0.8634071475553606,0.2506172799736766,0.9055996320570312,-0.001886654987891756,-0.0019891451147284744,0.004389737768594304,0.01690281562216167,0.0,2026-03-11 12:55:54.831413
0.8291007493755204,0.5090531239094014,0.9521392313270486,0.024709149932442893,0.8634370889960543,0.25061880291669564,0.9056213357857226,-0.0019037597624756986,-0.002007179084384081,0.0044079515989629,0.01690281562216167,0.0,2026-03-11 12:55:54.836053
0.8291363163371488,0.5090589069892313,0.9521507974867085,0.024725352831714995,0.8634670173131712,0.25062032511439003,0.9056430295368348,-0.0019208527528540298,-0.0020252006296721525,0.004426151065111794,0.01690281562216167,0.0,2026-03-11 12:55:54.885479
0.8291718684977112,0.509064687274628,0.9521623580575018,0.024741548450180204,0.8634969325153374,0.25062184656730696,0.9056647133172469,-0.0019379339712004562,-0.0020432097634275337,0.0044443361840269535,0.01690281562216167,0.0,2026-03-11 12:55:54.889628
0.8292074058664448,0.5090704647676162,0.9521739130434783,0.0247577367927474,0.863526834611172,0.2506233672759928,0.9056863871338312,-0.001955003429671809,-0.002061206498467749,0.004462506972667146,0.01690281562216167,0.0,2026-03-11 12:55:54.890808
0.8292429284525791,0.509076239470219,0.9521854624486839,0.024773917864318495,0.863556723609286,0.2506248872409938,0.9057080509934535,-0.0019720611404085986,-0.0020791908475925602,0.004480663447964606,0.01690281562216167,0.0,2026-03-11 12:55:54.892038
0.8292784362653358,0.5090820113844574,0.9521970062771608,0.02479009166978969,0.8635865995182833,0.25062640646285533,0.9057297049029739,-0.001989107115534239,-0.0020971628235844086,0.004498805626824698,0.01690281562216167,0.0,2026-03-11 12:55:54.896386
0.8293139293139293,0.5090877805123506,0.9522085445329471,0.024806258214053953,0.86361646234676,0.2506279249421224,0.9057513488692457,-0.0020061413671557116,-0.0021151224392073065,0.0045169335261265875,0.01690281562216167,0.0,2026-03-11 12:55:54.897711
0.829349407607566,0.5090935468559157,0.9522200772200772,0.024822417502001565,0.8636463121033049,0.25062944267933934,0.9057729828991162,-0.0019790658491154467,-0.002086516515715564,0.004485391543748052,0.01690281562216167,0.0,2026-03-11 12:55:54.902139
0.8293848711554447,0.5090993104171678,0.9522316043425815,0.02483856953851581,0.8636761487964989,0.25063095967505006,0.9057946069994264,-0.0019520187717453341,-0.002057942270987434,0.00445388889052456,0.01690281562216167,0.0,2026-03-11 12:55:54.903565
0.8294203199667567,0.5091050711981202,0.9522431259044862,0.024854714328477346,0.8637059724349158,0.250632475929798,0.9058162211770104,-0.001969041311952857,-0.0020758885149270156,0.004472002527120433,0.01690281562216167,0.0,2026-03-11 12:55:54.908083
0.8294557540506855,0.5091108292007842,0.9522546419098143,0.024870851876761618,0.8637357830271216,0.25063399144412585,0.9058378254386971,-0.001986052152819884,-0.00209382242467826,0.0044901019178361645,0.01690281562216167,0.0,2026-03-11 12:55:54.909664
0.8294911734164071,0.5091165844271692,0.9522661523625844,0.02488698218824078,0.8637655805816751,0.250635506218576,0.9058594197913084,-0.0019590334713315283,-0.002065278784109781,0.004458638520255409,0.01690281562216167,0.0,2026-03-11 12:55:54.914300
0.8295265780730897,0.5091223368792827,0.9522776572668112,0.024903105267778676,0.8637953651071273,0.2506370202536903,0.90588100424166,-0.0019760326249154136,-0.002083199861905749,0.004476723681890338,0.01690281562216167,0.0,2026-03-11 12:55:54.963881
0.8295619680298941,0.5091280865591301,0.952289156626506,0.0249192211202408,0.8638251366120219,0.25063853355000976,0.9059025787965616,-0.0019930201032563044,-0.0021011086312689997,0.004494794631217602,0.01690281562216167,0.0,2026-03-11 12:55:54.968040
0.8295973432959735,0.5091338334687149,0.9523006504456757,0.024935329750484313,0.8638548951048951,0.2506400461080752,0.9059241434628165,-0.00200999591837836,-0.0021190051048758374,0.004512851384983696,0.01690281562216167,0.0,2026-03-11 12:55:54.969269
0.8296327038804732,0.5091395776100389,0.9523121387283237,0.0249514311633624,0.8638846405942757,0.2506415579284269,0.9059456982472218,-0.0020269600822889755,-0.002136889295384803,0.00453089395990891,0.01690281562216167,0.0,2026-03-11 12:55:54.973690
0.8296680497925312,0.5091453189851017,0.9523236214784493,0.024967525363726106,0.863914373088685,0.25064306901160444,0.9059672431565686,-0.0019999697519879067,-0.0021083751920845106,0.004499469744641327,0.01690281562216167,0.0,2026-03-11 12:55:54.975264
0.8294959551960174,0.5090959424757516,0.9523236214784493,0.024837848731653754,0.8637257043022494,0.25045539165918423,0.9058634906092533,-0.001973007728273468,-0.0020798926134977247,0.004499469744641327,0.01709107697321366,0.0,2026-03-11 12:55:54.982886
0.8295313148071339,0.5091016810865511,0.9523350987000482,0.024853937847441752,0.8637554585152838,0.2504569008748043,0.9058850469429813,-0.001946073966638262,-0.0020514415073733527,0.004468084638540315,0.01709107697321366,0.0,2026-03-11 12:55:54.984585
0.829566659755339,0.5091074169350829,0.9523465703971119,0.024870019760834233,0.8637851997380485,0.25045840935487923,0.9059065934065934,-0.0019191684226685934,-0.0020230218215762097,0.004436738568640908,0.01709107697321366,0.0,2026-03-11 12:55:54.992408
0.8296019900497512,0.5091131500233412,0.9523580365736285,0.02488609447666357,0.8638149279790485,0.2504599170999465,0.9059281300068666,-0.00189229105204336,-0.0019946335040854635,0.004405431462159659,0.01709107697321366,0.0,2026-03-11 12:55:55.000274
0.8296373056994819,0.5091188803533179,0.9523694972335819,0.024902161999766234,0.8638446432467816,0.25046142411054334,0.9059496567505722,-0.0019092435767333882,-0.002012502887174916,0.004423459874938196,0.01709107697321366,0.0,2026-03-11 12:55:55.001810
0.8296726067136345,0.5091246079270031,0.9523809523809523,0.024918222334962183,0.8638743455497382,0.25046293038720635,0.9059711736444749,-0.0019261844741774725,-0.0020303600141715616,0.0044414741422379445,0.01709107697321366,0.0,2026-03-11 12:55:55.009488
0.8297078931013051,0.5091303327463851,0.9523924020197163,0.0249342754870785,0.8639040348964013,0.2504644359304717,0.9059926806953339,-0.0019431137563336032,-0.00204820489768065,0.004459474280700482,0.01709107697321366,0.0,2026-03-11 12:55:55.027131
0.8297431648715824,0.50913605481345,0.9524038461538461,0.02495032146093204,0.8639337112952464,0.25046594074087486,0.9060141779099017,-0.0019162645148247393,-0.0020198463804910194,0.00442820606503469,0.01709107697321366,0.0,2026-03-11 12:55:55.029318
0.8297784220335473,0.5091417741301824,0.9524152847873107,0.024966360261336147,0.8639633747547416,0.25046744481895095,0.9060356652949245,-0.001933182193634586,-0.002037678528425735,0.004446192091275836,0.01709107697321366,0.0,2026-03-11 12:55:55.037591
0.8298136645962733,0.5091474906985645,0.952426717924075,0.02498239189309945,0.8639930252833479,0.2504689481652346,0.9060571428571428,-0.0019063610371062856,-0.0020093507733998095,0.0044149626940032105,0.01709107697321366,0.0,2026-03-11 12:55:55.042949
0.8298488925688263,0.5091532045205769,0.9524381455680999,0.02499841636102777,0.8640226628895185,0.25047045078025965,0.9060786106032908,-0.0019232671244953092,-0.00202717019957821,0.004432934624612583,0.01709107697321366,0.0,2026-03-11 12:55:55.048413
0.8298841059602649,0.5091589155981985,0.952449567723343,0.025014433669922127,0.8640522875816994,0.25047195266455974,0.906100068540096,-0.001940161632372317,-0.0020449774206703353,0.004450892476153601,0.01709107697321366,0.0,2026-03-11 12:55:55.050876
0.8299193047796399,0.5091646239334057,0.9524609843937575,0.025030443824578225,0.8640818993683294,0.25047345381866776,0.9061215166742806,-0.001957044572630129,-0.0020627724492110477,0.004468836265164033,0.01709107697321366,0.0,2026-03-11 12:55:55.056450
0.829954489035995,0.5091703295281736,0.9524723955832933,0.02504644682978946,0.8641114982578397,0.2504749542431163,0.9061429550125599,-0.0019739159571452447,-0.002080555297718778,0.004486766008155785,0.01709107697321366,0.0,2026-03-11 12:55:55.062070
0.829989658738366,0.5091760323844752,0.9524838012958964,0.025062442690341365,0.8641410842586544,0.25047645393843715,0.9061643835616439,-0.001990775797777511,-0.002098325978693749,0.004504681721614556,0.01709107697321366,0.0,2026-03-11 12:55:55.067814
0.8298180314309347,0.509126803488008,0.9524838012958964,0.024933117742172665,0.8639529821506312,0.25028918179716186,0.9060609519461248,-0.0019639826821865602,-0.0020700269261835214,0.004504681721614556,0.01727809156035154,0.0,2026-03-11 12:55:55.073667
0.8298532148025636,0.509132503607814,0.9524952015355086,0.024949108570261672,0.8639825897714908,0.25029067964316354,0.9060823918749287,-0.001980830990780169,-0.002087784950612903,0.004522583422000737,0.01727809156035154,0.0,2026-03-11 12:55:55.079559
0.829888383629599,0.509138200993094,0.9525065963060686,0.02496509226368186,0.8640121845082681,0.2502921767616444,0.9061038220193954,-0.0019976677791628816,-0.002105530832803737,0.004540471125748513,0.01727809156035154,0.0,2026-03-11 12:55:55.085470
0.8299235379210581,0.5091438956458152,0.9525179856115108,0.024981068827207256,0.8640417663693714,0.2502936731531343,0.906125242386221,-0.0020144930591460275,-0.0021232645852045096,0.00455834484926676,0.01727809156035154,0.0,2026-03-11 12:55:55.096517
0.8299586776859504,0.5091495875679428,0.952529369455766,0.024997038265608975,0.8640713353632014,0.25029516881816266,0.906146652982096,-0.0020313068425251712,-0.0021409862202483865,0.004576204608938594,0.01727809156035154,0.0,2026-03-11 12:55:55.103859
0.8299938029332783,0.5091552767614405,0.9525407478427612,0.025013000583649577,0.8641008914981517,0.2502966637572586,0.9061680538137042,-0.0020045417239201724,-0.0021127163323695353,0.004545013957816368,0.01727809156035154,0.0,2026-03-11 12:55:55.114318
0.8300289136720364,0.5091609632282696,0.9525521207764198,0.025028955786092367,0.8641304347826086,0.25029815797095056,0.9061894448877236,-0.0020213440224745582,-0.002130425362894428,0.004562859769999039,0.01727809156035154,0.0,2026-03-11 12:55:55.121854
0.8300640099112121,0.5091666469703904,0.9525634882606613,0.0250449038776946,0.8641599652249511,0.25029965145976646,0.9062108262108263,-0.0020381348479675543,-0.0021481223012169703,0.004580691651024704,0.01727809156035154,0.0,2026-03-11 12:55:55.132496
0.8298926507018992,0.509117565025853,0.9525634882606613,0.024915914407609176,0.8639721860060843,0.25011279092497896,0.9061075660893345,-0.0020113976824890356,-0.002119882532727768,0.004580691651024704,0.017463871727772196,0.0,2026-03-11 12:55:55.145403
0.8299277605779154,0.509123246045223,0.9525748502994011,0.024931857481999307,0.8640017379969585,0.2501142825750268,0.9061289587605377,-0.0020281770466676896,-0.002137566892883136,0.004598509617199875,0.017463871727772196,0.0,2026-03-11 12:55:55.156268
0.8299628559636814,0.5091289243437982,0.9525862068965517,0.024947793455477908,0.864031277150304,0.2501157735017934,0.9061503416856491,-0.002044944961263062,-0.0021552391859211983,0.004616313684805418,0.017463871727772196,0.0,2026-03-11 12:55:55.164174
0.8299979368681659,0.5091345999235329,0.9525975580560211,0.024963722332786303,0.8640608034744842,0.2501172637058046,0.9061717148713276,-0.0020182357051431454,-0.0021270294890287644,0.004585161707770236,0.017463871727772196,0.0,2026-03-11 12:55:55.175262
0.83003300330033,0.5091402727863792,0.9526089037817137,0.024979644118663987,0.864090316977855,0.250118753187586,0.9061930783242259,-0.001991554314705102,-0.0020988508088453095,0.004554048332937044,0.017463871727772196,0.0,2026-03-11 12:55:55.186654
0.8300680552691276,0.5091459429342876,0.9526202440775305,0.02499555881784499,0.8641198176687649,0.2501202419476625,0.9062144320509903,-0.0020083107914324883,-0.0021165100534228376,0.004571838518228621,0.017463871727772196,0.0,2026-03-11 12:55:55.203817
0.8301030927835051,0.5091516103692065,0.9526315789473684,0.025011466435060286,0.8641493055555556,0.2501217299865587,0.9062357760582612,-0.001981657223090849,-0.002088361842795816,0.004540763673890558,0.017463871727772196,0.0,2026-03-11 12:55:55.215305
0.8301381158524016,0.5091572750930827,0.9526429083951208,0.02502736697503719,0.8641787806465611,0.2501232173047985,0.9062571103526734,-0.001955031433350851,-0.002060244547281931,0.004509727288518284,0.017463871727772196,0.0,2026-03-11 12:55:55.543135
0.8301731244847486,0.509162937107861,0.9526542324246772,0.025043260442494945,0.8642082429501085,0.2501247039029054,0.9062784349408552,-0.0019717764839092267,-0.002077890759265122,0.0045275036077263575,0.017463871727772196,0.0,2026-03-11 12:55:55.544376
0.8300020605810838,0.5091140014582403,0.9526542324246772,0.024914607193087062,0.8640208197787899,0.24993825236458064,0.9061753667690209,-0.0019451784293669228,-0.0020498038333613966,0.0045275036077263575,0.01764842965724933,0.0,2026-03-11 12:55:55.545572
0.8300370828182941,0.5091196607658633,0.9526655510399235,0.02493049566367855,0.864050303555941,0.24993973713545278,0.9061967026719726,-0.001918608066708627,-0.002021747721419276,0.004496505609967394,0.01764842965724933,0.0,2026-03-11 12:55:55.553193
0.8300720906282183,0.5091253173682726,0.9526768642447419,0.02494637707161252,0.8640797745501843,0.24994122118777354,0.9062180288734796,-0.0019353417027813125,-0.002039380916644573,0.004514268079296779,0.01764842965724933,0.0,2026-03-11 12:55:55.554797
0.8301070840197694,0.509130971267407,0.9526881720430107,0.024962251421595905,0.864109232769831,0.2499427045220644,0.9062393453801568,-0.0019087989887833778,-0.0020113550748035447,0.004483308397975061,0.01764842965724933,0.0,2026-03-11 12:55:55.561375
0.830142063001853,0.5091366224652041,0.9526994744386049,0.024978118718331898,0.8641386782231852,0.24994418713884642,0.9062606521986138,-0.0018822838803121966,-0.001983359946213792,0.004452386962090493,0.01764842965724933,0.0,2026-03-11 12:55:55.572143
0.8301770275833676,0.5091422709635993,0.9527107714353953,0.02499397896652311,0.8641681109185442,0.24994566903864024,0.9062819493354538,-0.001899006113566526,-0.0020009801404867744,0.0044701355977209145,0.01764842965724933,0.0,2026-03-11 12:55:55.573944
0.8302119777732043,0.5091479167645263,0.9527220630372493,0.025009832170862806,0.8641975308641975,0.24994715022196579,0.9063032367972743,-0.0018725185675781963,-0.001973015182924698,0.004439252336448596,0.01764842965724933,0.0,2026-03-11 12:55:55.582447
0.8300411522633745,0.5090991267567199,0.9527220630372493,0.024881509680353055,0.8640103941100044,0.24976110840220117,0.9062003179650239,-0.0018460585411181896,-0.001945080838342994,0.004439252336448596,0.017831777370795554,0.0,2026-03-11 12:55:55.590709
0.8300761160255091,0.5091047698621105,0.9527333492480305,0.024897357897819872,0.8640398354622213,0.24976258776762972,0.9062216167120799,-0.0018196259913211277,-0.0019171770565014068,0.004408407179138263,0.017831777370795554,0.0,2026-03-11 12:55:55.592860
0.8301110654051831,0.5091104102738948,0.952744630071599,0.024913199081246146,0.8640692640692641,0.2497640664181612,0.9062429057888763,-0.0017932208754107837,-0.0018893037872698137,0.004377600055314179,0.017831777370795554,0.0,2026-03-11 12:55:55.611002
0.8299403660292001,0.5089967447250912,0.9525172989739918,0.02458178442042901,0.8640692640692641,0.2497342669708896,0.906140052207468,-0.002285515349869649,-0.002409225584772301,0.004962973839837348,0.017831777370795554,0.0,2026-03-11 12:55:55.619800
0.8299753289473685,0.5090024082151945,0.9525286259541985,0.024597669041079285,0.864098679939407,0.24973575183982186,0.9061613525473733,-0.0023022261919568576,-0.0024268409502967714,0.00498070865792366,0.017831777370795554,0.0,2026-03-11 12:55:55.635275
0.8300102774922918,0.5090080690038954,0.9525399475316003,0.024613546614534097,0.8641280830809174,0.24973723599167094,0.906182643221781,-0.0022756069344566088,-0.0023987135391074776,0.0049495979919732536,0.017831777370795554,0.0,2026-03-11 12:55:55.644243
0.8300452116728319,0.5090137270931263,0.952551263710062,0.024629417145482994,0.864157473502055,0.24973871942695625,0.906203924237269,-0.00224901526167931,-0.0023706168514696646,0.00491852561607331,0.017831777370795554,0.0,2026-03-11 12:55:55.650256
0.829874666118759,0.5089001929734945,0.9523241954707986,0.024298853624829038,0.864157473502055,0.24970895141690627,0.906101156724881,-0.0019252312376839553,-0.0020293262090278485,0.004547141574378966,0.017831777370795554,0.0,2026-03-11 12:55:55.656375
0.8299096138044372,0.5089058740750829,0.9523355576739753,0.02431476740628302,0.8641868512110726,0.2497104410542544,0.9061224489795917,-0.0019420352218738612,-0.002047038764727782,0.004565000149597598,0.017831777370795554,0.0,2026-03-11 12:55:55.662557
0.8299445471349353,0.508911552469451,0.9523469144627115,0.024330674132178685,0.8642162162162162,0.24971192997286448,0.9061437315801407,-0.001915471090963683,-0.0020189818103990564,0.004533965993102185,0.017831777370795554,0.0,2026-03-11 12:55:55.669746
0.8299794661190965,0.5089172281585336,0.9523582658408766,0.02434657380720511,0.8642455685257242,0.2497134181732565,0.9061650045330915,-0.0019322636399823345,-0.0020366818170338696,0.004551810681403867,0.017831777370795554,0.0,2026-03-11 12:55:55.676302
0.8298090741120919,0.5088038251737942,0.9521314598713979,0.024016858786873513,0.8642455685257242,0.24968368153508338,0.9060623229461756,-0.00160890871107644,-0.0016958530136945704,0.004180990119267647,0.017831777370795554,0.0,2026-03-11 12:55:55.682826
0.8298440065681445,0.5088095238095238,0.9521428571428572,0.024032801526408406,0.8642749081478279,0.24968517592125877,0.9060836071145351,-0.001625794077939946,-0.001713650853985893,0.004198958073496795,0.017831777370795554,0.0,2026-03-11 12:55:55.692556
0.829878924687051,0.5088152197322633,0.9521542489883361,0.024048737202123086,0.8643042350907519,0.2496866695870534,0.9061048816400498,-0.0015992574461299869,-0.0016856330528767227,0.004167962065933839,0.017831777370795554,0.0,2026-03-11 12:55:55.699412
0.8297086581862946,0.5087665747170507,0.9521542489883361,0.023920983688987575,0.8641175199827177,0.2495010979006321,0.9060022650056625,-0.0016161313341580552,-0.0017034182965594002,0.004167962065933839,0.017631860299358593,0.0,2026-03-11 12:55:55.706366
0.8297435897435897,0.508772267928737,0.9521656354117087,0.023936914422455137,0.86414686825054,0.24950258973698233,0.9060235507246377,-0.001589622158770232,-0.0016754305522916901,0.00413700413700413,0.017631860299358593,0.0,2026-03-11 12:55:55.712443
0.8297785069729287,0.5087779584313052,0.9521770164168452,0.023952838101889314,0.8641762038436622,0.24950408085452772,0.9060448268055241,-0.0015631403972140578,-0.0016474733123770235,0.004106084216581429,0.017631860299358593,0.0,2026-03-11 12:55:55.718574
0.8298134098831249,0.5087836462266886,0.9521883920076119,0.023968754731975947,0.8642055267702936,0.24950557125378772,0.9060660932548665,-0.001536686006987753,-0.0016195465269723819,0.0040752022347114725,0.017631860299358593,0.0,2026-03-11 12:55:55.724756
0.8296432964329643,0.508735145558702,0.9521883920076119,0.0238413224223149,0.8640189941722426,0.2493204093943299,0.9059635622948964,-0.0015535484278816902,-0.0016373181960518401,0.0040752022347114725,0.017433026789284267,0.0,2026-03-11 12:55:55.734198
0.829678212748514,0.5087408306488319,0.9521997621878716,0.02385723410458691,0.8640483383685801,0.24932189797030835,0.9059848399140175,-0.0015703993933265936,-0.0016550777919863702,0.004093156233248019,0.017433026789284267,0.0,2026-03-11 12:55:55.746272
0.8297131147540984,0.5087465130356379,0.9522111269614836,0.02387313874727379,0.8640776699029126,0.24932338582957114,0.9060061079063454,-0.0015439723320158638,-0.0016271804217651287,0.0040623121201478485,0.017433026789284267,0.0,2026-03-11 12:55:55.754491
0.8297480024585125,0.5087521927210478,0.9522224863323033,0.023889036355047185,0.864106988783434,0.2493248729726358,0.9060273662784123,-0.0015175725572939003,-0.0015993134077683102,0.004031505806206037,0.017433026789284267,0.0,2026-03-11 12:55:55.765772
0.8297828758705449,0.5087578697069873,0.9522338403041825,0.023904926932573754,0.8641362950183308,0.24932635940001951,0.9060486150367439,-0.001491200026921602,-0.001571476700475305,0.004000737221981132,0.017433026789284267,0.0,2026-03-11 12:55:55.777235
0.829817734998976,0.5087635439953808,0.9522451888809693,0.023920810484514426,0.8641655886157826,0.2493278451122388,0.9060698541878602,-0.0015080395485869147,-0.0015892227543019555,0.004018677281077743,0.017433026789284267,0.0,2026-03-11 12:55:55.788689
0.8298525798525799,0.5087692155881502,0.9522565320665083,0.02393668701552824,0.8641948695839621,0.24932933010980973,0.9060910837382754,-0.0015248676381260928,-0.0016069567605700996,0.0040366034169621035,0.017433026789284267,0.0,2026-03-11 12:55:55.810215
0.8298874104401228,0.5087748844872162,0.9522678698646402,0.02395255653026977,0.8642241379310345,0.24933081439324795,0.9061123036944978,-0.0015416843071770492,-0.001624678731543927,0.004054515645836476,0.017433026789284267,0.0,2026-03-11 12:55:55.828239
0.8299222267703643,0.5087805506944972,0.9522792022792023,0.023968419033388536,0.8642533936651584,0.24933229796306847,0.9061335140630296,-0.0015584895673615984,-0.001642388679470752,0.0040724139838780316,0.017433026789284267,0.0,2026-03-11 12:55:55.846317
0.8299570288520565,0.5087862142119102,0.952290529314028,0.023984274529529576,0.8642826367944851,0.24933378081978594,0.906154714850367,-0.001575283430286012,-0.0016600866165819017,0.004090298447238849,0.017433026789284267,0.0,2026-03-11 12:55:55.864503
0.8299918166939444,0.5087918750413698,0.9523018509729473,0.02400012302333783,0.8643118673271591,0.2493352629639145,0.906175906063001,-0.001548938102110986,-0.0016322777065180816,0.004059567523459817,0.017433026789284267,0.0,2026-03-11 12:55:55.882730
0.8298220494988751,0.5087435180790663,0.9523018509729473,0.02387302531958501,0.8641257536606374,0.2491505017210806,0.9060736057800858,-0.0015226199340682145,-0.0016044990071115706,0.004059567523459817,0.017615176151761447,0.0,2026-03-11 12:55:55.907800
0.8296523517382413,0.5086305522604455,0.9520759193357058,0.0235449792525148,0.8641257536606374,0.2491209447482355,0.9059713285923919,-0.0012004193604753244,-0.001264972058295566,0.003689991402192061,0.017615176151761447,0.0,2026-03-11 12:55:55.923395
0.8294827233694541,0.5085823383660777,0.9520759193357058,0.023418268528648294,0.8639397201291712,0.24893661550009788,0.9058690744920993,-0.0012173053342043882,-0.0012827660773255811,0.003689991402192061,0.017417417417417425,0.0,2026-03-11 12:55:55.936084
0.8295175797219951,0.5085880219619819,0.9520872865275142,0.023434163939575054,0.8639690055962118,0.24893810156951363,0.905890318212593,-0.0012341798675719051,-0.001300548040787275,0.0037079982213744644,0.017417417417417425,0.0,2026-03-11 12:55:55.948807
0.8295524218271,0.5085937028623225,0.9520986483281954,0.02345005233617532,0.863998278459221,0.24893958692526505,0.9059115523465703,-0.0012510429722002447,-0.0013183179609279616,0.003725991097994652,0.017417417417417425,0.0,2026-03-11 12:55:55.961614
0.8295872496935023,0.5085993810690167,0.9521100047415837,0.023465933723092938,0.8640275387263339,0.24894107156786627,0.9059327769005188,-0.0012678946596961227,-0.0013360758499785241,0.0037439700482396754,0.017417417417417425,0.0,2026-03-11 12:55:55.984723
0.8296220633299285,0.5086050565839797,0.9521213557715098,0.02348180810496479,0.8640567864056786,0.24894255549783084,0.9059539918809201,-0.0012847349416506004,-0.0013538217201531921,0.0037619350882717173,0.017417417417417425,0.0,2026-03-11 12:55:55.997937
0.8296568627450981,0.5086107294091253,0.952132701421801,0.023497675486425798,0.8640860215053764,0.2489440387156718,0.9059751972942502,-0.0012584438917613294,-0.0013260801269863176,0.003731241755836723,0.017417417417417425,0.0,2026-03-11 12:55:56.014223
0.8296916479477231,0.5086163995463651,0.9521440416962805,0.023513535872105116,0.8641152440335411,0.24894552122190167,0.9059963931469792,-0.0012752727797495922,-0.0013438134991823336,0.003749192901792986,0.017417417417417425,0.0,2026-03-11 12:55:56.027597
0.8297264189465088,0.508622066997609,0.9521553765987684,0.023529389266629317,0.8641444539982803,0.24894700301703263,0.9060175794455713,-0.0012920902853313931,-0.0013615348772140212,0.003767130169785693,0.017417417417417425,0.0,2026-03-11 12:55:56.044077
0.8297611757501531,0.5086277317647652,0.9521667061330807,0.023545235674617325,0.864173651407694,0.2489484841015762,0.906038756196485,-0.0013088964200507203,-0.00137924427324565,0.0037850535759019754,0.017417417417417425,0.0,2026-03-11 12:55:56.077231
0.8295918367346938,0.5085150226376187,0.9519412878787878,0.023218349314211097,0.864173651407694,0.24891901402344963,0.9059366903233075,-0.0017975655051252204,-0.0018951532089865886,0.0043656447096435125,0.017417417417417425,0.0,2026-03-11 12:55:56.097029
0.8296266068149357,0.5085207100591715,0.9519526627218935,0.023234238231616616,0.8642028362698754,0.2489205011982935,0.9059578781394301,-0.0018143602805105186,-0.0019128597528510483,0.004383554269945966,0.017417417417417425,0.0,2026-03-11 12:55:56.123162
0.8296613627090983,0.5085263947890909,0.9519640321817321,0.023250120149802062,0.8642320085929108,0.2489219876604371,0.9059790564125662,-0.0018311437080746895,-0.001930554332834511,0.004401450000471985,0.017417417417417425,0.0,2026-03-11 12:55:56.147329
0.8296961044258617,0.5085320768292871,0.9519753962621245,0.023265995073392283,0.8642611683848798,0.24892347341039273,0.9060002251491613,-0.0018046417493149391,-0.0019025604551921038,0.004370458249505216,0.017417417417417425,0.0,2026-03-11 12:55:56.172239
0.8295269168026101,0.5084840053688762,0.9519753962621245,0.023139691645512602,0.8640755851406485,0.24873956243337572,0.9058982440342188,-0.0018214138405551195,-0.001920242589364296,0.004370458249505216,0.017220724767894602,0.0,2026-03-11 12:55:56.215749
0.8293577981651377,0.5083714254970382,0.9517502365184485,0.02281371174339203,0.8640755851406485,0.2487101449461422,0.9057962858750703,-0.002309342439366091,-0.002435898915967183,0.004950004950004971,0.017220724767894602,0.0,2026-03-11 12:55:56.242319
0.8293925805136567,0.5083771301273858,0.951761645779144,0.02282963111736599,0.8641047659939889,0.2487116356683235,0.9058174862158209,-0.0023261032057640962,-0.0024535782051033905,0.004967886866767635,0.017220724767894602,0.0,2026-03-11 12:55:56.259964
0.8292235581821887,0.508329200470693,0.951761645779144,0.022703711432234656,0.8639192959862632,0.2485281523267364,0.9057155715571558,-0.0023428526587861986,-0.002471245560868418,0.004967886866767635,0.01702508960573479,0.0,2026-03-11 12:55:56.277735
0.8292583537082314,0.508334902403816,0.9517730496453901,0.022719625901742098,0.8639484978540772,0.24852964123592416,0.9057367829021372,-0.0023161407140508405,-0.0024430009158507016,0.004936598244874912,0.01702508960573479,0.0,2026-03-11 12:55:56.299055
0.8292931350580567,0.5083406016416268,0.9517844481210116,0.022735533369474616,0.8639776871915897,0.24853112943238884,0.9057579847053531,-0.0022894562224961,-0.00241478688833463,0.004905347779838309,0.01702508960573479,0.0,2026-03-11 12:55:56.330026
0.8291242362525458,0.5082928131621258,0.9517844481210116,0.02260992610301061,0.8637923637923638,0.24834804938586125,0.9056561340380075,-0.002262799141821259,-0.0023866034285622284,0.004905347779838309,0.017206052327414123,0.0,2026-03-11 12:55:56.349086
0.8289554062309102,0.5082451652369764,0.9517844481210116,0.02248462605873622,0.8636071198799057,0.24816537334099864,0.9055543062738924,-0.002279537292918188,-0.0024042573723248584,0.004905347779838309,0.017011466147357046,0.0,2026-03-11 12:55:56.369865
0.8289902280130294,0.5082508617813856,0.9517958412098299,0.022500530672893777,0.8636363636363636,0.24816685863616428,0.9055755395683452,-0.0022962641535254624,-0.0024218994078624156,0.004923215898825717,0.017011466147357046,0.0,2026-03-11 12:55:56.388145
0.8288214939955221,0.5081384360973306,0.9515709898417198,0.022175643001114548,0.8636363636363636,0.24813754355028605,0.9054737551983815,-0.0027829814641038286,-0.002936754004373876,0.005501388042521538,0.017011466147357046,0.0,2026-03-11 12:55:56.406901
0.8286528286528286,0.5080260635194087,0.9513462446858763,0.02185143332655626,0.8636363636363636,0.24810823885062083,0.9053719937064509,-0.003269199321310645,-0.0034516086008853364,0.006078855957053264,0.017011466147357046,0.0,2026-03-11 12:55:56.456801
0.8286876907426246,0.5080318077644281,0.951357733175915,0.02186742930074746,0.8636655948553055,0.2481097369279198,0.9053932584269663,-0.003242097980715175,-0.003422897164263361,0.006046978201573516,0.017011466147357046,0.0,2026-03-11 12:55:58.243714
0.8287225386493083,0.5080375492973394,0.9513692162417375,0.021883418244373735,0.8636948135447922,0.2481112342888724,0.9054145135924512,-0.0032150244221192947,-0.003394216800624905,0.006015139226818067,0.017011466147357046,0.0,2026-03-11 12:55:58.248265
0.8287573723815335,0.5080432881200628,0.9513806938871844,0.02189940016206751,0.8637240197128776,0.2481127309339924,0.905435759209344,-0.003231740003656669,-0.0034118640406570755,0.006032993563993672,0.017011466147357046,0.0,2026-03-11 12:55:58.249758
0.8287921919479463,0.5080490242345168,0.9513921661160925,0.02191537505845861,0.8637532133676092,0.24811422686379303,0.9054569952840781,-0.003248444317528687,-0.0034294993850099154,0.006050834135296279,0.017011466147357046,0.0,2026-03-11 12:55:58.254339
0.8288269973571865,0.5080547576426183,0.9514036329322954,0.021931342938174926,0.8637823945170272,0.24811572207878715,0.9054782218230805,-0.0032651373751244606,-0.0034471228457078062,0.0060686609566403815,0.017011466147357046,0.0,2026-03-11 12:55:58.262848
0.8288617886178862,0.5080604883462819,0.9514150943396227,0.0219473038058355,0.8638115631691649,0.24811721657948704,0.9054994388327723,-0.0032380915558304357,-0.0034184719940406616,0.006036860691884693,0.017011466147357046,0.0,2026-03-11 12:55:58.267993
0.8286933550091444,0.5080129803563018,0.9514150943396227,0.02182246387661633,0.8636266324127596,0.24793497842300186,0.9053978229154979,-0.0032110734332280177,-0.003389852116267189,0.006036860691884693,0.01719125378642805,0.0,2026-03-11 12:55:58.273264
0.8287281592848436,0.5080187083574407,0.9514265503419005,0.021838419833460593,0.8636558219178082,0.24793647111275652,0.9054190508246381,-0.0032277552459214487,-0.003407462700153907,0.006054673779159914,0.01719125378642805,0.0,2026-03-11 12:55:58.278482
0.8287629494210847,0.5080244336579661,0.9514380009429514,0.021854368787878036,0.8636849989300235,0.2479379630897639,0.905440269209198,-0.0032444258250710067,-0.003425061425061493,0.006072473148231561,0.01719125378642805,0.0,2026-03-11 12:55:58.280836
0.8287977254264826,0.5080301562597876,0.9514494461465944,0.021870310744474923,0.863714163457424,0.24793945435453457,0.905461478075586,-0.0032610851820198405,-0.0034426483029648125,0.00609025881494063,0.01719125378642805,0.0,2026-03-11 12:55:58.291130
0.8288324873096446,0.5080358761648128,0.9514608859566447,0.02188624570785739,0.8637433155080214,0.24794094490757837,0.9054826774302052,-0.0032777333280958887,-0.0034602233458222997,0.006108030795103581,0.01719125378642805,0.0,2026-03-11 12:55:58.297845
0.8288672350791717,0.5080415933749475,0.951472320376914,0.02190217368262644,0.8637724550898204,0.24794243474940483,0.905503867279453,-0.0032943702746117687,-0.003477786565576624,0.006125789104512558,0.01719125378642805,0.0,2026-03-11 12:55:58.304659
0.8289019687436574,0.5080473078920957,0.9514837494112105,0.02191809467337732,0.8638015822108189,0.247943923880523,0.905525047629721,-0.00331099603286511,-0.0034953379741544666,0.006143533758935393,0.01719125378642805,0.0,2026-03-11 12:55:58.314542
0.8287337662337663,0.5079352895556922,0.9512597127384036,0.021595216599067078,0.8638015822108189,0.2479147316835795,0.9054235768713582,-0.0029914761603566653,-0.0031580286168522154,0.005776945020080415,0.01719125378642805,0.0,2026-03-11 12:55:58.321522
0.8285656319740312,0.5078233239586185,0.9510357815442562,0.021273010924836078,0.8638015822108189,0.24788554979522184,0.9053221288515405,-0.003476256418637136,-0.0036716784010901726,0.006352716809109316,0.01719125378642805,0.0,2026-03-11 12:55:58.335891
0.8286004056795132,0.5078290858106373,0.9510473052482937,0.021289022395573936,0.8638306968790082,0.24788705160572852,0.9053433404279153,-0.0034929727826020773,-0.003689334495786234,0.006370581845697165,0.01719125378642805,0.0,2026-03-11 12:55:58.620597
0.8286351652808761,0.5078348449511964,0.9510588235294117,0.021305026848551685,0.8638597991023723,0.2478885527004086,0.90536454250196,-0.003509677916225029,-0.003706978728812871,0.00638843316105886,0.01719125378642805,0.0,2026-03-11 12:55:58.624970
0.8286699107866992,0.5078406013822091,0.9510703363914373,0.021321024288383745,0.8638888888888889,0.24789005307977402,0.9053857350800583,-0.003526371830819386,-0.0037246111121194136,0.006406270770995981,0.01719125378642805,0.0,2026-03-11 12:55:58.626394
0.8287046422055544,0.5078463551055874,0.9510818438381938,0.021337014719675057,0.8639179662465285,0.24789155274433586,0.9054069181685884,-0.0035430545376833322,-0.0037422316576396497,0.006424094691286242,0.01719125378642805,0.0,2026-03-11 12:55:58.630863
0.8287393595460073,0.5078521061232409,0.951093345873501,0.021352998147034792,0.863947031183255,0.24789305169460502,0.9054280917739228,-0.0035597260480996207,-0.003759840377290047,0.00644190493768293,0.01719125378642805,0.0,2026-03-11 12:55:58.632445
0.828774062816616,0.5078578544370781,0.9511048425011753,0.021368974575060123,0.8639760837070254,0.2478945499310917,0.9054492559024281,-0.0035763863733361267,-0.003777437282972418,0.006459701525915129,0.01719125378642805,0.0,2026-03-11 12:55:58.637002
0.828808752025932,0.5078636000490051,0.9511163337250294,0.02138494400834931,0.86400512382579,0.24789604745430574,0.9054704105604653,-0.003593035524645738,-0.0037950223865717003,0.006477484471688055,0.01719125378642805,0.0,2026-03-11 12:55:58.710559
0.8288434271824995,0.5078693429609266,0.9511278195488722,0.021400906451494204,0.864034151547492,0.24789754426475646,0.90549155575439,-0.0036096735132657987,-0.0038125956999575106,0.006495253790682609,0.01719125378642805,0.0,2026-03-11 12:55:58.717751
0.8288780882948562,0.5078750831747451,0.9511392999765093,0.021416861909084,0.8640631668800682,0.2478990403629527,0.9055126914905511,-0.0035824488812563615,-0.0037837318005706777,0.006463161861692157,0.01719125378642805,0.0,2026-03-11 12:55:58.718907
0.8289127353715326,0.5078808206923617,0.9511507750117426,0.021432810385702696,0.8640921698314487,0.24790053574940282,0.9055338177752934,-0.0035552520862940362,-0.0037548990717015673,0.006431108879217384,0.01719125378642805,0.0,2026-03-11 12:55:58.726353
0.8289473684210527,0.5078865555156757,0.9511622446583705,0.021448751885932236,0.8641211604095563,0.24790203042461464,0.9055549346149548,-0.003571878923447125,-0.003772459597334077,0.006448864587090486,0.01719125378642805,0.0,2026-03-11 12:55:58.727903
0.8289819874519329,0.5078922876465843,0.9511737089201878,0.021464686414346845,0.8641501386223075,0.24790352438909555,0.9055760420158677,-0.003588494620340943,-0.003790008357120289,0.006466606699475186,0.01719125378642805,0.0,2026-03-11 12:55:58.735552
0.8290165924726831,0.5078980170869833,0.9511851678009857,0.021480613975520535,0.8641791044776119,0.24790501764335254,0.9055971399843593,-0.003561325619752642,-0.0037612057408829003,0.006434592592661437,0.01719125378642805,0.0,2026-03-11 12:55:58.737223
0.8288488772000809,0.5078506484166219,0.9511851678009857,0.02135625412762899,0.863994883820081,0.2477232024244367,0.9054959785522789,-0.003577930187579459,-0.003778742243439215,0.006434592592661437,0.016997708174178672,0.0,2026-03-11 12:55:58.744939
0.8288834951456311,0.507856375168405,0.9511966213045518,0.021372176862343658,0.8640238704177323,0.24772469387433374,0.905517087335269,-0.0035945236375168887,-0.003796267004112508,0.0064523211251668044,0.016997708174178672,0.0,2026-03-11 12:55:58.746734
0.8289180990899899,0.5078620992334643,0.9512080694346704,0.021388092639317544,0.864052844662263,0.24772618461553936,0.9055381866904868,-0.003611105980727558,-0.003813780034691794,0.006470036093377929,0.016997708174178672,0.0,2026-03-11 12:55:58.751308
0.8289526890416499,0.50786782061369,0.9512195121951219,0.021404001463106073,0.864081806561568,0.24772767464855855,0.9055592766242465,-0.003583964731927458,-0.003785006982262029,0.006438060791542077,0.016997708174178672,0.0,2026-03-11 12:55:58.752879
0.8289872650090965,0.5078735393109708,0.9512309495896835,0.021419903338267512,0.8641107561235357,0.24772916397389586,0.9055803571428572,-0.0035568511924164437,-0.0037562649519913283,0.006406124224172416,0.016997708174178672,0.0,2026-03-11 12:55:58.764473
0.8290218270008084,0.5078792553271932,0.9512423816221285,0.021435798269351755,0.8641396933560477,0.2477306525920555,0.9056014282526222,-0.0035734224400476577,-0.0037737652614842077,0.006423825643650627,0.016997708174178672,0.0,2026-03-11 12:55:58.769624
0.8290563750252576,0.5078849686642425,0.9512538082962269,0.021451686260908435,0.8641686182669789,0.24773214050354114,0.9056224899598394,-0.003546336567413766,-0.0037450537026568753,0.0063919277404062,0.016997708174178672,0.0,2026-03-11 12:55:58.774872
0.8288888888888889,0.5078377387015541,0.9512538082962269,0.021327641480497487,0.8639846743295019,0.24755071818663812,0.9055214723926381,-0.003519278319331298,-0.0037163730663483108,0.0063919277404062,0.017176332139210437,0.0,2026-03-11 12:55:58.779986
0.8289234498081196,0.5078434493613133,0.9512652296157451,0.02134352465476333,0.8640136199191317,0.24755220430282396,0.9055425448868072,-0.0035358384825161515,-0.003733860670013023,0.00640961562668918,0.017176332139210437,0.0,2026-03-11 12:55:58.782419
0.8289579967689822,0.5078491573456637,0.951276645584446,0.02135940089894959,0.8640425531914894,0.2475536897138584,0.9055636079830528,-0.0035088078167456738,-0.0037052104071340075,0.006377756317399008,0.017176332139210437,0.0,2026-03-11 12:55:58.784849
0.8287906319402383,0.5078020654822815,0.951276645584446,0.021235661594045552,0.8638587534567114,0.2473726632255071,0.9054626532887403,-0.0035253569066016066,-0.003722685818488891,0.006377756317399008,0.016983818770226478,0.0,2026-03-11 12:55:58.790504
0.828825191764231,0.507807770793103,0.951288056206089,0.021251533010516643,0.8638877073585708,0.24737414684618333,0.9054837271511368,-0.003498353780989838,-0.0036940658806257076,0.006345935532061975,0.016983818770226478,0.0,2026-03-11 12:55:58.796087
0.8288597376387488,0.5078134734322735,0.9512994614844299,0.021267397506350306,0.8639166489474803,0.2473756297632263,0.9055047916202362,-0.0034713781534692068,-0.0036654767168888824,0.006314153200846273,0.016983818770226478,0.0,2026-03-11 12:55:58.801712
0.8288942695722357,0.5078191734016689,0.951310861423221,0.021283255086072202,0.8639455782312925,0.24737711197713647,0.9055258467023172,-0.0034444299820581836,-0.00363691827767032,0.006282409254088517,0.016983818770226478,0.0,2026-03-11 12:55:58.807712
0.8289287875731289,0.5078248707031641,0.9513222560262111,0.021299105754205183,0.8639744952178533,0.247378593488414,0.9055468924036535,-0.0034175092248600603,-0.0036083905134667305,0.00625070362229363,0.016983818770226478,0.0,2026-03-11 12:55:58.813522
0.8289632916498588,0.5078305653386312,0.9513336452971455,0.02131494951526489,0.8640033999150021,0.24738007429755837,0.9055679287305122,-0.003434047252490191,-0.0036258522547774064,0.00626837799089508,0.016983818770226478,0.0,2026-03-11 12:55:58.819464
0.8289977818108489,0.5078362573099415,0.951345029239766,0.021330786373766626,0.8640322923305714,0.24738155440506876,0.905588955689156,-0.0034071538676939683,-0.0035973546203724727,0.00623671060473574,0.016983818770226478,0.0,2026-03-11 12:55:58.825441
0.8290322580645161,0.507841946618964,0.9513564078578111,0.021346616334219116,0.8640611724723875,0.24738303381144378,0.9056099732858415,-0.003380287813573357,-0.003568887562828582,0.006205081395051493,0.016983818770226478,0.0,2026-03-11 12:55:58.831456
0.8290667204192703,0.5078476332675661,0.9513677811550152,0.021362439401129463,0.8640900403482693,0.24738451251718158,0.9056309815268195,-0.0033534490484868895,-0.00354045103296019,0.00617349029284886,0.016983818770226478,0.0,2026-03-11 12:55:58.837717
0.8291011688835147,0.5078533172576134,0.9513791491351099,0.02137825557899876,0.8641188959660298,0.2473859905227798,0.9056519804183357,-0.0033699760249792376,-0.003557899621010163,0.006191151159258945,0.016983818770226478,0.0,2026-03-11 12:55:58.843869
0.8291356034656457,0.50785899859097,0.9513905118018229,0.02139406487232525,0.8641477393334749,0.24738746782873572,0.9056729699666296,-0.0033864919614071676,-0.003575336553356845,0.006208798538943849,0.016983818770226478,0.0,2026-03-11 12:55:58.850064
0.8291700241740532,0.5078646772694977,0.9514018691588785,0.021409867285603654,0.8641765704584041,0.2473889444355461,0.9056939501779361,-0.0033596804437978633,-0.003546929514620434,0.006177245475395221,0.016983818770226478,0.0,2026-03-11 12:55:58.856425
0.8290030211480363,0.5078177229006071,0.9514018691588785,0.021286451132061956,0.8639932102694674,0.2472083026119437,0.9055932391860336,-0.0033761853512198625,-0.0035643543097014785,0.006177245475395221,0.016792329408524376,0.0,2026-03-11 12:55:58.862938
0.8290374546919049,0.5078233989261668,0.9514132212099977,0.021302248751248372,0.8640220619431481,0.24720977744240605,0.9056142301278489,-0.0033926792406795414,-0.0035817674727431914,0.006194879383798035,0.016792329408524376,0.0,2026-03-11 12:55:58.872394
0.8290718743708476,0.5078290723006168,0.9514245679588977,0.02131803949973493,0.864050901378579,0.24721125157522472,0.9056352117372458,-0.0034091621232060776,-0.0035991690153891476,0.00621249983633787,0.016792329408524376,0.0,2026-03-11 12:55:58.878872
0.8291062801932367,0.5078347430258142,0.9514359094092926,0.021333823382004333,0.8640797285835454,0.24721272501089467,0.9056561840204468,-0.0034256340098136606,-0.003616558949267379,0.0062301068484104105,0.016792329408524376,0.0,2026-03-11 12:55:58.885356
0.8289394244314752,0.5077879255501273,0.9514359094092926,0.02121071251290274,0.8638965444138224,0.2470324750962908,0.9055555555555556,-0.0033988496982091387,-0.0035881803723460948,0.0062301068484104105,0.016969800960878523,0.0,2026-03-11 12:55:58.898910
0.8289738430583501,0.5077935936279273,0.9514472455648926,0.021226491595685393,0.8639253921153031,0.24703394676149007,0.9055765385469895,-0.003415310599897192,-0.003605558217673943,0.006247700435388026,0.016969800960878523,0.0,2026-03-11 12:55:58.916849
0.8290082478374573,0.5077992590601835,0.9514585764294049,0.021242263821578556,0.8639542275905913,0.24703541773103682,0.9055975122167926,-0.003431760527650929,-0.003622924477771905,0.006265280612619439,0.016969800960878523,0.0,2026-03-11 12:55:58.934831
0.829042638777152,0.5078049218487475,0.9514699020065329,0.02125802919505101,0.8639830508474576,0.2470368880054241,0.9056184765711749,-0.0034481994924404624,-0.0036402791642207166,0.006282847395430169,0.016969800960878523,0.0,2026-03-11 12:55:58.952984
0.8288759300221195,0.5077582406684775,0.9514699020065329,0.021135222541338795,0.863800042363906,0.24685702858004746,0.9055179304985012,-0.0034214423454521636,-0.003611929499588662,0.006282847395430169,0.017146131217075977,0.0,2026-03-11 12:55:58.977223
0.8289103337354242,0.5077639008151994,0.9514812222999767,0.021150983110016668,0.8638288860652266,0.24685849708981553,0.9055389055389056,-0.0033947123217754616,-0.003583610171676188,0.006251332301873802,0.017146131217075977,0.0,2026-03-11 12:55:59.002246
0.8289447236180905,0.5077695583219275,0.9514925373134329,0.021166736835582997,0.8638577175524031,0.2468599649059147,0.9055598712684497,-0.003411140334556473,-0.003600952316789696,0.00626888570556583,0.017146131217075977,0.0,2026-03-11 12:55:59.014796
0.8289790996784566,0.5077752131905083,0.9515038470505945,0.02118248372249644,0.8638865368331922,0.2468614320288363,0.9055808276933318,-0.0034275574062699876,-0.003618282912022819,0.006286425745417934,0.017146131217075977,0.0,2026-03-11 12:55:59.027421
0.8288125376732972,0.5077286677113437,0.9515038470505945,0.02105998021990895,0.8637037037037038,0.24668196168011958,0.9054803638784114,-0.0034008544646842997,-0.0035899928948057713,0.006286425745417934,0.017321331151118335,0.0,2026-03-11 12:55:59.040075
0.8288469264764966,0.5077343199436223,0.9515151515151515,0.02107572229679919,0.8637325433770631,0.24668342704424748,0.9055013309671694,-0.0033741785640519772,-0.003561733118120136,0.006254948553357176,0.017321331151118335,0.0,2026-03-11 12:55:59.055905
0.8286804579232777,0.507687909574702,0.9515151515151515,0.020953516876390924,0.8635498201819336,0.24650434649284486,0.9054009093933681,-0.0033905847056245886,-0.0035790511991493634,0.006254948553357176,0.017130857648098963,0.0,2026-03-11 12:55:59.079354
0.828714859437751,0.5076935591725212,0.95152645071079,0.02096925412844303,0.8635786802030457,0.24650581010199682,0.905421887127176,-0.0034069799279681234,-0.003596357754001689,0.006272475244624931,0.017130857648098963,0.0,2026-03-11 12:55:59.091154
0.8285484842401124,0.5075827103315718,0.951304753028891,0.02065031905380637,0.8635786802030457,0.24647709153603442,0.9053215077605322,-0.003090696244641533,-0.003262493363531238,0.005909615837230708,0.017130857648098963,0.0,2026-03-11 12:55:59.108484
0.8285828984343637,0.5075883818022183,0.9513160959701841,0.02066609735269059,0.8636075280186086,0.246478560974107,0.9053424961205943,-0.003107180292397871,-0.0032798936811788693,0.005927260505431353,0.017130857648098963,0.0,2026-03-11 12:55:59.121783
0.8286172988159743,0.5075940506312856,0.9513274336283186,0.020681868810629053,0.8636363636363636,0.2464800297190109,0.9053634751773049,-0.003123653380016189,-0.003297282429466586,0.005944891760733317,0.017130857648098963,0.0,2026-03-11 12:55:59.138258
0.8286516853932584,0.5075997168206187,0.9513387660069849,0.020697633432068166,0.8636651870640456,0.24648149777123635,0.9053844449368491,-0.0031401155184236362,-0.003314659619928717,0.005962509618424927,0.017130857648098963,0.0,2026-03-11 12:55:59.168707
0.8286860581745236,0.507605380372061,0.9513500931098696,0.02071339122145698,0.8636939983093829,0.2464829651312735,0.9054054054054054,-0.003156566718533149,-0.003332025264084937,0.005980114093771194,0.017130857648098963,0.0,2026-03-11 12:55:59.188420
0.8287204171680705,0.5076110412874544,0.9513614149406563,0.02072914218323097,0.8637227973800972,0.24648443179961174,0.9054263565891472,-0.0031730069912431214,-0.003349379373439376,0.005997705202013925,0.017130857648098963,0.0,2026-03-11 12:55:59.214291
0.8287547623821937,0.5076166995686386,0.9513727315030247,0.020744886321830733,0.8637515842839036,0.24648589777674018,0.9054472984942428,-0.003146358090510337,-0.0033211557622052634,0.005966265843116658,0.017130857648098963,0.0,2026-03-11 12:55:59.240394
0.8287890938251804,0.5076223552174519,0.9513840428006514,0.02076062364168637,0.8637803590285111,0.24648736306314747,0.9054682311268542,-0.003119736148705865,-0.003292962288302892,0.005934864249215077,0.017130857648098963,0.0,2026-03-11 12:55:59.267251
0.8288234115053117,0.507628008235731,0.9513953488372093,0.020776354147226856,0.8638091216216216,0.24648882765932165,0.9054891544931386,-0.0031361655049000348,-0.0033103038991924016,0.005952442005572989,0.017130857648098963,0.0,2026-03-11 12:55:59.296492
0.8288577154308617,0.5076336586253104,0.9514066496163683,0.020792077842878138,0.863837872070931,0.2464902915657504,0.9055100685992475,-0.003109570481135804,-0.003282140027580871,0.005921078108662825,0.017130857648098963,0.0,2026-03-11 12:55:59.312598
0.8288920056100981,0.5076393063880236,0.9514179451417946,0.020807794733060013,0.8638666103841284,0.24649175478292096,0.9055309734513275,-0.0031259889316835876,-0.003299469640805741,0.005938642528331539,0.017130857648098963,0.0,2026-03-11 12:55:59.332767
0.828926282051282,0.5076449515257017,0.9514292354171509,0.020823504822191127,0.8638953365688964,0.24649321731132007,0.9055518690555187,-0.00314239648744008,-0.003316787754619188,0.005956193626483586,0.017130857648098963,0.0,2026-03-11 12:55:59.350423
0.8289605447626678,0.5076505940401745,0.9514405204460966,0.02083920811468456,0.8639240506329114,0.24649467915143408,0.9055727554179567,-0.003158793159245832,-0.0033340943804633927,0.005973731418268624,0.017130857648098963,0.0,2026-03-11 12:55:59.368854
0.828994793752503,0.5076562339332703,0.951451800232288,0.020854904614949064,0.8639527525838431,0.2464961403037487,0.9055936325447712,-0.0031751789579270717,-0.003351389529764992,0.00599125591881311,0.017130857648098963,0.0,2026-03-11 12:55:59.415002
0.8288288288288288,0.5076099580871585,0.951451800232288,0.020733087297028555,0.863770560944749,0.2463174551477518,0.9054935337680999,-0.0031915538942955957,-0.003368673213936413,0.00599125591881311,0.01694139194139188,0.0,2026-03-11 12:55:59.442157
0.8288630904723779,0.5076155953607033,0.9514630747793776,0.020748779025091316,0.8637992831541219,0.24631891455406088,0.9055144214830368,-0.003164985747766136,-0.003340536957242124,0.005959929651053519,0.01694139194139188,0.0,2026-03-11 12:55:59.469268
0.8288973384030418,0.5076212300165218,0.9514743440910146,0.02076446397011562,0.8638279932546374,0.24632037327403875,0.9055352999668544,-0.0031384444377483556,-0.003312430696557511,0.005928640944765973,0.01694139194139188,0.0,2026-03-11 12:55:59.496548
0.8289315726290516,0.5076268620564369,0.9514856081708449,0.020780142136501818,0.8638566912539515,0.24632183130816965,0.9055561692256711,-0.0031548085226017486,-0.0033297019588227617,0.005946152169173713,0.01694139194139188,0.0,2026-03-11 12:55:59.514805
0.8287657531506302,0.5075807201490983,0.9514856081708449,0.02065862439093652,0.8636746734091867,0.24614353100879538,0.9054561519770267,-0.003128294008454713,-0.003301625162892341,0.005946152169173713,0.01711547238703781,0.0,2026-03-11 12:55:59.545962
